time,pos_x,pos_y,pos_z,rot_x,rot_y,rot_z
36.48,4.3265,-1.1561,-2,0,0,40
36.5,4.3265,-1.1561,-2,0,0,40
36.52,4.3265,-1.1561,-2,0,0,40
36.54,4.3265,-1.1561,-2,0,0,40
36.56,4.3265,-1.1561,-2,0,0,40
36.58,4.3265,-1.1561,-2,0,0,40
36.6,4.3265,-1.1561,-2,0,0,40
36.62,4.3265,-1.1561,-2,0,0,40
36.64,4.3265,-1.1561,-2,0,0,40
36.66,4.3265,-1.1561,-2,0,0,40
36.68,4.3265,-1.1561,-2,0,0,40
36.7,4.3265,-1.1561,-2,0,0,40
36.72,4.3265,-1.1561,-2,0,0,40
36.74,4.3265,-1.1561,-2,0,0,40
36.76,4.3265,-1.1561,-2,0,0,40
36.78,4.3265,-1.1561,-2,0,0,40
36.8,4.3265,-1.1561,-2,0,0,40
36.82,4.3265,-1.1561,-2,0,0,40
36.84,4.3265,-1.1561,-2,0,0,40
36.86,4.3265,-1.1561,-2,0,0,40
36.88,4.3265,-1.1561,-2,0,0,40
36.9,4.3265,-1.1561,-2,0,0,40
36.92,4.3265,-1.1561,-2,0,0,40
36.94,4.3265,-1.1561,-2,0,0,40
36.96,4.3265,-1.1561,-2,0,0,40
36.98,4.3265,-1.1561,-2,0,0,40
37,4.3265,-1.1561,-2,0,0,40
37.02,4.3265,-1.1561,-2,0,0,40
37.04,4.3265,-1.1561,-2,0,0,40
37.06,4.3265,-1.1561,-2,0,0,40
37.08,4.3265,-1.1561,-2,0,0,40
37.1,4.3265,-1.1561,-2,0,0,40
37.12,4.3265,-1.1561,-2,0,0,40
37.14,4.3265,-1.1561,-2,0,0,40
37.16,4.3265,-1.1561,-2,0,0,40
37.18,4.3265,-1.1561,-2,0,0,40
37.2,4.3265,-1.1561,-2,0,0,40
37.22,4.3265,-1.1561,-2,0,0,40
37.24,4.3265,-1.1561,-2,0,0,40
37.26,4.3265,-1.1561,-2,0,0,40
37.28,4.3265,-1.1561,-2,0,0,40
37.3,4.3265,-1.1561,-2,0,0,40
37.32,4.3265,-1.1561,-2,0,0,40
37.34,4.3265,-1.1561,-2,0,0,40
37.36,4.3265,-1.1561,-2,0,0,40
37.38,4.3265,-1.1561,-2,0,0,40
37.4,4.3265,-1.1561,-2,0,0,40
37.42,4.3265,-1.1561,-2,0,0,40
37.44,4.3265,-1.1561,-2,0,0,40
37.46,4.3265,-1.1561,-2,0,0,40
37.48,4.3265,-1.1561,-2,0,0,40
37.5,4.3265,-1.1561,-2,0,0,40
37.52,4.3265,-1.1561,-2,0,0,40
37.54,4.3265,-1.1561,-2,0,0,40
37.56,4.3265,-1.1561,-2,0,0,40
37.58,4.3265,-1.1561,-2,0,0,40
37.6,4.3265,-1.1561,-2,0,0,40
37.62,4.3265,-1.1561,-2,0,0,40
37.64,4.3265,-1.1561,-2,0,0,40
37.66,4.3265,-1.1561,-2,0,0,40
37.68,4.3265,-1.1561,-2,0,0,40
37.7,4.3265,-1.1561,-2,0,0,40
37.72,4.3265,-1.1561,-2,0,0,40
37.74,4.3265,-1.1561,-2,0,0,40
37.76,4.3265,-1.1561,-2,0,0,40
37.78,4.3265,-1.1561,-2,0,0,40
37.8,4.3265,-1.1561,-2,0,0,40
37.82,4.3265,-1.1561,-2,0,0,40
37.84,4.3265,-1.1561,-2,0,0,40
37.86,4.3265,-1.1561,-2,0,0,40
37.88,4.3265,-1.1561,-2,0,0,40
37.9,4.3265,-1.1561,-2,0,0,40
37.92,4.3265,-1.1561,-2,0,0,40
37.94,4.3265,-1.1561,-2,0,0,40
37.96,4.3265,-1.1561,-2,0,0,40
37.98,4.3265,-1.1561,-2,0,0,40
38,4.3265,-1.1561,-2,0,0,40
38.02,4.3265,-1.1561,-2,0,0,40
38.04,4.3265,-1.1561,-2,0,0,40
38.06,4.3265,-1.1561,-2,0,0,40
38.08,4.3265,-1.1561,-2,0,0,40
38.1,4.3265,-1.1561,-2,0,0,40
38.12,4.3265,-1.1561,-2,0,0,40
38.14,4.3265,-1.1561,-2,0,0,40
38.16,4.3265,-1.1561,-2,0,0,40
38.18,4.3265,-1.1561,-2,0,0,40
38.2,4.3265,-1.1561,-2,0,0,40
38.22,4.3265,-1.1561,-2,0,0,40
38.24,4.3265,-1.1561,-2,0,0,40
38.26,4.3265,-1.1561,-2,0,0,40
38.28,4.3265,-1.1561,-2,0,0,40
38.3,4.3265,-1.1561,-2,0,0,40
38.32,4.3265,-1.1561,-2,0,0,40
38.34,4.3265,-1.1561,-2,0,0,40
38.36,4.3265,-1.1561,-2,0,0,40
38.38,4.3265,-1.1561,-2,0,0,40
38.4,4.3265,-1.1561,-2,0,0,40
38.42,4.3265,-1.1561,-2,0,0,40
38.44,4.3265,-1.1561,-2,0,0,40
38.46,4.3265,-1.1561,-2,0,0,40
38.48,4.3265,-1.1561,-2,0,0,40
38.5,4.3265,-1.1561,-2,0,0,40
38.52,4.3265,-1.1561,-2,0,0,40
38.54,4.3265,-1.1561,-2,0,0,40
38.56,4.3265,-1.1561,-2,0,0,40
38.58,4.3265,-1.1561,-2,0,0,40
38.6,4.3265,-1.1561,-2,0,0,40
38.62,4.3265,-1.1561,-2,0,0,40
38.64,4.3265,-1.1561,-2,0,0,40
38.66,4.3265,-1.1561,-2,0,0,40
38.68,4.3265,-1.1561,-2,0,0,40
38.7,4.3265,-1.1561,-2,0,0,40
38.72,4.3265,-1.1561,-2,0,0,40
38.74,4.3265,-1.1561,-2,0,0,40
38.76,4.3265,-1.1561,-2,0,0,40
38.78,4.3265,-1.1561,-2,0,0,40
38.8,4.3265,-1.1561,-2,0,0,40
38.82,4.3265,-1.1561,-2,0,0,40
38.84,4.3265,-1.1561,-2,0,0,40
38.86,4.3265,-1.1561,-2,0,0,40
38.88,4.3265,-1.1561,-2,0,0,40
38.9,4.3265,-1.1561,-2,0,0,40
38.92,4.3265,-1.1561,-2,0,0,40
38.94,4.3265,-1.1561,-2,0,0,40
38.96,4.3265,-1.1561,-2,0,0,40
38.98,4.3265,-1.1561,-2,0,0,40
39,4.3265,-1.1561,-2,0,0,40
39.02,4.3265,-1.1561,-2,0,0,40
39.04,4.3265,-1.1561,-2,0,0,40
39.06,4.3265,-1.1561,-2,0,0,40
39.08,4.3265,-1.1561,-2,0,0,40
39.1,4.3265,-1.1561,-2,0,0,40
39.12,4.3265,-1.1561,-2,0,0,40
39.14,4.3265,-1.1561,-2,0,0,40
39.16,4.3265,-1.1561,-2,0,0,40
39.18,4.3265,-1.1561,-2,0,0,40
39.2,4.3265,-1.1561,-2,0,0,40
39.22,4.3265,-1.1561,-2,0,0,40
39.24,4.3265,-1.1561,-2,0,0,40
39.26,4.3265,-1.1561,-2,0,0,40
39.28,4.3265,-1.1561,-2,0,0,40
39.3,4.3265,-1.1561,-2,0,0,40
39.32,4.3265,-1.1561,-2,0,0,40
39.34,4.3265,-1.1561,-2,0,0,40
39.36,4.3265,-1.1561,-2,0,0,40
39.38,4.3265,-1.1561,-2,0,0,40
39.4,4.3265,-1.1561,-2,0,0,40
39.42,4.3265,-1.1561,-2,0,0,40
39.44,4.3265,-1.1561,-2,0,0,40
39.46,4.3265,-1.1561,-2,0,0,40
39.48,4.3265,-1.1561,-2,0,0,40
39.5,4.3265,-1.1561,-2,0,0,40
39.52,4.3265,-1.1561,-2,0,0,40
39.54,4.3265,-1.1561,-2,0,0,40
39.56,4.3265,-1.1561,-2,0,0,40
39.58,4.3265,-1.1561,-2,0,0,40
39.6,4.3265,-1.1561,-2,0,0,40
39.62,4.3265,-1.1561,-2,0,0,40
39.64,4.3265,-1.1561,-2,0,0,40
39.66,4.3265,-1.1561,-2,0,0,40
39.68,4.3265,-1.1561,-2,0,0,40
39.7,4.3265,-1.1561,-2,0,0,40
39.72,4.3265,-1.1561,-2,0,0,40
39.74,4.3265,-1.1561,-2,0,0,40
39.76,4.3265,-1.1561,-2,0,0,40
39.78,4.3265,-1.1561,-2,0,0,40
39.8,4.3265,-1.1561,-2,0,0,40
39.82,4.3265,-1.1561,-2,0,0,40
39.84,4.3265,-1.1561,-2,0,0,40
39.86,4.3265,-1.1561,-2,0,0,40
39.88,4.3265,-1.1561,-2,0,0,40
39.9,4.3265,-1.1561,-2,0,0,40
39.92,4.3265,-1.1561,-2,0,0,40
39.94,4.3265,-1.1561,-2,0,0,40
39.96,4.3265,-1.1561,-2,0,0,40
39.98,4.3265,-1.1561,-2,0,0,40
40,4.3265,-1.1561,-2,0,0,40
40.02,4.3265,-1.1561,-2,0,0,40
40.04,4.3265,-1.1561,-2,0,0,40
40.06,4.3265,-1.1561,-2,0,0,40
40.08,4.3265,-1.1561,-2,0,0,40
40.1,4.3265,-1.1561,-2,0,0,40
40.12,4.3265,-1.1561,-2,0,0,40
40.14,4.3265,-1.1561,-2,0,0,40
40.16,4.3265,-1.1561,-2,0,0,40
40.18,4.3265,-1.1561,-2,0,0,40
40.2,4.3265,-1.1561,-2,0,0,40
40.22,4.3265,-1.1561,-2,0,0,40
40.24,4.3265,-1.1561,-2,0,0,40
40.26,4.3265,-1.1561,-2,0,0,40
40.28,4.3265,-1.1561,-2,0,0,40
40.3,4.3265,-1.1561,-2,0,0,40
40.32,4.3265,-1.1561,-2,0,0,40
40.34,4.3265,-1.1561,-2,0,0,40
40.36,4.3265,-1.1561,-2,0,0,40
40.38,4.3265,-1.1561,-2,0,0,40
40.4,4.3265,-1.1561,-2,0,0,40
40.42,4.3265,-1.1561,-2,0,0,40
40.44,4.3265,-1.1561,-2,0,0,40
40.46,4.3265,-1.1561,-2,0,0,40
40.48,4.3265,-1.1561,-2,0,0,40
40.5,4.3265,-1.1561,-2,0,0,40
40.52,4.3265,-1.1561,-2,0,0,40
40.54,4.3265,-1.1561,-2,0,0,40
40.56,4.3265,-1.1561,-2,0,0,40
40.58,4.3265,-1.1561,-2,0,0,40
40.6,4.3265,-1.1561,-2,0,0,40
40.62,4.3265,-1.1561,-2,0,0,40
40.64,4.3265,-1.1561,-2,0,0,40
40.66,4.3265,-1.1561,-2,0,0,40
40.68,4.3265,-1.1561,-2,0,0,40
40.7,4.3265,-1.1561,-2,0,0,40
40.72,4.3265,-1.1561,-2,0,0,40
40.74,4.3265,-1.1561,-2,0,0,40
40.76,4.3265,-1.1561,-2,0,0,40
40.78,4.3265,-1.1561,-2,0,0,40
40.8,4.3265,-1.1561,-2,0,0,40
40.82,4.3265,-1.1561,-2,0,0,40
40.84,4.3265,-1.1561,-2,0,0,40
40.86,4.3265,-1.1561,-2,0,0,40
40.88,4.3265,-1.1561,-2,0,0,40
40.9,4.3265,-1.1561,-2,0,0,40
40.92,4.3265,-1.1561,-2,0,0,40
40.94,4.3265,-1.1561,-2,0,0,40
40.96,4.3265,-1.1561,-2,0,0,40
40.98,4.3265,-1.1561,-2,0,0,40
41,4.3265,-1.1561,-2,0,0,40
41.02,4.3265,-1.1561,-2,0,0,40
41.04,4.3265,-1.1561,-2,0,0,40
41.06,4.3265,-1.1561,-2,0,0,40
41.08,4.3265,-1.1561,-2,0,0,40
41.1,4.3265,-1.1561,-2,0,0,40
41.12,4.3265,-1.1561,-2,0,0,40
41.14,4.3265,-1.1561,-2,0,0,40
41.16,4.3265,-1.1561,-2,0,0,40
41.18,4.3265,-1.1561,-2,0,0,40
41.2,4.3265,-1.1561,-2,0,0,40
41.22,4.3265,-1.1561,-2,0,0,40
41.24,4.3265,-1.1561,-2,0,0,40
41.26,4.3265,-1.1561,-2,0,0,40
41.28,4.3265,-1.1561,-2,0,0,40
41.3,4.3265,-1.1561,-2,0,0,40
41.32,4.3265,-1.1561,-2,0,0,40
41.34,4.3265,-1.1561,-2,0,0,40
41.36,4.3265,-1.1561,-2,0,0,40
41.38,4.3265,-1.1561,-2,0,0,40
41.4,4.3265,-1.1561,-2,0,0,40
41.42,4.3265,-1.1561,-2,0,0,40
41.44,4.3265,-1.1561,-2,0,0,40
41.46,4.3265,-1.1561,-2,0,0,40
41.48,4.3265,-1.1561,-2,0,0,40
41.5,4.3265,-1.1561,-2,0,0,40
41.52,4.3265,-1.1561,-2,0,0,40
41.54,4.3265,-1.1561,-2,0,0,40
41.56,4.3265,-1.1561,-2,0,0,40
41.58,4.3265,-1.1561,-2,0,0,40
41.6,4.3265,-1.1561,-2,0,0,40
41.62,4.3265,-1.1561,-2,0,0,40
41.64,4.3265,-1.1561,-2,0,0,40
41.66,4.3265,-1.1561,-2,0,0,40
41.68,4.3265,-1.1561,-2,0,0,40
41.7,4.3265,-1.1561,-2,0,0,40
41.72,4.3265,-1.1561,-2,0,0,40
41.74,4.3265,-1.1561,-2,0,0,40
41.76,4.3265,-1.1561,-2,0,0,40
41.78,4.3265,-1.1561,-2,0,0,40
41.8,4.3265,-1.1561,-2,0,0,40
41.82,4.3265,-1.1561,-2,0,0,40
41.84,4.3265,-1.1561,-2,0,0,40
41.86,4.3265,-1.1561,-2,0,0,40
41.88,4.3265,-1.1561,-2,0,0,40
41.9,4.3265,-1.1561,-2,0,0,40
41.92,4.3265,-1.1561,-2,0,0,40
41.94,4.3265,-1.1561,-2,0,0,40
41.96,4.3265,-1.1561,-2,0,0,40
41.98,4.3265,-1.1561,-2,0,0,40
42,4.3265,-1.1561,-2,0,0,40
42.02,4.3265,-1.1561,-2,0,0,40
42.04,4.3265,-1.1561,-2,0,0,40
42.06,4.3265,-1.1561,-2,0,0,40
42.08,4.3265,-1.1561,-2,0,0,40
42.1,4.3265,-1.1561,-2,0,0,40
42.12,4.3265,-1.1561,-2,0,0,40
42.14,4.3265,-1.1561,-2,0,0,40
42.16,4.3265,-1.1561,-2,0,0,40
42.18,4.3265,-1.1561,-2,0,0,40
42.2,4.3265,-1.1561,-2,0,0,40
42.22,4.3265,-1.1561,-2,0,0,40
42.24,4.3265,-1.1561,-2,0,0,40
42.26,4.3265,-1.1561,-2,0,0,40
42.28,4.3265,-1.1561,-2,0,0,40
42.3,4.3265,-1.1561,-2,0,0,40
42.32,4.3265,-1.1561,-2,0,0,40
42.34,4.3265,-1.1561,-2,0,0,40
42.36,4.3265,-1.1561,-2,0,0,40
42.38,4.3265,-1.1561,-2,0,0,40
42.4,4.3265,-1.1561,-2,0,0,40
42.42,4.3265,-1.1561,-2,0,0,40
42.44,4.3265,-1.1561,-2,0,0,40
42.46,4.3265,-1.1561,-2,0,0,40
42.48,4.3265,-1.1561,-2,0,0,40
42.5,4.3265,-1.1561,-2,0,0,40
42.52,4.3265,-1.1561,-2,0,0,40
42.54,4.3265,-1.1561,-2,0,0,40
42.56,4.3265,-1.1561,-2,0,0,40
42.58,4.3265,-1.1561,-2,0,0,40
42.6,4.3265,-1.1561,-2,0,0,40
42.62,4.3265,-1.1561,-2,0,0,40
42.64,4.3265,-1.1561,-2,0,0,40
42.66,4.3265,-1.1561,-2,0,0,40
42.68,4.3265,-1.1561,-2,0,0,40
42.7,4.3265,-1.1561,-2,0,0,40
42.72,4.3265,-1.1561,-2,0,0,40
42.74,4.3265,-1.1561,-2,0,0,40
42.76,4.3265,-1.1561,-2,0,0,40
42.78,4.3265,-1.1561,-2,0,0,40
42.8,4.3265,-1.1561,-2,0,0,40
42.82,4.3265,-1.1561,-2,0,0,40
42.84,4.3265,-1.1561,-2,0,0,40
42.86,4.3265,-1.1561,-2,0,0,40
42.88,4.3265,-1.1561,-2,0,0,40
42.9,4.3265,-1.1561,-2,0,0,40
42.92,4.3265,-1.1561,-2,0,0,40
42.94,4.3265,-1.1561,-2,0,0,40
42.96,4.3265,-1.1561,-2,0,0,40
42.98,4.3265,-1.1561,-2,0,0,40
43,4.3265,-1.1561,-2,0,0,40
43.02,4.3265,-1.1561,-2,0,0,40
43.04,4.3265,-1.1561,-2,0,0,40
43.06,4.3265,-1.1561,-2,0,0,40
43.08,4.3265,-1.1561,-2,0,0,40
43.1,4.3265,-1.1561,-2,0,0,40
43.12,4.3265,-1.1561,-2,0,0,40
43.14,4.3265,-1.1561,-2,0,0,40
43.16,4.3265,-1.1561,-2,0,0,40
43.18,4.3265,-1.1561,-2,0,0,40
43.2,4.3265,-1.1561,-2,0,0,40
43.22,4.3265,-1.1561,-2,0,0,40
43.24,4.3265,-1.1561,-2,0,0,40
43.26,4.3265,-1.1561,-2,0,0,40
43.28,4.3265,-1.1561,-2,0,0,40
43.3,4.3265,-1.1561,-2,0,0,40
43.32,4.3265,-1.1561,-2,0,0,40
43.34,4.3265,-1.1561,-2,0,0,40
43.36,4.3265,-1.1561,-2,0,0,40
43.38,4.3265,-1.1561,-2,0,0,40
43.4,4.3265,-1.1561,-2,0,0,40
43.42,4.3265,-1.1561,-2,0,0,40
43.44,4.3265,-1.1561,-2,0,0,40
43.46,4.3265,-1.1561,-2,0,0,40
43.48,4.3265,-1.1561,-2,0,0,40
43.5,4.3265,-1.1561,-2,0,0,40
43.52,4.3265,-1.1561,-2,0,0,40
43.54,4.3265,-1.1561,-2,0,0,40
43.56,4.3265,-1.1561,-2,0,0,40
43.58,4.3265,-1.1561,-2,0,0,40
43.6,4.3265,-1.1561,-2,0,0,40
43.62,4.3265,-1.1561,-2,0,0,40
43.64,4.3265,-1.1561,-2,0,0,40
43.66,4.3265,-1.1561,-2,0,0,40
43.68,4.3265,-1.1561,-2,0,0,40
43.7,4.3265,-1.1561,-2,0,0,40
43.72,4.3265,-1.1561,-2,0,0,40
43.74,4.3265,-1.1561,-2,0,0,40
43.76,4.3265,-1.1561,-2,0,0,40
43.78,4.3265,-1.1561,-2,0,0,40
43.8,4.3265,-1.1561,-2,0,0,40
43.82,4.3265,-1.1561,-2,0,0,40
43.84,4.3265,-1.1561,-2,0,0,40
43.86,4.3265,-1.1561,-2,0,0,40
43.88,4.3265,-1.1561,-2,0,0,40
43.9,4.3265,-1.1561,-2,0,0,40
43.92,4.3265,-1.1561,-2,0,0,40
43.94,4.3265,-1.1561,-2,0,0,40
43.96,4.3265,-1.1561,-2,0,0,40
43.98,4.3265,-1.1561,-2,0,0,40
44,4.3265,-1.1561,-2,0,0,40
44.02,4.3265,-1.1561,-2,0,0,40
44.04,4.3265,-1.1561,-2,0,0,40
44.06,4.3265,-1.1561,-2,0,0,40
44.08,4.3265,-1.1561,-2,0,0,40
44.1,4.3265,-1.1561,-2,0,0,40
44.12,4.3265,-1.1561,-2,0,0,40
44.14,4.3265,-1.1561,-2,0,0,40
44.16,4.3265,-1.1561,-2,0,0,40
44.18,4.3265,-1.1561,-2,0,0,40
44.2,4.3265,-1.1561,-2,0,0,40
44.22,4.3265,-1.1561,-2,0,0,40
44.24,4.3265,-1.1561,-2,0,0,40
44.26,4.3265,-1.1561,-2,0,0,40
44.28,4.3265,-1.1561,-2,0,0,40
44.3,4.3265,-1.1561,-2,0,0,40
44.32,4.3265,-1.1561,-2,0,0,40
44.34,4.3265,-1.1561,-2,0,0,40
44.36,4.3265,-1.1561,-2,0,0,40
44.38,4.3265,-1.1561,-2,0,0,40
44.4,4.3265,-1.1561,-2,0,0,40
44.42,4.3265,-1.1561,-2,0,0,40
44.44,4.3265,-1.1561,-2,0,0,40
44.46,4.3265,-1.1561,-2,0,0,40
44.48,4.3265,-1.1561,-2,0,0,40
44.5,4.3265,-1.1561,-2,0,0,40
44.52,4.3265,-1.1561,-2,0,0,40
44.54,4.3265,-1.1561,-2,0,0,40
44.56,4.3265,-1.1561,-2,0,0,40
44.58,4.3265,-1.1561,-2,0,0,40
44.6,4.3265,-1.1561,-2,0,0,40
44.62,4.3265,-1.1561,-2,0,0,40
44.64,4.3265,-1.1561,-2,0,0,40
44.66,4.3265,-1.1561,-2,0,0,40
44.68,4.3265,-1.1561,-2,0,0,40
44.7,4.3265,-1.1561,-2,0,0,40
44.72,4.3265,-1.1561,-2,0,0,40
44.74,4.3265,-1.1561,-2,0,0,40
44.76,4.3265,-1.1561,-2,0,0,40
44.78,4.3265,-1.1561,-2,0,0,40
44.8,4.3265,-1.1561,-2,0,0,40
44.82,4.3265,-1.1561,-2,0,0,40
44.84,4.3265,-1.1561,-2,0,0,40
44.86,4.3265,-1.1561,-2,0,0,40
44.88,4.3265,-1.1561,-2,0,0,40
44.9,4.3265,-1.1561,-2,0,0,40
44.92,4.3265,-1.1561,-2,0,0,40
44.94,4.3265,-1.1561,-2,0,0,40
44.96,4.3265,-1.1561,-2,0,0,40
44.98,4.3265,-1.1561,-2,0,0,40
45,4.3265,-1.1561,-2,0,0,40
45.02,4.3265,-1.1561,-2,0,0,40
45.04,4.3265,-1.1561,-2,0,0,40
45.06,4.3265,-1.1561,-2,0,0,40
45.08,4.3265,-1.1561,-2,0,0,40
45.1,4.3265,-1.1561,-2,0,0,40
45.12,4.3265,-1.1561,-2,0,0,40
45.14,4.3265,-1.1561,-2,0,0,40
45.16,4.3265,-1.1561,-2,0,0,40
45.18,4.3265,-1.1561,-2,0,0,40
45.2,4.3265,-1.1561,-2,0,0,40
45.22,4.3265,-1.1561,-2,0,0,40
45.24,4.3265,-1.1561,-2,0,0,40
45.26,4.3265,-1.1561,-2,0,0,40
45.28,4.3265,-1.1561,-2,0,0,40
45.3,4.3265,-1.1561,-2,0,0,40
45.32,4.3265,-1.1561,-2,0,0,40
45.34,4.3265,-1.1561,-2,0,0,40
45.36,4.3265,-1.1561,-2,0,0,40
45.38,4.3265,-1.1561,-2,0,0,40
45.4,4.3265,-1.1561,-2,0,0,40
45.42,4.3265,-1.1561,-2,0,0,40
45.44,4.3265,-1.1561,-2,0,0,40
45.46,4.3265,-1.1561,-2,0,0,40
45.48,4.3265,-1.1561,-2,0,0,40
45.5,4.3265,-1.1561,-2,0,0,40
45.52,4.3265,-1.1561,-2,0,0,40
45.54,4.3265,-1.1561,-2,0,0,40
45.56,4.3265,-1.1561,-2,0,0,40
45.58,4.3265,-1.1561,-2,0,0,40
45.6,4.3265,-1.1561,-2,0,0,40
45.62,4.3265,-1.1561,-2,0,0,40
45.64,4.3265,-1.1561,-2,0,0,40
45.66,4.3265,-1.1561,-2,0,0,40
45.68,4.3265,-1.1561,-2,0,0,40
45.7,4.3265,-1.1561,-2,0,0,40
45.72,4.3265,-1.1561,-2,0,0,40
45.74,4.3265,-1.1561,-2,0,0,40
45.76,4.3265,-1.1561,-2,0,0,40
45.78,4.3265,-1.1561,-2,0,0,40
45.8,4.3265,-1.1561,-2,0,0,40
45.82,4.3265,-1.1561,-2,0,0,40
45.84,4.3265,-1.1561,-2,0,0,40
45.86,4.3265,-1.1561,-2,0,0,40
45.88,4.3265,-1.1561,-2,0,0,40
45.9,4.3265,-1.1561,-2,0,0,40
45.92,4.3265,-1.1561,-2,0,0,40
45.94,4.3265,-1.1561,-2,0,0,40
45.96,4.3265,-1.1561,-2,0,0,40
45.98,4.3265,-1.1561,-2,0,0,40
46,4.3265,-1.1561,-2,0,0,40
46.02,4.3265,-1.1561,-2,0,0,40
46.04,4.3265,-1.1561,-2,0,0,40
46.06,4.3265,-1.1561,-2,0,0,40
46.08,4.3265,-1.1561,-2,0,0,40
46.1,4.3265,-1.1561,-2,0,0,40
46.12,4.3265,-1.1561,-2,0,0,40
46.14,4.3265,-1.1561,-2,0,0,40
46.16,4.3265,-1.1561,-2,0,0,40
46.18,4.3265,-1.1561,-2,0,0,40
46.2,4.3265,-1.1561,-2,0,0,40
46.22,4.3265,-1.1561,-2,0,0,40
46.24,4.3265,-1.1561,-2,0,0,40
46.26,4.3265,-1.1561,-2,0,0,40
46.28,4.3265,-1.1561,-2,0,0,40
46.3,4.3265,-1.1561,-2,0,0,40
46.32,4.3265,-1.1561,-2,0,0,40
46.34,4.3265,-1.1561,-2,0,0,40
46.36,4.3265,-1.1561,-2,0,0,40
46.38,4.3265,-1.1561,-2,0,0,40
46.4,4.3265,-1.1561,-2,0,0,40
46.42,4.3265,-1.1561,-2,0,0,40
46.44,4.3265,-1.1561,-2,0,0,40
46.46,4.3265,-1.1561,-2,0,0,40
46.48,4.3265,-1.1561,-2,0,0,40
46.5,4.3265,-1.1561,-2,0,0,40
46.52,4.3265,-1.1561,-2,0,0,40
46.54,4.3265,-1.1561,-2,0,0,40
46.56,4.3265,-1.1561,-2,0,0,40
46.58,4.3265,-1.1561,-2,0,0,40
46.6,4.3265,-1.1561,-2,0,0,40
46.62,4.3265,-1.1561,-2,0,0,40
46.64,4.3265,-1.1561,-2,0,0,40
46.66,4.3265,-1.1561,-2,0,0,40
46.68,4.3265,-1.1561,-2,0,0,40
46.7,4.3265,-1.1561,-2,0,0,40
46.72,4.3265,-1.1561,-2,0,0,40
46.74,4.3265,-1.1561,-2,0,0,40
46.76,4.3265,-1.1561,-2,0,0,40
46.78,4.3265,-1.1561,-2,0,0,40
46.8,4.3265,-1.1561,-2,0,0,40
46.82,4.3265,-1.1561,-2,0,0,40
46.84,4.3265,-1.1561,-2,0,0,40
46.86,4.3265,-1.1561,-2,0,0,40
46.88,4.3265,-1.1561,-2,0,0,40
46.9,4.3265,-1.1561,-2,0,0,40
46.92,4.3265,-1.1561,-2,0,0,40
46.94,4.3265,-1.1561,-2,0,0,40
46.96,4.3265,-1.1561,-2,0,0,40
46.98,4.3265,-1.1561,-2,0,0,40
47,4.3265,-1.1561,-2,0,0,40
47.02,4.3265,-1.1561,-2,0,0,40
47.04,4.3265,-1.1561,-2,0,0,40
47.06,4.3265,-1.1561,-2,0,0,40
47.08,4.3265,-1.1561,-2,0,0,40
47.1,4.3265,-1.1561,-2,0,0,40
47.12,4.3265,-1.1561,-2,0,0,40
47.14,4.3265,-1.1561,-2,0,0,40
47.16,4.3265,-1.1561,-2,0,0,40
47.18,4.3265,-1.1561,-2,0,0,40
47.2,4.3265,-1.1561,-2,0,0,40
47.22,4.3265,-1.1561,-2,0,0,40
47.24,4.3265,-1.1561,-2,0,0,40
47.26,4.3265,-1.1561,-2,0,0,40
47.28,4.3265,-1.1561,-2,0,0,40
47.3,4.3265,-1.1561,-2,0,0,40
47.32,4.3265,-1.1561,-2,0,0,40
47.34,4.3265,-1.1561,-2,0,0,40
47.36,4.3265,-1.1561,-2,0,0,40
47.38,4.3265,-1.1561,-2,0,0,40
47.4,4.3265,-1.1561,-2,0,0,40
47.42,4.3265,-1.1561,-2,0,0,40
47.44,4.3265,-1.1561,-2,0,0,40
47.46,4.3265,-1.1561,-2,0,0,40
47.48,4.3265,-1.1561,-2,0,0,40
47.5,4.3265,-1.1561,-2,0,0,40
47.52,4.3265,-1.1561,-2,0,0,40
47.54,4.3265,-1.1561,-2,0,0,40
47.56,4.3265,-1.1561,-2,0,0,40
47.58,4.3265,-1.1561,-2,0,0,40
47.6,4.3265,-1.1561,-2,0,0,40
47.62,4.3265,-1.1561,-2,0,0,40
47.64,4.3265,-1.1561,-2,0,0,40
47.66,4.3265,-1.1561,-2,0,0,40
47.68,4.3265,-1.1561,-2,0,0,40
47.7,4.3265,-1.1561,-2,0,0,40
47.72,4.3265,-1.1561,-2,0,0,40
47.74,4.3265,-1.1561,-2,0,0,40
47.76,4.3265,-1.1561,-2,0,0,40
47.78,4.3265,-1.1561,-2,0,0,40
47.8,4.3265,-1.1561,-2,0,0,40
47.82,4.3265,-1.1561,-2,0,0,40
47.84,4.3265,-1.1561,-2,0,0,40
47.86,4.3265,-1.1561,-2,0,0,40
47.88,4.3265,-1.1561,-2,0,0,40
47.9,4.3265,-1.1561,-2,0,0,40
47.92,4.3265,-1.1561,-2,0,0,40
47.94,4.3265,-1.1561,-2,0,0,40
47.96,4.3265,-1.1561,-2,0,0,40
47.98,4.3265,-1.1561,-2,0,0,40
48,4.3265,-1.1561,-2,0,0,40
48.02,4.3265,-1.1561,-2,0,0,40
48.04,4.3265,-1.1561,-2,0,0,40
48.06,4.3265,-1.1561,-2,0,0,40
48.08,4.3265,-1.1561,-2,0,0,40
48.1,4.3265,-1.1561,-2,0,0,40
48.12,4.3265,-1.1561,-2,0,0,40
48.14,4.3265,-1.1561,-2,0,0,40
48.16,4.3265,-1.1561,-2,0,0,40
48.18,4.3265,-1.1561,-2,0,0,40
48.2,4.3265,-1.1561,-2,0,0,40
48.22,4.3265,-1.1561,-2,0,0,40
48.24,4.3265,-1.1561,-2,0,0,40
48.26,4.3265,-1.1561,-2,0,0,40
48.28,4.3265,-1.1561,-2,0,0,40
48.3,4.3265,-1.1561,-2,0,0,40
48.32,4.3265,-1.1561,-2,0,0,40
48.34,4.3265,-1.1561,-2,0,0,40
48.36,4.3265,-1.1561,-2,0,0,40
48.38,4.3265,-1.1561,-2,0,0,40
48.4,4.3265,-1.1561,-2,0,0,40
48.42,4.3265,-1.1561,-2,0,0,40
48.44,4.3265,-1.1561,-2,0,0,40
48.46,4.3265,-1.1561,-2,0,0,40
48.48,4.3265,-1.1561,-2,0,0,40
48.5,4.3265,-1.1561,-2,0,0,40
48.52,4.3265,-1.1561,-2,0,0,40
48.54,4.3265,-1.1561,-2,0,0,40
48.56,4.3265,-1.1561,-2,0,0,40
48.58,4.3265,-1.1561,-2,0,0,40
48.6,4.3265,-1.1561,-2,0,0,40
48.62,4.3265,-1.1561,-2,0,0,40
48.64,4.3265,-1.1561,-2,0,0,40
48.66,4.3265,-1.1561,-2,0,0,40
48.68,4.3265,-1.1561,-2,0,0,40
48.7,4.3265,-1.1561,-2,0,0,40
48.72,4.3265,-1.1561,-2,0,0,40
48.74,4.3265,-1.1561,-2,0,0,40
48.76,4.3265,-1.1561,-2,0,0,40
48.78,4.3265,-1.1561,-2,0,0,40
48.8,4.3265,-1.1561,-2,0,0,40
48.82,4.3265,-1.1561,-2,0,0,40
48.84,4.3265,-1.1561,-2,0,0,40
48.86,4.3265,-1.1561,-2,0,0,40
48.88,4.3265,-1.1561,-2,0,0,40
48.9,4.3265,-1.1561,-2,0,0,40
48.92,4.3265,-1.1561,-2,0,0,40
48.94,4.3265,-1.1561,-2,0,0,40
48.96,4.3265,-1.1561,-2,0,0,40
48.98,4.3265,-1.1561,-2,0,0,40
49,4.3265,-1.1561,-2,0,0,40
49.02,4.3265,-1.1561,-2,0,0,40
49.04,4.3265,-1.1561,-2,0,0,40
49.06,4.3265,-1.1561,-2,0,0,40
49.08,4.3265,-1.1561,-2,0,0,40
49.1,4.3265,-1.1561,-2,0,0,40
49.12,4.3265,-1.1561,-2,0,0,40
49.14,4.3265,-1.1561,-2,0,0,40
49.16,4.3265,-1.1561,-2,0,0,40
49.18,4.3265,-1.1561,-2,0,0,40
49.2,4.3265,-1.1561,-2,0,0,40
49.22,4.3265,-1.1561,-2,0,0,40
49.24,4.3265,-1.1561,-2,0,0,40
49.26,4.3265,-1.1561,-2,0,0,40
49.28,4.3265,-1.1561,-2,0,0,40
49.3,4.3265,-1.1561,-2,0,0,40
49.32,4.3265,-1.1561,-2,0,0,40
49.34,4.3265,-1.1561,-2,0,0,40
49.36,4.3265,-1.1561,-2,0,0,40
49.38,4.3265,-1.1561,-2,0,0,40
49.4,4.3265,-1.1561,-2,0,0,40
49.42,4.3265,-1.1561,-2,0,0,40
49.44,4.3265,-1.1561,-2,0,0,40
49.46,4.3265,-1.1561,-2,0,0,40
49.48,4.3265,-1.1561,-2,0,0,40
49.5,4.3265,-1.1561,-2,0,0,40
49.52,4.3265,-1.1561,-2,0,0,40
49.54,4.3265,-1.1561,-2,0,0,40
49.56,4.3265,-1.1561,-2,0,0,40
49.58,4.3265,-1.1561,-2,0,0,40
49.6,4.3265,-1.1561,-2,0,0,40
49.62,4.3265,-1.1561,-2,0,0,40
49.64,4.3265,-1.1561,-2,0,0,40
49.66,4.3265,-1.1561,-2,0,0,40
49.68,4.3265,-1.1561,-2,0,0,40
49.7,4.3265,-1.1561,-2,0,0,40
49.72,4.3265,-1.1561,-2,0,0,40
49.74,4.3265,-1.1561,-2,0,0,40
49.76,4.3265,-1.1561,-2,0,0,40
49.78,4.3265,-1.1561,-2,0,0,40
49.8,4.3265,-1.1561,-2,0,0,40
49.82,4.3265,-1.1561,-2,0,0,40
49.84,4.3265,-1.1561,-2,0,0,40
49.86,4.3265,-1.1561,-2,0,0,40
49.88,4.3265,-1.1561,-2,0,0,40
49.9,4.3265,-1.1561,-2,0,0,40
49.92,4.3265,-1.1561,-2,0,0,40
49.94,4.3265,-1.1561,-2,0,0,40
49.96,4.3265,-1.1561,-2,0,0,40
49.98,4.3265,-1.1561,-2,0,0,40
50,4.3265,-1.1561,-2,0,0,40
50.02,4.3265,-1.1561,-2,0,0,40
50.04,4.3265,-1.1561,-2,0,0,40
50.06,4.3265,-1.1561,-2,0,0,40
50.08,4.3265,-1.1561,-2,0,0,40
50.1,4.3265,-1.1561,-2,0,0,40
50.12,4.3265,-1.1561,-2,0,0,40
50.14,4.3265,-1.1561,-2,0,0,40
50.16,4.3265,-1.1561,-2,0,0,40
50.18,4.3265,-1.1561,-2,0,0,40
50.2,4.3265,-1.1561,-2,0,0,40
50.22,4.3265,-1.1561,-2,0,0,40
50.24,4.3265,-1.1561,-2,0,0,40
50.26,4.3265,-1.1561,-2,0,0,40
50.28,4.3265,-1.1561,-2,0,0,40
50.3,4.3265,-1.1561,-2,0,0,40
50.32,4.3265,-1.1561,-2,0,0,40
50.34,4.3265,-1.1561,-2,0,0,40
50.36,4.3265,-1.1561,-2,0,0,40
50.38,4.3265,-1.1561,-2,0,0,40
50.4,4.3265,-1.1561,-2,0,0,40
50.42,4.3265,-1.1561,-2,0,0,40
50.44,4.3265,-1.1561,-2,0,0,40
50.46,4.3265,-1.1561,-2,0,0,40
50.48,4.3265,-1.1561,-2,0,0,40
50.5,4.3265,-1.1561,-2,0,0,40
50.52,4.3265,-1.1561,-2,0,0,40
50.54,4.3265,-1.1561,-2,0,0,40
50.56,4.3265,-1.1561,-2,0,0,40
50.58,4.3265,-1.1561,-2,0,0,40
50.6,4.3265,-1.1561,-2,0,0,40
50.62,4.3265,-1.1561,-2,0,0,40
50.64,4.3265,-1.1561,-2,0,0,40
50.66,4.3265,-1.1561,-2,0,0,40
50.68,4.3265,-1.1561,-2,0,0,40
50.7,4.3265,-1.1561,-2,0,0,40
50.72,4.3265,-1.1561,-2,0,0,40
50.74,4.3265,-1.1561,-2,0,0,40
50.76,4.3265,-1.1561,-2,0,0,40
50.78,4.3265,-1.1561,-2,0,0,40
50.8,4.3265,-1.1561,-2,0,0,40
50.82,4.3265,-1.1561,-2,0,0,40
50.84,4.3265,-1.1561,-2,0,0,40
50.86,4.3265,-1.1561,-2,0,0,40
50.88,4.3265,-1.1561,-2,0,0,40
50.9,4.3265,-1.1561,-2,0,0,40
50.92,4.3265,-1.1561,-2,0,0,40
50.94,4.3265,-1.1561,-2,0,0,40
50.96,4.3265,-1.1561,-2,0,0,40
50.98,4.3265,-1.1561,-2,0,0,40
51,4.3265,-1.1561,-2,0,0,40
51.02,4.3265,-1.1561,-2,0,0,40
51.04,4.3265,-1.1561,-2,0,0,40
51.06,4.3265,-1.1561,-2,0,0,40
51.08,4.3265,-1.1561,-2,0,0,40
51.1,4.3265,-1.1561,-2,0,0,40
51.12,4.3265,-1.1561,-2,0,0,40
51.14,4.3265,-1.1561,-2,0,0,40
51.16,4.3265,-1.1561,-2,0,0,40
51.18,4.3265,-1.1561,-2,0,0,40
51.2,4.3265,-1.1561,-2,0,0,40
51.22,4.3265,-1.1561,-2,0,0,40
51.24,4.3265,-1.1561,-2,0,0,40
51.26,4.3265,-1.1561,-2,0,0,40
51.28,4.3265,-1.1561,-2,0,0,40
51.3,4.3265,-1.1561,-2,0,0,40
51.32,4.3265,-1.1561,-2,0,0,40
51.34,4.3265,-1.1561,-2,0,0,40
51.36,4.3265,-1.1561,-2,0,0,40
51.38,4.3265,-1.1561,-2,0,0,40
51.4,4.3265,-1.1561,-2,0,0,40
51.42,4.3265,-1.1561,-2,0,0,40
51.44,4.3265,-1.1561,-2,0,0,40
51.46,4.3265,-1.1561,-2,0,0,40
51.48,4.3265,-1.1561,-2,0,0,40
51.5,4.3265,-1.1561,-2,0,0,40
51.52,4.3265,-1.1561,-2,0,0,40
51.54,4.3265,-1.1561,-2,0,0,40
51.56,4.3265,-1.1561,-2,0,0,40
51.58,4.3265,-1.1561,-2,0,0,40
51.6,4.3265,-1.1561,-2,0,0,40
51.62,4.3265,-1.1561,-2,0,0,40
51.64,4.3265,-1.1561,-2,0,0,40
51.66,4.3265,-1.1561,-2,0,0,40
51.68,4.3265,-1.1561,-2,0,0,40
51.7,4.3265,-1.1561,-2,0,0,40
51.72,4.3265,-1.1561,-2,0,0,40
51.74,4.3265,-1.1561,-2,0,0,40
51.76,4.3265,-1.1561,-2,0,0,40
51.78,4.3265,-1.1561,-2,0,0,40
51.8,4.3265,-1.1561,-2,0,0,40
51.82,4.3265,-1.1561,-2,0,0,40
51.84,4.3265,-1.1561,-2,0,0,40
51.86,4.3265,-1.1561,-2,0,0,40
51.88,4.3265,-1.1561,-2,0,0,40
51.9,4.3265,-1.1561,-2,0,0,40
51.92,4.3265,-1.1561,-2,0,0,40
51.94,4.3265,-1.1561,-2,0,0,40
51.96,4.3265,-1.1561,-2,0,0,40
51.98,4.3265,-1.1561,-2,0,0,40
52,4.3265,-1.1561,-2,0,0,40
52.02,4.3265,-1.1561,-2,0,0,40
52.04,4.3265,-1.1561,-2,0,0,40
52.06,4.3265,-1.1561,-2,0,0,40
52.08,4.3265,-1.1561,-2,0,0,40
52.1,4.3265,-1.1561,-2,0,0,40
52.12,4.3265,-1.1561,-2,0,0,40
52.14,4.3265,-1.1561,-2,0,0,40
52.16,4.3265,-1.1561,-2,0,0,40
52.18,4.3265,-1.1561,-2,0,0,40
52.2,4.3265,-1.1561,-2,0,0,40
52.22,4.3265,-1.1561,-2,0,0,40
52.24,4.3265,-1.1561,-2,0,0,40
52.26,4.3265,-1.1561,-2,0,0,40
52.28,4.3265,-1.1561,-2,0,0,40
52.3,4.3265,-1.1561,-2,0,0,40
52.32,4.3265,-1.1561,-2,0,0,40
52.34,4.3265,-1.1561,-2,0,0,40
52.36,4.3265,-1.1561,-2,0,0,40
52.38,4.3265,-1.1561,-2,0,0,40
52.4,4.3265,-1.1561,-2,0,0,40
52.42,4.3265,-1.1561,-2,0,0,40
52.44,4.3265,-1.1561,-2,0,0,40
52.46,4.3265,-1.1561,-2,0,0,40
52.48,4.3265,-1.1561,-2,0,0,40
52.5,4.3265,-1.1561,-2,0,0,40
52.52,4.3265,-1.1561,-2,0,0,40
52.54,4.3265,-1.1561,-2,0,0,40
52.56,4.3265,-1.1561,-2,0,0,40
52.58,4.3265,-1.1561,-2,0,0,40
52.6,4.3265,-1.1561,-2,0,0,40
52.62,4.3265,-1.1561,-2,0,0,40
52.64,4.3265,-1.1561,-2,0,0,40
52.66,4.3265,-1.1561,-2,0,0,40
52.68,4.3265,-1.1561,-2,0,0,40
52.7,4.3265,-1.1561,-2,0,0,40
52.72,4.3265,-1.1561,-2,0,0,40
52.74,4.3265,-1.1561,-2,0,0,40
52.76,4.3265,-1.1561,-2,0,0,40
52.78,4.3265,-1.1561,-2,0,0,40
52.8,4.3265,-1.1561,-2,0,0,40
52.82,4.3265,-1.1561,-2,0,0,40
52.84,4.3265,-1.1561,-2,0,0,40
52.86,4.3265,-1.1561,-2,0,0,40
52.88,4.3265,-1.1561,-2,0,0,40
52.9,4.3265,-1.1561,-2,0,0,40
52.92,4.3265,-1.1561,-2,0,0,40
52.94,4.3265,-1.1561,-2,0,0,40
52.96,4.3265,-1.1561,-2,0,0,40
52.98,4.3265,-1.1561,-2,0,0,40
53,4.3265,-1.1561,-2,0,0,40
53.02,4.3265,-1.1561,-2,0,0,40
53.04,4.3265,-1.1561,-2,0,0,40
53.06,4.3265,-1.1561,-2,0,0,40
53.08,4.3265,-1.1561,-2,0,0,40
53.1,4.3265,-1.1561,-2,0,0,40
53.12,4.3265,-1.1561,-2,0,0,40
53.14,4.3265,-1.1561,-2,0,0,40
53.16,4.3265,-1.1561,-2,0,0,40
53.18,4.3265,-1.1561,-2,0,0,40
53.2,4.3265,-1.1561,-2,0,0,40
53.22,4.3265,-1.1561,-2,0,0,40
53.24,4.3265,-1.1561,-2,0,0,40
53.26,4.3265,-1.1561,-2,0,0,40
53.28,4.3265,-1.1561,-2,0,0,40
53.3,4.3265,-1.1561,-2,0,0,40
53.32,4.3265,-1.1561,-2,0,0,40
53.34,4.3265,-1.1561,-2,0,0,40
53.36,4.3265,-1.1561,-2,0,0,40
53.38,4.3265,-1.1561,-2,0,0,40
53.4,4.3265,-1.1561,-2,0,0,40
53.42,4.3265,-1.1561,-2,0,0,40
53.44,4.3265,-1.1561,-2,0,0,40
53.46,4.3265,-1.1561,-2,0,0,40
53.48,4.3265,-1.1561,-2,0,0,40
53.5,4.3265,-1.1561,-2,0,0,40
53.52,4.3265,-1.1561,-2,0,0,40
53.54,4.3265,-1.1561,-2,0,0,40
53.56,4.3265,-1.1561,-2,0,0,40
53.58,4.3265,-1.1561,-2,0,0,40
53.6,4.3265,-1.1561,-2,0,0,40
53.62,4.3265,-1.1561,-2,0,0,40
53.64,4.3265,-1.1561,-2,0,0,40
53.66,4.3265,-1.1561,-2,0,0,40
53.68,4.3265,-1.1561,-2,0,0,40
53.7,4.3265,-1.1561,-2,0,0,40
53.72,4.3265,-1.1561,-2,0,0,40
53.74,4.3265,-1.1561,-2,0,0,40
53.76,4.3265,-1.1561,-2,0,0,40
53.78,4.3265,-1.1561,-2,0,0,40
53.8,4.3265,-1.1561,-2,0,0,40
53.82,4.3265,-1.1561,-2,0,0,40
53.84,4.3265,-1.1561,-2,0,0,40
53.86,4.3265,-1.1561,-2,0,0,40
53.88,4.3265,-1.1561,-2,0,0,40
53.9,4.3265,-1.1561,-2,0,0,40
53.92,4.3265,-1.1561,-2,0,0,40
53.94,4.3265,-1.1561,-2,0,0,40
53.96,4.3265,-1.1561,-2,0,0,40
53.98,4.3265,-1.1561,-2,0,0,40
54,4.3265,-1.1561,-2,0,0,40
54.02,4.3265,-1.1561,-2,0,0,40
54.04,4.3265,-1.1561,-2,0,0,40
54.06,4.3265,-1.1561,-2,0,0,40
54.08,4.3265,-1.1561,-2,0,0,40
54.1,4.3265,-1.1561,-2,0,0,40
54.12,4.3265,-1.1561,-2,0,0,40
54.14,4.3265,-1.1561,-2,0,0,40
54.16,4.3265,-1.1561,-2,0,0,40
54.18,4.3265,-1.1561,-2,0,0,40
54.2,4.3265,-1.1561,-2,0,0,40
54.22,4.3265,-1.1561,-2,0,0,40
54.24,4.3265,-1.1561,-2,0,0,40
54.26,4.3265,-1.1561,-2,0,0,40
54.28,4.3265,-1.1561,-2,0,0,40
54.3,4.3265,-1.1561,-2,0,0,40
54.32,4.3265,-1.1561,-2,0,0,40
54.34,4.3265,-1.1561,-2,0,0,40
54.36,4.3265,-1.1561,-2,0,0,40
54.38,4.3265,-1.1561,-2,0,0,40
54.4,4.3265,-1.1561,-2,0,0,40
54.42,4.3265,-1.1561,-2,0,0,40
54.44,4.3265,-1.1561,-2,0,0,40
54.46,4.3265,-1.1561,-2,0,0,40
54.48,4.3265,-1.1561,-2,0,0,40
54.5,4.3265,-1.1561,-2,0,0,40
54.52,4.3265,-1.1561,-2,0,0,40
54.54,4.3265,-1.1561,-2,0,0,40
54.56,4.3265,-1.1561,-2,0,0,40
54.58,4.3265,-1.1561,-2,0,0,40
54.6,4.3265,-1.1561,-2,0,0,40
54.62,4.3265,-1.1561,-2,0,0,40
54.64,4.3265,-1.1561,-2,0,0,40
54.66,4.3265,-1.1561,-2,0,0,40
54.68,4.3265,-1.1561,-2,0,0,40
54.7,4.3265,-1.1561,-2,0,0,40
54.72,4.3265,-1.1561,-2,0,0,40
54.74,4.3265,-1.1561,-2,0,0,40
54.76,4.3265,-1.1561,-2,0,0,40
54.78,4.3265,-1.1561,-2,0,0,40
54.8,4.3265,-1.1561,-2,0,0,40
54.82,4.3265,-1.1561,-2,0,0,40
54.84,4.3265,-1.1561,-2,0,0,40
54.86,4.3265,-1.1561,-2,0,0,40
54.88,4.3265,-1.1561,-2,0,0,40
54.9,4.3265,-1.1561,-2,0,0,40
54.92,4.3265,-1.1561,-2,0,0,40
54.94,4.3265,-1.1561,-2,0,0,40
54.96,4.3265,-1.1561,-2,0,0,40
54.98,4.3265,-1.1561,-2,0,0,40
55,4.3265,-1.1561,-2,0,0,40
55.02,4.3265,-1.1561,-2,0,0,40
55.04,4.3265,-1.1561,-2,0,0,40
55.06,4.3265,-1.1561,-2,0,0,40
55.08,4.3265,-1.1561,-2,0,0,40
55.1,4.3265,-1.1561,-2,0,0,40
55.12,4.3265,-1.1561,-2,0,0,40
55.14,4.3265,-1.1561,-2,0,0,40
55.16,4.3265,-1.1561,-2,0,0,40
55.18,4.3265,-1.1561,-2,0,0,40
55.2,4.3265,-1.1561,-2,0,0,40
55.22,4.3265,-1.1561,-2,0,0,40
55.24,4.3265,-1.1561,-2,0,0,40
55.26,4.3265,-1.1561,-2,0,0,40
55.28,4.3265,-1.1561,-2,0,0,40
55.3,4.3265,-1.1561,-2,0,0,40
55.32,4.3265,-1.1561,-2,0,0,40
55.34,4.3265,-1.1561,-2,0,0,40
55.36,4.3265,-1.1561,-2,0,0,40
55.38,4.3265,-1.1561,-2,0,0,40
55.4,4.3265,-1.1561,-2,0,0,40
55.42,4.3265,-1.1561,-2,0,0,40
55.44,4.3265,-1.1561,-2,0,0,40
55.46,4.3265,-1.1561,-2,0,0,40
55.48,4.3265,-1.1561,-2,0,0,40
55.5,4.3265,-1.1561,-2,0,0,40
55.52,4.3265,-1.1561,-2,0,0,40
55.54,4.3265,-1.1561,-2,0,0,40
55.56,4.3265,-1.1561,-2,0,0,40
55.58,4.3265,-1.1561,-2,0,0,40
55.6,4.3265,-1.1561,-2,0,0,40
55.62,4.3265,-1.1561,-2,0,0,40
55.64,4.3265,-1.1561,-2,0,0,40
55.66,4.3265,-1.1561,-2,0,0,40
55.68,4.3265,-1.1561,-2,0,0,40
55.7,4.3265,-1.1561,-2,0,0,40
55.72,4.3265,-1.1561,-2,0,0,40
55.74,4.3265,-1.1561,-2,0,0,40
55.76,4.3265,-1.1561,-2,0,0,40
55.78,4.3265,-1.1561,-2,0,0,40
55.8,4.3265,-1.1561,-2,0,0,40
55.82,4.3265,-1.1561,-2,0,0,40
55.84,4.3265,-1.1561,-2,0,0,40
55.86,4.3265,-1.1561,-2,0,0,40
55.88,4.3265,-1.1561,-2,0,0,40
55.9,4.3265,-1.1561,-2,0,0,40
55.92,4.3265,-1.1561,-2,0,0,40
55.94,4.3265,-1.1561,-2,0,0,40
55.96,4.3265,-1.1561,-2,0,0,40
55.98,4.3265,-1.1561,-2,0,0,40
56,4.3265,-1.1561,-2,0,0,40
56.02,4.3265,-1.1561,-2,0,0,40
56.04,4.3265,-1.1561,-2,0,0,40
56.06,4.3265,-1.1561,-2,0,0,40
56.08,4.3265,-1.1561,-2,0,0,40
56.1,4.3265,-1.1561,-2,0,0,40
56.12,4.3265,-1.1561,-2,0,0,40
56.14,4.3265,-1.1561,-2,0,0,40
56.16,4.3265,-1.1561,-2,0,0,40
56.18,4.3265,-1.1561,-2,0,0,40
56.2,4.3265,-1.1561,-2,0,0,40
56.22,4.3265,-1.1561,-2,0,0,40
56.24,4.3265,-1.1561,-2,0,0,40
56.26,4.3265,-1.1561,-2,0,0,40
56.28,4.3265,-1.1561,-2,0,0,40
56.3,4.3265,-1.1561,-2,0,0,40
56.32,4.3265,-1.1561,-2,0,0,40
56.34,4.3265,-1.1561,-2,0,0,40
56.36,4.3265,-1.1561,-2,0,0,40
56.38,4.3265,-1.1561,-2,0,0,40
56.4,4.3265,-1.1561,-2,0,0,40
56.42,4.3265,-1.1561,-2,0,0,40
56.44,4.3265,-1.1561,-2,0,0,40
56.46,4.3265,-1.1561,-2,0,0,40
56.48,4.3265,-1.1561,-2,0,0,40
56.5,4.3265,-1.1561,-2,0,0,40
56.52,4.3265,-1.1561,-2,0,0,40
56.54,4.3265,-1.1561,-2,0,0,40
56.56,4.3265,-1.1561,-2,0,0,40
56.58,4.3265,-1.1561,-2,0,0,40
56.6,4.3265,-1.1561,-2,0,0,40
56.62,4.3265,-1.1561,-2,0,0,40
56.64,4.3265,-1.1561,-2,0,0,40
56.66,4.3265,-1.1561,-2,0,0,40
56.68,4.3265,-1.1561,-2,0,0,40
56.7,4.3265,-1.1561,-2,0,0,40
56.72,4.3265,-1.1561,-2,0,0,40
56.74,4.3265,-1.1561,-2,0,0,40
56.76,4.3265,-1.1561,-2,0,0,40
56.78,4.3265,-1.1561,-2,0,0,40
56.8,4.3265,-1.1561,-2,0,0,40
56.82,4.3265,-1.1561,-2,0,0,40
56.84,4.3265,-1.1561,-2,0,0,40
56.86,4.3265,-1.1561,-2,0,0,40
56.88,4.3265,-1.1561,-2,0,0,40
56.9,4.3265,-1.1561,-2,0,0,40
56.92,4.3265,-1.1561,-2,0,0,40
56.94,4.3265,-1.1561,-2,0,0,40
56.96,4.3265,-1.1561,-2,0,0,40
56.98,4.3265,-1.1561,-2,0,0,40
57,4.3265,-1.1561,-2,0,0,40
57.02,4.3265,-1.1561,-2,0,0,40
57.04,4.3265,-1.1561,-2,0,0,40
57.06,4.3265,-1.1561,-2,0,0,40
57.08,4.3265,-1.1561,-2,0,0,40
57.1,4.3265,-1.1561,-2,0,0,40
57.12,4.3265,-1.1561,-2,0,0,40
57.14,4.3265,-1.1561,-2,0,0,40
57.16,4.3265,-1.1561,-2,0,0,40
57.18,4.3265,-1.1561,-2,0,0,40
57.2,4.3265,-1.1561,-2,0,0,40
57.22,4.3265,-1.1561,-2,0,0,40
57.24,4.3265,-1.1561,-2,0,0,40
57.26,4.3265,-1.1561,-2,0,0,40
57.28,4.3265,-1.1561,-2,0,0,40
57.3,4.3265,-1.1561,-2,0,0,40
57.32,4.3265,-1.1561,-2,0,0,40
57.34,4.3265,-1.1561,-2,0,0,40
57.36,4.3265,-1.1561,-2,0,0,40
57.38,4.3265,-1.1561,-2,0,0,40
57.4,4.3265,-1.1561,-2,0,0,40
57.42,4.3265,-1.1561,-2,0,0,40
57.44,4.3265,-1.1561,-2,0,0,40
57.46,4.3265,-1.1561,-2,0,0,40
57.48,4.3265,-1.1561,-2,0,0,40
57.5,4.3265,-1.1561,-2,0,0,40
57.52,4.3265,-1.1561,-2,0,0,40
57.54,4.3265,-1.1561,-2,0,0,40
57.56,4.3265,-1.1561,-2,0,0,40
57.58,4.3265,-1.1561,-2,0,0,40
57.6,4.3265,-1.1561,-2,0,0,40
57.62,4.3265,-1.1561,-2,0,0,40
57.64,4.3265,-1.1561,-2,0,0,40
57.66,4.3265,-1.1561,-2,0,0,40
57.68,4.3265,-1.1561,-2,0,0,40
57.7,4.3265,-1.1561,-2,0,0,40
57.72,4.3265,-1.1561,-2,0,0,40
57.74,4.3265,-1.1561,-2,0,0,40
57.76,4.3265,-1.1561,-2,0,0,40
57.78,4.3265,-1.1561,-2,0,0,40
57.8,4.3265,-1.1561,-2,0,0,40
57.82,4.3265,-1.1561,-2,0,0,40
57.84,4.3265,-1.1561,-2,0,0,40
57.86,4.3265,-1.1561,-2,0,0,40
57.88,4.3265,-1.1561,-2,0,0,40
57.9,4.3265,-1.1561,-2,0,0,40
57.92,4.3265,-1.1561,-2,0,0,40
57.94,4.3265,-1.1561,-2,0,0,40
57.96,4.3265,-1.1561,-2,0,0,40
57.98,4.3265,-1.1561,-2,0,0,40
58,4.3265,-1.1561,-2,0,0,40
58.02,4.3265,-1.1561,-2,0,0,40
58.04,4.3265,-1.1561,-2,0,0,40
58.06,4.3265,-1.1561,-2,0,0,40
58.08,4.3265,-1.1561,-2,0,0,40
58.1,4.3265,-1.1561,-2,0,0,40
58.12,4.3265,-1.1561,-2,0,0,40
58.14,4.3265,-1.1561,-2,0,0,40
58.16,4.3265,-1.1561,-2,0,0,40
58.18,4.3265,-1.1561,-2,0,0,40
58.2,4.3265,-1.1561,-2,0,0,40
58.22,4.3265,-1.1561,-2,0,0,40
58.24,4.3265,-1.1561,-2,0,0,40
58.26,4.3265,-1.1561,-2,0,0,40
58.28,4.3265,-1.1561,-2,0,0,40
58.3,4.3265,-1.1561,-2,0,0,40
58.32,4.3265,-1.1561,-2,0,0,40
58.34,4.3265,-1.1561,-2,0,0,40
58.36,4.3265,-1.1561,-2,0,0,40
58.38,4.3265,-1.1561,-2,0,0,40
58.4,4.3265,-1.1561,-2,0,0,40
58.42,4.3265,-1.1561,-2,0,0,40
58.44,4.3265,-1.1561,-2,0,0,40
58.46,4.3265,-1.1561,-2,0,0,40
58.48,4.3265,-1.1561,-2,0,0,40
58.5,4.3265,-1.1561,-2,0,0,40
58.52,4.3265,-1.1561,-2,0,0,40
58.54,4.3265,-1.1561,-2,0,0,40
58.56,4.3265,-1.1561,-2,0,0,40
58.58,4.3265,-1.1561,-2,0,0,40
58.6,4.3265,-1.1561,-2,0,0,40
58.62,4.3265,-1.1561,-2,0,0,40
58.64,4.3265,-1.1561,-2,0,0,40
58.66,4.3265,-1.1561,-2,0,0,40
58.68,4.3265,-1.1561,-2,0,0,40
58.7,4.3265,-1.1561,-2,0,0,40
58.72,4.3265,-1.1561,-2,0,0,40
58.74,4.3265,-1.1561,-2,0,0,40
58.76,4.3265,-1.1561,-2,0,0,40
58.78,4.3265,-1.1561,-2,0,0,40
58.8,4.3265,-1.1561,-2,0,0,40
58.82,4.3265,-1.1561,-2,0,0,40
58.84,4.3265,-1.1561,-2,0,0,40
58.86,4.3265,-1.1561,-2,0,0,40
58.88,4.3265,-1.1561,-2,0,0,40
58.9,4.3265,-1.1561,-2,0,0,40
58.92,4.3265,-1.1561,-2,0,0,40
58.94,4.3265,-1.1561,-2,0,0,40
58.96,4.3265,-1.1561,-2,0,0,40
58.98,4.3265,-1.1561,-2,0,0,40
59,4.3265,-1.1561,-2,0,0,40
59.02,4.3265,-1.1561,-2,0,0,40
59.04,4.3265,-1.1561,-2,0,0,40
59.06,4.3265,-1.1561,-2,0,0,40
59.08,4.3265,-1.1561,-2,0,0,40
59.1,4.3265,-1.1561,-2,0,0,40
59.12,4.3265,-1.1561,-2,0,0,40
59.14,4.3265,-1.1561,-2,0,0,40
59.16,4.3265,-1.1561,-2,0,0,40
59.18,4.3265,-1.1561,-2,0,0,40
59.2,4.3265,-1.1561,-2,0,0,40
59.22,4.3265,-1.1561,-2,0,0,40
59.24,4.3265,-1.1561,-2,0,0,40
59.26,4.3265,-1.1561,-2,0,0,40
59.28,4.3265,-1.1561,-2,0,0,40
59.3,4.3265,-1.1561,-2,0,0,40
59.32,4.3265,-1.1561,-2,0,0,40
59.34,4.3265,-1.1561,-2,0,0,40
59.36,4.3265,-1.1561,-2,0,0,40
59.38,4.3265,-1.1561,-2,0,0,40
59.4,4.3265,-1.1561,-2,0,0,40
59.42,4.3265,-1.1561,-2,0,0,40
59.44,4.3265,-1.1561,-2,0,0,40
59.46,4.3265,-1.1561,-2,0,0,40
59.48,4.3265,-1.1561,-2,0,0,40
59.5,4.3265,-1.1561,-2,0,0,40
59.52,4.3265,-1.1561,-2,0,0,40
59.54,4.3265,-1.1561,-2,0,0,40
59.56,4.3265,-1.1561,-2,0,0,40
59.58,4.3265,-1.1561,-2,0,0,40
59.6,4.3265,-1.1561,-2,0,0,40
59.62,4.3265,-1.1561,-2,0,0,40
59.64,4.3265,-1.1561,-2,0,0,40
59.66,4.3265,-1.1561,-2,0,0,40
59.68,4.3265,-1.1561,-2,0,0,40
59.7,4.3265,-1.1561,-2,0,0,40
59.72,4.3265,-1.1561,-2,0,0,40
59.74,4.3265,-1.1561,-2,0,0,40
59.76,4.3265,-1.1561,-2,0,0,40
59.78,4.3265,-1.1561,-2,0,0,40
59.8,4.3265,-1.1561,-2,0,0,40
59.82,4.3265,-1.1561,-2,0,0,40
59.84,4.3265,-1.1561,-2,0,0,40
59.86,4.3265,-1.1561,-2,0,0,40
59.88,4.3265,-1.1561,-2,0,0,40
59.9,4.3265,-1.1561,-2,0,0,40
59.92,4.3265,-1.1561,-2,0,0,40
59.94,4.3265,-1.1561,-2,0,0,40
59.96,4.3265,-1.1561,-2,0,0,40
59.98,4.3265,-1.1561,-2,0,0,40
60,4.3265,-1.1561,-2,0,0,40
60.02,4.3265,-1.1561,-2,0,0,40
60.04,4.3265,-1.1561,-2,0,0,40
60.06,4.3265,-1.1561,-2,0,0,40
60.08,4.3265,-1.1561,-2,0,0,40
60.1,4.3265,-1.1561,-2,0,0,40
60.12,4.3265,-1.1561,-2,0,0,40
60.14,4.3265,-1.1561,-2,0,0,40
60.16,4.3265,-1.1561,-2,0,0,40
60.18,4.3265,-1.1561,-2,0,0,40
60.2,4.3265,-1.1561,-2,0,0,40
60.22,4.3265,-1.1561,-2,0,0,40
60.24,4.3265,-1.1561,-2,0,0,40
60.26,4.3265,-1.1561,-2,0,0,40
60.28,4.3265,-1.1561,-2,0,0,40
60.3,4.3265,-1.1561,-2,0,0,40
60.32,4.3265,-1.1561,-2,0,0,40
60.34,4.3265,-1.1561,-2,0,0,40
60.36,4.3265,-1.1561,-2,0,0,40
60.38,4.3265,-1.1561,-2,0,0,40
60.4,4.3265,-1.1561,-2,0,0,40
60.42,4.3265,-1.1561,-2,0,0,40
60.44,4.3265,-1.1561,-2,0,0,40
60.46,4.3265,-1.1561,-2,0,0,40
60.48,4.3265,-1.1561,-2,0,0,40
60.5,4.3265,-1.1561,-2,0,0,40
60.52,4.3265,-1.1561,-2,0,0,40
60.54,4.3265,-1.1561,-2,0,0,40
60.56,4.3265,-1.1561,-2,0,0,40
60.58,4.3265,-1.1561,-2,0,0,40
60.6,4.3265,-1.1561,-2,0,0,40
60.62,4.3265,-1.1561,-2,0,0,40
60.64,4.3265,-1.1561,-2,0,0,40
60.66,4.3265,-1.1561,-2,0,0,40
60.68,4.3265,-1.1561,-2,0,0,40
60.7,4.3265,-1.1561,-2,0,0,40
60.72,4.3265,-1.1561,-2,0,0,40
60.74,4.3265,-1.1561,-2,0,0,40
60.76,4.3265,-1.1561,-2,0,0,40
60.78,4.3265,-1.1561,-2,0,0,40
60.8,4.3265,-1.1561,-2,0,0,40
60.82,4.3265,-1.1561,-2,0,0,40
60.84,4.3265,-1.1561,-2,0,0,40
60.86,4.3265,-1.1561,-2,0,0,40
60.88,4.3265,-1.1561,-2,0,0,40
60.9,4.3265,-1.1561,-2,0,0,40
60.92,4.3265,-1.1561,-2,0,0,40
60.94,4.3265,-1.1561,-2,0,0,40
60.96,4.3265,-1.1561,-2,0,0,40
60.98,4.3265,-1.1561,-2,0,0,40
61,4.3265,-1.1561,-2,0,0,40
61.02,4.3265,-1.1561,-2,0,0,40
61.04,4.3265,-1.1561,-2,0,0,40
61.06,4.3265,-1.1561,-2,0,0,40
61.08,4.3265,-1.1561,-2,0,0,40
61.1,4.3265,-1.1561,-2,0,0,40
61.12,4.3265,-1.1561,-2,0,0,40
61.14,4.3265,-1.1561,-2,0,0,40
61.16,4.3265,-1.1561,-2,0,0,40
61.18,4.3265,-1.1561,-2,0,0,40
61.2,4.3265,-1.1561,-2,0,0,40
61.22,4.3265,-1.1561,-2,0,0,40
61.24,4.3265,-1.1561,-2,0,0,40
61.26,4.3265,-1.1561,-2,0,0,40
61.28,4.3265,-1.1561,-2,0,0,40
61.3,4.3265,-1.1561,-2,0,0,40
61.32,4.3265,-1.1561,-2,0,0,40
61.34,4.3265,-1.1561,-2,0,0,40
61.36,4.3265,-1.1561,-2,0,0,40
61.38,4.3265,-1.1561,-2,0,0,40
61.4,4.3265,-1.1561,-2,0,0,40
61.42,4.3265,-1.1561,-2,0,0,40
61.44,4.3265,-1.1561,-2,0,0,40
61.46,4.3265,-1.1561,-2,0,0,40
61.48,4.3265,-1.1561,-2,0,0,40
61.5,4.3265,-1.1561,-2,0,0,40
61.52,4.3265,-1.1561,-2,0,0,40
61.54,4.3265,-1.1561,-2,0,0,40
61.56,4.3265,-1.1561,-2,0,0,40
61.58,4.3265,-1.1561,-2,0,0,40
61.6,4.3265,-1.1561,-2,0,0,40
61.62,4.3265,-1.1561,-2,0,0,40
61.64,4.3265,-1.1561,-2,0,0,40
61.66,4.3265,-1.1561,-2,0,0,40
61.68,4.3265,-1.1561,-2,0,0,40
61.7,4.3265,-1.1561,-2,0,0,40
61.72,4.3265,-1.1561,-2,0,0,40
61.74,4.3265,-1.1561,-2,0,0,40
61.76,4.3265,-1.1561,-2,0,0,40
61.78,4.3265,-1.1561,-2,0,0,40
61.8,4.3265,-1.1561,-2,0,0,40
61.82,4.3265,-1.1561,-2,0,0,40
61.84,4.3265,-1.1561,-2,0,0,40
61.86,4.3265,-1.1561,-2,0,0,40
61.88,4.3265,-1.1561,-2,0,0,40
61.9,4.3265,-1.1561,-2,0,0,40
61.92,4.3265,-1.1561,-2,0,0,40
61.94,4.3265,-1.1561,-2,0,0,40
61.96,4.3265,-1.1561,-2,0,0,40
61.98,4.3265,-1.1561,-2,0,0,40
62,4.3265,-1.1561,-2,0,0,40
62.02,4.3265,-1.1561,-2,0,0,40
62.04,4.3265,-1.1561,-2,0,0,40
62.06,4.3265,-1.1561,-2,0,0,40
62.08,4.3265,-1.1561,-2,0,0,40
62.1,4.3265,-1.1561,-2,0,0,40
62.12,4.3265,-1.1561,-2,0,0,40
62.14,4.3265,-1.1561,-2,0,0,40
62.16,4.3265,-1.1561,-2,0,0,40
62.18,4.3265,-1.1561,-2,0,0,40
62.2,4.3265,-1.1561,-2,0,0,40
62.22,4.3265,-1.1561,-2,0,0,40
62.24,4.3265,-1.1561,-2,0,0,40
62.26,4.3265,-1.1561,-2,0,0,40
62.28,4.3265,-1.1561,-2,0,0,40
62.3,4.3265,-1.1561,-2,0,0,40
62.32,4.3265,-1.1561,-2,0,0,40
62.34,4.3265,-1.1561,-2,0,0,40
62.36,4.3265,-1.1561,-2,0,0,40
62.38,4.3265,-1.1561,-2,0,0,40
62.4,4.3265,-1.1561,-2,0,0,40
62.42,4.3265,-1.1561,-2,0,0,40
62.44,4.3265,-1.1561,-2,0,0,40
62.46,4.3265,-1.1561,-2,0,0,40
62.48,4.3265,-1.1561,-2,0,0,40
62.5,4.3265,-1.1561,-2,0,0,40
62.52,4.3265,-1.1561,-2,0,0,40
62.54,4.3265,-1.1561,-2,0,0,40
62.56,4.3265,-1.1561,-2,0,0,40
62.58,4.3265,-1.1561,-2,0,0,40
62.6,4.3265,-1.1561,-2,0,0,40
62.62,4.3265,-1.1561,-2,0,0,40
62.64,4.3265,-1.1561,-2,0,0,40
62.66,4.3265,-1.1561,-2,0,0,40
62.68,4.3265,-1.1561,-2,0,0,40
62.7,4.3265,-1.1561,-2,0,0,40
62.72,4.3265,-1.1561,-2,0,0,40
62.74,4.3265,-1.1561,-2,0,0,40
62.76,4.3265,-1.1561,-2,0,0,40
62.78,4.3265,-1.1561,-2,0,0,40
62.8,4.3265,-1.1561,-2,0,0,40
62.82,4.3265,-1.1561,-2,0,0,40
62.84,4.3265,-1.1561,-2,0,0,40
62.86,4.3265,-1.1561,-2,0,0,40
62.88,4.3265,-1.1561,-2,0,0,40
62.9,4.3265,-1.1561,-2,0,0,40
62.92,4.3265,-1.1561,-2,0,0,40
62.94,4.3265,-1.1561,-2,0,0,40
62.96,4.3265,-1.1561,-2,0,0,40
62.98,4.3265,-1.1561,-2,0,0,40
63,4.3265,-1.1561,-2,0,0,40
63.02,4.3265,-1.1561,-2,0,0,40
63.04,4.3265,-1.1561,-2,0,0,40
63.06,4.3265,-1.1561,-2,0,0,40
63.08,4.3265,-1.1561,-2,0,0,40
63.1,4.3265,-1.1561,-2,0,0,40
63.12,4.3265,-1.1561,-2,0,0,40
63.14,4.3265,-1.1561,-2,0,0,40
63.16,4.3265,-1.1561,-2,0,0,40
63.18,4.3265,-1.1561,-2,0,0,40
63.2,4.3265,-1.1561,-2,0,0,40
63.22,4.3265,-1.1561,-2,0,0,40
63.24,4.3265,-1.1561,-2,0,0,40
63.26,4.3265,-1.1561,-2,0,0,40
63.28,4.3265,-1.1561,-2,0,0,40
63.3,4.3265,-1.1561,-2,0,0,40
63.32,4.3265,-1.1561,-2,0,0,40
63.34,4.3265,-1.1561,-2,0,0,40
63.36,4.3265,-1.1561,-2,0,0,40
63.38,4.3265,-1.1561,-2,0,0,40
63.4,4.3265,-1.1561,-2,0,0,40
63.42,4.3265,-1.1561,-2,0,0,40
63.44,4.3265,-1.1561,-2,0,0,40
63.46,4.3265,-1.1561,-2,0,0,40
63.48,4.3265,-1.1561,-2,0,0,40
63.5,4.3265,-1.1561,-2,0,0,40
63.52,4.3265,-1.1561,-2,0,0,40
63.54,4.3265,-1.1561,-2,0,0,40
63.56,4.3265,-1.1561,-2,0,0,40
63.58,4.3265,-1.1561,-2,0,0,40
63.6,4.3265,-1.1561,-2,0,0,40
63.62,4.3265,-1.1561,-2,0,0,40
63.64,4.3265,-1.1561,-2,0,0,40
63.66,4.3265,-1.1561,-2,0,0,40
63.68,4.3265,-1.1561,-2,0,0,40
63.7,4.3265,-1.1561,-2,0,0,40
63.72,4.3265,-1.1561,-2,0,0,40
63.74,4.3265,-1.1561,-2,0,0,40
63.76,4.3265,-1.1561,-2,0,0,40
63.78,4.3265,-1.1561,-2,0,0,40
63.8,4.3265,-1.1561,-2,0,0,40
63.82,4.3265,-1.1561,-2,0,0,40
63.84,4.3265,-1.1561,-2,0,0,40
63.86,4.3265,-1.1561,-2,0,0,40
63.88,4.3265,-1.1561,-2,0,0,40
63.9,4.3265,-1.1561,-2,0,0,40
63.92,4.3265,-1.1561,-2,0,0,40
63.94,4.3265,-1.1561,-2,0,0,40
63.96,4.3265,-1.1561,-2,0,0,40
63.98,4.3265,-1.1561,-2,0,0,40
64,4.3265,-1.1561,-2,0,0,40
64.02,4.3265,-1.1561,-2,0,0,40
64.04,4.3265,-1.1561,-2,0,0,40
64.06,4.3265,-1.1561,-2,0,0,40
64.08,4.3265,-1.1561,-2,0,0,40
64.1,4.3265,-1.1561,-2,0,0,40
64.12,4.3265,-1.1561,-2,0,0,40
64.14,4.3265,-1.1561,-2,0,0,40
64.16,4.3265,-1.1561,-2,0,0,40
64.18,4.3265,-1.1561,-2,0,0,40
64.2,4.3265,-1.1561,-2,0,0,40
64.22,4.3265,-1.1561,-2,0,0,40
64.24,4.3265,-1.1561,-2,0,0,40
64.26,4.3265,-1.1561,-2,0,0,40
64.28,4.3265,-1.1561,-2,0,0,40
64.3,4.3265,-1.1561,-2,0,0,40
64.32,4.3265,-1.1561,-2,0,0,40
64.34,4.3265,-1.1561,-2,0,0,40
64.36,4.3265,-1.1561,-2,0,0,40
64.38,4.3265,-1.1561,-2,0,0,40
64.4,4.3265,-1.1561,-2,0,0,40
64.42,4.3265,-1.1561,-2,0,0,40
64.43999,4.3265,-1.1561,-2,0,0,40
64.46,4.3265,-1.1561,-2,0,0,40
64.48,4.3265,-1.1561,-2,0,0,40
64.5,4.3265,-1.1561,-2,0,0,40
64.52,4.3265,-1.1561,-2,0,0,40
64.54,4.3265,-1.1561,-2,0,0,40
64.56,4.3265,-1.1561,-2,0,0,40
64.58,4.3265,-1.1561,-2,0,0,40
64.6,4.3265,-1.1561,-2,0,0,40
64.62,4.3265,-1.1561,-2,0,0,40
64.64,4.3265,-1.1561,-2,0,0,40
64.66,4.3265,-1.1561,-2,0,0,40
64.68,4.3265,-1.1561,-2,0,0,40
64.7,4.3265,-1.1561,-2,0,0,40
64.72,4.3265,-1.1561,-2,0,0,40
64.74,4.3265,-1.1561,-2,0,0,40
64.76,4.3265,-1.1561,-2,0,0,40
64.78,4.3265,-1.1561,-2,0,0,40
64.8,4.3265,-1.1561,-2,0,0,40
64.82,4.3265,-1.1561,-2,0,0,40
64.84,4.3265,-1.1561,-2,0,0,40
64.86,4.3265,-1.1561,-2,0,0,40
64.88,4.3265,-1.1561,-2,0,0,40
64.9,4.3265,-1.1561,-2,0,0,40
64.92,4.3265,-1.1561,-2,0,0,40
64.93999,4.3265,-1.1561,-2,0,0,40
64.96,4.3265,-1.1561,-2,0,0,40
64.98,4.3265,-1.1561,-2,0,0,40
65,4.3265,-1.1561,-2,0,0,40
65.02,4.3265,-1.1561,-2,0,0,40
65.04,4.3265,-1.1561,-2,0,0,40
65.06,4.3265,-1.1561,-2,0,0,40
65.08,4.3265,-1.1561,-2,0,0,40
65.1,4.3265,-1.1561,-2,0,0,40
65.12,4.3265,-1.1561,-2,0,0,40
65.14,4.3265,-1.1561,-2,0,0,40
65.16,4.3265,-1.1561,-2,0,0,40
65.18,4.3265,-1.1561,-2,0,0,40
65.2,4.3265,-1.1561,-2,0,0,40
65.22,4.3265,-1.1561,-2,0,0,40
65.24,4.3265,-1.1561,-2,0,0,40
65.26,4.3265,-1.1561,-2,0,0,40
65.28,4.3265,-1.1561,-2,0,0,40
65.3,4.3265,-1.1561,-2,0,0,40
65.32,4.3265,-1.1561,-2,0,0,40
65.34,4.3265,-1.1561,-2,0,0,40
65.36,4.3265,-1.1561,-2,0,0,40
65.38,4.3265,-1.1561,-2,0,0,40
65.4,4.3265,-1.1561,-2,0,0,40
65.42,4.3265,-1.1561,-2,0,0,40
65.43999,4.3265,-1.1561,-2,0,0,40
65.46,4.3265,-1.1561,-2,0,0,40
65.48,4.3265,-1.1561,-2,0,0,40
65.5,4.3265,-1.1561,-2,0,0,40
65.52,4.3265,-1.1561,-2,0,0,40
65.54,4.3265,-1.1561,-2,0,0,40
65.56,4.3265,-1.1561,-2,0,0,40
65.58,4.3265,-1.1561,-2,0,0,40
65.6,4.3265,-1.1561,-2,0,0,40
65.62,4.3265,-1.1561,-2,0,0,40
65.64,4.3265,-1.1561,-2,0,0,40
65.66,4.3265,-1.1561,-2,0,0,40
65.68,4.3265,-1.1561,-2,0,0,40
65.7,4.3265,-1.1561,-2,0,0,40
65.72,4.3265,-1.1561,-2,0,0,40
65.74,4.3265,-1.1561,-2,0,0,40
65.76,4.3265,-1.1561,-2,0,0,40
65.78,4.3265,-1.1561,-2,0,0,40
65.8,4.3265,-1.1561,-2,0,0,40
65.82,4.3265,-1.1561,-2,0,0,40
65.84,4.3265,-1.1561,-2,0,0,40
65.86,4.3265,-1.1561,-2,0,0,40
65.88,4.3265,-1.1561,-2,0,0,40
65.9,4.3265,-1.1561,-2,0,0,40
65.92,4.3265,-1.1561,-2,0,0,40
65.93999,4.3265,-1.1561,-2,0,0,40
65.96,4.3265,-1.1561,-2,0,0,40
65.98,4.3265,-1.1561,-2,0,0,40
66,4.3265,-1.1561,-2,0,0,40
66.02,4.3265,-1.1561,-2,0,0,40
66.04,4.3265,-1.1561,-2,0,0,40
66.06,4.3265,-1.1561,-2,0,0,40
66.08,4.3265,-1.1561,-2,0,0,40
66.1,4.3265,-1.1561,-2,0,0,40
66.12,4.3265,-1.1561,-2,0,0,40
66.14,4.3265,-1.1561,-2,0,0,40
66.16,4.3265,-1.1561,-2,0,0,40
66.18,4.3265,-1.1561,-2,0,0,40
66.2,4.3265,-1.1561,-2,0,0,40
66.22,4.3265,-1.1561,-2,0,0,40
66.24,4.3265,-1.1561,-2,0,0,40
66.26,4.3265,-1.1561,-2,0,0,40
66.28,4.3265,-1.1561,-2,0,0,40
66.3,4.3265,-1.1561,-2,0,0,40
66.32,4.3265,-1.1561,-2,0,0,40
66.34,4.3265,-1.1561,-2,0,0,40
66.36,4.3265,-1.1561,-2,0,0,40
66.38,4.3265,-1.1561,-2,0,0,40
66.4,4.3265,-1.1561,-2,0,0,40
66.42,4.3265,-1.1561,-2,0,0,40
66.43999,4.3265,-1.1561,-2,0,0,40
66.46,4.3265,-1.1561,-2,0,0,40
66.48,4.3265,-1.1561,-2,0,0,40
66.5,4.3265,-1.1561,-2,0,0,40
66.52,4.3265,-1.1561,-2,0,0,40
66.54,4.3265,-1.1561,-2,0,0,40
66.56,4.3265,-1.1561,-2,0,0,40
66.58,4.3265,-1.1561,-2,0,0,40
66.6,4.3265,-1.1561,-2,0,0,40
66.62,4.3265,-1.1561,-2,0,0,40
66.64,4.3265,-1.1561,-2,0,0,40
66.66,4.3265,-1.1561,-2,0,0,40
66.68,4.3265,-1.1561,-2,0,0,40
66.7,4.3265,-1.1561,-2,0,0,40
66.72,4.3265,-1.1561,-2,0,0,40
66.74,4.3265,-1.1561,-2,0,0,40
66.76,4.3265,-1.1561,-2,0,0,40
66.78,4.3265,-1.1561,-2,0,0,40
66.8,4.3265,-1.1561,-2,0,0,40
66.82,4.3265,-1.1561,-2,0,0,40
66.84,4.3265,-1.1561,-2,0,0,40
66.86,4.3265,-1.1561,-2,0,0,40
66.88,4.3265,-1.1561,-2,0,0,40
66.9,4.3265,-1.1561,-2,0,0,40
66.92,4.3265,-1.1561,-2,0,0,40
66.93999,4.3265,-1.1561,-2,0,0,40
66.96,4.3265,-1.1561,-2,0,0,40
66.98,4.3265,-1.1561,-2,0,0,40
67,4.3265,-1.1561,-2,0,0,40
67.02,4.3265,-1.1561,-2,0,0,40
67.04,4.3265,-1.1561,-2,0,0,40
67.06,4.3265,-1.1561,-2,0,0,40
67.08,4.3265,-1.1561,-2,0,0,40
67.1,4.3265,-1.1561,-2,0,0,40
67.12,4.3265,-1.1561,-2,0,0,40
67.14,4.3265,-1.1561,-2,0,0,40
67.16,4.3265,-1.1561,-2,0,0,40
67.18,4.3265,-1.1561,-2,0,0,40
67.2,4.3265,-1.1561,-2,0,0,40
67.22,4.3265,-1.1561,-2,0,0,40
67.24,4.3265,-1.1561,-2,0,0,40
67.26,4.3265,-1.1561,-2,0,0,40
67.28,4.3265,-1.1561,-2,0,0,40
67.3,4.3265,-1.1561,-2,0,0,40
67.32,4.3265,-1.1561,-2,0,0,40
67.34,4.3265,-1.1561,-2,0,0,40
67.36,4.3265,-1.1561,-2,0,0,40
67.38,4.3265,-1.1561,-2,0,0,40
67.4,4.3265,-1.1561,-2,0,0,40
67.42,4.3265,-1.1561,-2,0,0,40
67.43999,4.3265,-1.1561,-2,0,0,40
67.46,4.3265,-1.1561,-2,0,0,40
67.48,4.3265,-1.1561,-2,0,0,40
67.5,4.3265,-1.1561,-2,0,0,40
67.52,4.3265,-1.1561,-2,0,0,40
67.54,4.3265,-1.1561,-2,0,0,40
67.56,4.3265,-1.1561,-2,0,0,40
67.58,4.3265,-1.1561,-2,0,0,40
67.6,4.3265,-1.1561,-2,0,0,40
67.62,4.3265,-1.1561,-2,0,0,40
67.64,4.3265,-1.1561,-2,0,0,40
67.66,4.3265,-1.1561,-2,0,0,40
67.68,4.3265,-1.1561,-2,0,0,40
67.7,4.3265,-1.1561,-2,0,0,40
67.72,4.3265,-1.1561,-2,0,0,40
67.74,4.3265,-1.1561,-2,0,0,40
67.76,4.3265,-1.1561,-2,0,0,40
67.78,4.3265,-1.1561,-2,0,0,40
67.8,4.3265,-1.1561,-2,0,0,40
67.82,4.3265,-1.1561,-2,0,0,40
67.84,4.3265,-1.1561,-2,0,0,40
67.86,4.3265,-1.1561,-2,0,0,40
67.88,4.3265,-1.1561,-2,0,0,40
67.9,4.3265,-1.1561,-2,0,0,40
67.92,4.3265,-1.1561,-2,0,0,40
67.93999,4.3265,-1.1561,-2,0,0,40
67.96,4.3265,-1.1561,-2,0,0,40
67.98,4.3265,-1.1561,-2,0,0,40
68,4.3265,-1.1561,-2,0,0,40
68.02,4.3265,-1.1561,-2,0,0,40
68.04,4.3265,-1.1561,-2,0,0,40
68.06,4.3265,-1.1561,-2,0,0,40
68.08,4.3265,-1.1561,-2,0,0,40
68.1,4.3265,-1.1561,-2,0,0,40
68.12,4.3265,-1.1561,-2,0,0,40
68.14,4.3265,-1.1561,-2,0,0,40
68.16,4.3265,-1.1561,-2,0,0,40
68.18,4.3265,-1.1561,-2,0,0,40
68.2,4.3265,-1.1561,-2,0,0,40
68.22,4.3265,-1.1561,-2,0,0,40
68.24,4.3265,-1.1561,-2,0,0,40
68.26,4.3265,-1.1561,-2,0,0,40
68.28,4.3265,-1.1561,-2,0,0,40
68.3,4.3265,-1.1561,-2,0,0,40
68.32,4.3265,-1.1561,-2,0,0,40
68.34,4.3265,-1.1561,-2,0,0,40
68.36,4.3265,-1.1561,-2,0,0,40
68.38,4.3265,-1.1561,-2,0,0,40
68.4,4.3265,-1.1561,-2,0,0,40
68.42,4.3265,-1.1561,-2,0,0,40
68.43999,4.3265,-1.1561,-2,0,0,40
68.46,4.3265,-1.1561,-2,0,0,40
68.48,4.3265,-1.1561,-2,0,0,40
68.5,4.3265,-1.1561,-2,0,0,40
68.52,4.3265,-1.1561,-2,0,0,40
68.54,4.3265,-1.1561,-2,0,0,40
68.56,4.3265,-1.1561,-2,0,0,40
68.58,4.3265,-1.1561,-2,0,0,40
68.6,4.3265,-1.1561,-2,0,0,40
68.62,4.3265,-1.1561,-2,0,0,40
68.64,4.3265,-1.1561,-2,0,0,40
68.66,4.3265,-1.1561,-2,0,0,40
68.68,4.3265,-1.1561,-2,0,0,40
68.7,4.3265,-1.1561,-2,0,0,40
68.72,4.3265,-1.1561,-2,0,0,40
68.74,4.3265,-1.1561,-2,0,0,40
68.76,4.3265,-1.1561,-2,0,0,40
68.78,4.3265,-1.1561,-2,0,0,40
68.8,4.3265,-1.1561,-2,0,0,40
68.82,4.3265,-1.1561,-2,0,0,40
68.84,4.3265,-1.1561,-2,0,0,40
68.86,4.3265,-1.1561,-2,0,0,40
68.88,4.3265,-1.1561,-2,0,0,40
68.9,4.3265,-1.1561,-2,0,0,40
68.92,4.3265,-1.1561,-2,0,0,40
68.93999,4.3265,-1.1561,-2,0,0,40
68.96,4.3265,-1.1561,-2,0,0,40
68.98,4.3265,-1.1561,-2,0,0,40
69,4.3265,-1.1561,-2,0,0,40
69.02,4.3265,-1.1561,-2,0,0,40
69.04,4.3265,-1.1561,-2,0,0,40
69.06,4.3265,-1.1561,-2,0,0,40
69.08,4.3265,-1.1561,-2,0,0,40
69.1,4.3265,-1.1561,-2,0,0,40
69.12,4.3265,-1.1561,-2,0,0,40
69.14,4.3265,-1.1561,-2,0,0,40
69.16,4.3265,-1.1561,-2,0,0,40
69.18,4.3265,-1.1561,-2,0,0,40
69.2,4.3265,-1.1561,-2,0,0,40
69.22,4.3265,-1.1561,-2,0,0,40
69.24,4.3265,-1.1561,-2,0,0,40
69.26,4.3265,-1.1561,-2,0,0,40
69.28,4.3265,-1.1561,-2,0,0,40
69.3,4.3265,-1.1561,-2,0,0,40
69.32,4.3265,-1.1561,-2,0,0,40
69.34,4.3265,-1.1561,-2,0,0,40
69.36,4.3265,-1.1561,-2,0,0,40
69.38,4.3265,-1.1561,-2,0,0,40
69.4,4.3265,-1.1561,-2,0,0,40
69.42,4.3265,-1.1561,-2,0,0,40
69.43999,4.3265,-1.1561,-2,0,0,40
69.46,4.3265,-1.1561,-2,0,0,40
69.48,4.3265,-1.1561,-2,0,0,40
69.5,4.3265,-1.1561,-2,0,0,40
69.52,4.3265,-1.1561,-2,0,0,40
69.54,4.3265,-1.1561,-2,0,0,40
69.56,4.3265,-1.1561,-2,0,0,40
69.58,4.3265,-1.1561,-2,0,0,40
69.6,4.3265,-1.1561,-2,0,0,40
69.62,4.3265,-1.1561,-2,0,0,40
69.64,4.3265,-1.1561,-2,0,0,40
69.66,4.3265,-1.1561,-2,0,0,40
69.68,4.3265,-1.1561,-2,0,0,40
69.7,4.3265,-1.1561,-2,0,0,40
69.72,4.3265,-1.1561,-2,0,0,40
69.74,4.3265,-1.1561,-2,0,0,40
69.76,4.3265,-1.1561,-2,0,0,40
69.78,4.3265,-1.1561,-2,0,0,40
69.8,4.3265,-1.1561,-2,0,0,40
69.82,4.3265,-1.1561,-2,0,0,40
69.84,4.3265,-1.1561,-2,0,0,40
69.86,4.3265,-1.1561,-2,0,0,40
69.88,4.3265,-1.1561,-2,0,0,40
69.9,4.3265,-1.1561,-2,0,0,40
69.92,4.3265,-1.1561,-2,0,0,40
69.93999,4.3265,-1.1561,-2,0,0,40
69.96,4.3265,-1.1561,-2,0,0,40
69.98,4.3265,-1.1561,-2,0,0,40
70,4.3265,-1.1561,-2,0,0,40
70.02,4.3265,-1.1561,-2,0,0,40
70.04,4.3265,-1.1561,-2,0,0,40
70.06,4.3265,-1.1561,-2,0,0,40
70.08,4.3265,-1.1561,-2,0,0,40
70.1,4.3265,-1.1561,-2,0,0,40
70.12,4.3265,-1.1561,-2,0,0,40
70.14,4.3265,-1.1561,-2,0,0,40
70.16,4.3265,-1.1561,-2,0,0,40
70.18,4.3265,-1.1561,-2,0,0,40
70.2,4.3265,-1.1561,-2,0,0,40
70.22,4.3265,-1.1561,-2,0,0,40
70.24,4.3265,-1.1561,-2,0,0,40
70.26,4.3265,-1.1561,-2,0,0,40
70.28,4.3265,-1.1561,-2,0,0,40
70.3,4.3265,-1.1561,-2,0,0,40
70.32,4.3265,-1.1561,-2,0,0,40
70.34,4.3265,-1.1561,-2,0,0,40
70.36,4.3265,-1.1561,-2,0,0,40
70.38,4.3265,-1.1561,-2,0,0,40
70.4,4.3265,-1.1561,-2,0,0,40
70.42,4.3265,-1.1561,-2,0,0,40
70.43999,4.3265,-1.1561,-2,0,0,40
70.46,4.3265,-1.1561,-2,0,0,40
70.48,4.3265,-1.1561,-2,0,0,40
70.5,4.3265,-1.1561,-2,0,0,40
70.52,4.3265,-1.1561,-2,0,0,40
70.54,4.3265,-1.1561,-2,0,0,40
70.56,4.3265,-1.1561,-2,0,0,40
70.58,4.3265,-1.1561,-2,0,0,40
70.6,4.3265,-1.1561,-2,0,0,40
70.62,4.3265,-1.1561,-2,0,0,40
70.64,4.3265,-1.1561,-2,0,0,40
70.66,4.3265,-1.1561,-2,0,0,40
70.68,4.3265,-1.1561,-2,0,0,40
70.7,4.3265,-1.1561,-2,0,0,40
70.72,4.3265,-1.1561,-2,0,0,40
70.74,4.3265,-1.1561,-2,0,0,40
70.76,4.3265,-1.1561,-2,0,0,40
70.78,4.3265,-1.1561,-2,0,0,40
70.8,4.3265,-1.1561,-2,0,0,40
70.82,4.3265,-1.1561,-2,0,0,40
70.84,4.3265,-1.1561,-2,0,0,40
70.86,4.3265,-1.1561,-2,0,0,40
70.88,4.3265,-1.1561,-2,0,0,40
70.9,4.3265,-1.1561,-2,0,0,40
70.92,4.3265,-1.1561,-2,0,0,40
70.93999,4.3265,-1.1561,-2,0,0,40
70.96,4.3265,-1.1561,-2,0,0,40
70.98,4.3265,-1.1561,-2,0,0,40
71,4.3265,-1.1561,-2,0,0,40
71.02,4.3265,-1.1561,-2,0,0,40
71.04,4.3265,-1.1561,-2,0,0,40
71.06,4.3265,-1.1561,-2,0,0,40
71.08,4.3265,-1.1561,-2,0,0,40
71.1,4.3265,-1.1561,-2,0,0,40
71.12,4.3265,-1.1561,-2,0,0,40
71.14,4.3265,-1.1561,-2,0,0,40
71.16,4.3265,-1.1561,-2,0,0,40
71.18,4.3265,-1.1561,-2,0,0,40
71.2,4.3265,-1.1561,-2,0,0,40
71.22,4.3265,-1.1561,-2,0,0,40
71.24,4.3265,-1.1561,-2,0,0,40
71.26,4.3265,-1.1561,-2,0,0,40
71.28,4.3265,-1.1561,-2,0,0,40
71.3,4.3265,-1.1561,-2,0,0,40
71.32,4.3265,-1.1561,-2,0,0,40
71.34,4.3265,-1.1561,-2,0,0,40
71.36,4.3265,-1.1561,-2,0,0,40
71.38,4.3265,-1.1561,-2,0,0,40
71.4,4.3265,-1.1561,-2,0,0,40
71.42,4.3265,-1.1561,-2,0,0,40
71.43999,4.3265,-1.1561,-2,0,0,40
71.46,4.3265,-1.1561,-2,0,0,40
71.48,4.3265,-1.1561,-2,0,0,40
71.5,4.3265,-1.1561,-2,0,0,40
71.52,4.3265,-1.1561,-2,0,0,40
71.54,4.3265,-1.1561,-2,0,0,40
71.56,4.3265,-1.1561,-2,0,0,40
71.58,4.3265,-1.1561,-2,0,0,40
71.6,4.3265,-1.1561,-2,0,0,40
71.62,4.3265,-1.1561,-2,0,0,40
71.64,4.3265,-1.1561,-2,0,0,40
71.66,4.3265,-1.1561,-2,0,0,40
71.68,4.3265,-1.1561,-2,0,0,40
71.7,4.3265,-1.1561,-2,0,0,40
71.72,4.3265,-1.1561,-2,0,0,40
71.74,4.3265,-1.1561,-2,0,0,40
71.76,4.3265,-1.1561,-2,0,0,40
71.78,4.3265,-1.1561,-2,0,0,40
71.8,4.3265,-1.1561,-2,0,0,40
71.82,4.3265,-1.1561,-2,0,0,40
71.84,4.3265,-1.1561,-2,0,0,40
71.86,4.3265,-1.1561,-2,0,0,40
71.88,4.3265,-1.1561,-2,0,0,40
71.9,4.3265,-1.1561,-2,0,0,40
71.92,4.3265,-1.1561,-2,0,0,40
71.93999,4.3265,-1.1561,-2,0,0,40
71.96,4.3265,-1.1561,-2,0,0,40
71.98,4.3265,-1.1561,-2,0,0,40
72,4.3265,-1.1561,-2,0,0,40
72.02,4.3265,-1.1561,-2,0,0,40
72.04,4.3265,-1.1561,-2,0,0,40
72.06,4.3265,-1.1561,-2,0,0,40
72.08,4.3265,-1.1561,-2,0,0,40
72.1,4.3265,-1.1561,-2,0,0,40
72.12,4.3265,-1.1561,-2,0,0,40
72.14,4.3265,-1.1561,-2,0,0,40
72.16,4.3265,-1.1561,-2,0,0,40
72.18,4.3265,-1.1561,-2,0,0,40
72.2,4.3265,-1.1561,-2,0,0,40
72.22,4.3265,-1.1561,-2,0,0,40
72.24,4.3265,-1.1561,-2,0,0,40
72.26,4.3265,-1.1561,-2,0,0,40
72.28,4.3265,-1.1561,-2,0,0,40
72.3,4.3265,-1.1561,-2,0,0,40
72.32,4.3265,-1.1561,-2,0,0,40
72.34,4.3265,-1.1561,-2,0,0,40
72.36,4.3265,-1.1561,-2,0,0,40
72.38,4.3265,-1.1561,-2,0,0,40
72.4,4.3265,-1.1561,-2,0,0,40
72.42,4.3265,-1.1561,-2,0,0,40
72.43999,4.3265,-1.1561,-2,0,0,40
72.46,4.3265,-1.1561,-2,0,0,40
72.48,4.3265,-1.1561,-2,0,0,40
72.5,4.3265,-1.1561,-2,0,0,40
72.52,4.3265,-1.1561,-2,0,0,40
72.54,4.3265,-1.1561,-2,0,0,40
72.56,4.3265,-1.1561,-2,0,0,40
72.58,4.3265,-1.1561,-2,0,0,40
72.6,4.3265,-1.1561,-2,0,0,40
72.62,4.3265,-1.1561,-2,0,0,40
72.64,4.3265,-1.1561,-2,0,0,40
72.66,4.3265,-1.1561,-2,0,0,40
72.68,4.3265,-1.1561,-2,0,0,40
72.7,4.3265,-1.1561,-2,0,0,40
72.72,4.3265,-1.1561,-2,0,0,40
72.74,4.3265,-1.1561,-2,0,0,40
72.76,4.3265,-1.1561,-2,0,0,40
72.78,4.3265,-1.1561,-2,0,0,40
72.8,4.3265,-1.1561,-2,0,0,40
72.82,4.3265,-1.1561,-2,0,0,40
72.84,4.3265,-1.1561,-2,0,0,40
72.86,4.3265,-1.1561,-2,0,0,40
72.88,4.3265,-1.1561,-2,0,0,40
72.9,4.3265,-1.1561,-2,0,0,40
72.92,4.3265,-1.1561,-2,0,0,40
72.93999,4.3265,-1.1561,-2,0,0,40
72.96,4.3265,-1.1561,-2,0,0,40
72.98,4.3265,-1.1561,-2,0,0,40
73,4.3265,-1.1561,-2,0,0,40
73.02,4.3265,-1.1561,-2,0,0,40
73.04,4.3265,-1.1561,-2,0,0,40
73.06,4.3265,-1.1561,-2,0,0,40
73.08,4.3265,-1.1561,-2,0,0,40
73.1,4.3265,-1.1561,-2,0,0,40
73.12,4.3265,-1.1561,-2,0,0,40
73.14,4.3265,-1.1561,-2,0,0,40
73.16,4.3265,-1.1561,-2,0,0,40
73.18,4.3265,-1.1561,-2,0,0,40
73.2,4.3265,-1.1561,-2,0,0,40
73.22,4.3265,-1.1561,-2,0,0,40
73.24,4.3265,-1.1561,-2,0,0,40
73.26,4.3265,-1.1561,-2,0,0,40
73.28,4.3265,-1.1561,-2,0,0,40
73.3,4.3265,-1.1561,-2,0,0,40
73.32,4.3265,-1.1561,-2,0,0,40
73.34,4.3265,-1.1561,-2,0,0,40
73.36,4.3265,-1.1561,-2,0,0,40
73.38,4.3265,-1.1561,-2,0,0,40
73.4,4.3265,-1.1561,-2,0,0,40
73.42,4.3265,-1.1561,-2,0,0,40
73.43999,4.3265,-1.1561,-2,0,0,40
73.46,4.3265,-1.1561,-2,0,0,40
73.48,4.3265,-1.1561,-2,0,0,40
73.5,4.3265,-1.1561,-2,0,0,40
73.52,4.3265,-1.1561,-2,0,0,40
73.54,4.3265,-1.1561,-2,0,0,40
73.56,4.3265,-1.1561,-2,0,0,40
73.58,4.3265,-1.1561,-2,0,0,40
73.6,4.3265,-1.1561,-2,0,0,40
73.62,4.3265,-1.1561,-2,0,0,40
73.64,4.3265,-1.1561,-2,0,0,40
73.66,4.3265,-1.1561,-2,0,0,40
73.68,4.3265,-1.1561,-2,0,0,40
73.7,4.3265,-1.1561,-2,0,0,40
73.72,4.3265,-1.1561,-2,0,0,40
73.74,4.3265,-1.1561,-2,0,0,40
73.76,4.3265,-1.1561,-2,0,0,40
73.78,4.3265,-1.1561,-2,0,0,40
73.8,4.3265,-1.1561,-2,0,0,40
73.82,4.3265,-1.1561,-2,0,0,40
73.84,4.3265,-1.1561,-2,0,0,40
73.86,4.3265,-1.1561,-2,0,0,40
73.88,4.3265,-1.1561,-2,0,0,40
73.9,4.3265,-1.1561,-2,0,0,40
73.92,4.3265,-1.1561,-2,0,0,40
73.93999,4.3265,-1.1561,-2,0,0,40
73.96,4.3265,-1.1561,-2,0,0,40
73.98,4.3265,-1.1561,-2,0,0,40
74,4.3265,-1.1561,-2,0,0,40
74.02,4.3265,-1.1561,-2,0,0,40
74.04,4.3265,-1.1561,-2,0,0,40
74.06,4.3265,-1.1561,-2,0,0,40
74.08,4.3265,-1.1561,-2,0,0,40
74.1,4.3265,-1.1561,-2,0,0,40
74.12,4.3265,-1.1561,-2,0,0,40
74.14,4.3265,-1.1561,-2,0,0,40
74.16,4.3265,-1.1561,-2,0,0,40
74.18,4.3265,-1.1561,-2,0,0,40
74.2,4.3265,-1.1561,-2,0,0,40
74.22,4.3265,-1.1561,-2,0,0,40
74.24,4.3265,-1.1561,-2,0,0,40
74.26,4.3265,-1.1561,-2,0,0,40
74.28,4.3265,-1.1561,-2,0,0,40
74.3,4.3265,-1.1561,-2,0,0,40
74.32,4.3265,-1.1561,-2,0,0,40
74.34,4.3265,-1.1561,-2,0,0,40
74.36,4.3265,-1.1561,-2,0,0,40
74.38,4.3265,-1.1561,-2,0,0,40
74.4,4.3265,-1.1561,-2,0,0,40
74.42,4.3265,-1.1561,-2,0,0,40
74.43999,4.3265,-1.1561,-2,0,0,40
74.46,4.3265,-1.1561,-2,0,0,40
74.48,4.3265,-1.1561,-2,0,0,40
74.5,4.3265,-1.1561,-2,0,0,40
74.52,4.3265,-1.1561,-2,0,0,40
74.54,4.3265,-1.1561,-2,0,0,40
74.56,4.3265,-1.1561,-2,0,0,40
74.58,4.3265,-1.1561,-2,0,0,40
74.6,4.3265,-1.1561,-2,0,0,40
74.62,4.3265,-1.1561,-2,0,0,40
74.64,4.3265,-1.1561,-2,0,0,40
74.66,4.3265,-1.1561,-2,0,0,40
74.68,4.3265,-1.1561,-2,0,0,40
74.7,4.3265,-1.1561,-2,0,0,40
74.72,4.3265,-1.1561,-2,0,0,40
74.74,4.3265,-1.1561,-2,0,0,40
74.76,4.3265,-1.1561,-2,0,0,40
74.78,4.3265,-1.1561,-2,0,0,40
74.8,4.3265,-1.1561,-2,0,0,40
74.82,4.3265,-1.1561,-2,0,0,40
74.84,4.3265,-1.1561,-2,0,0,40
74.86,4.3265,-1.1561,-2,0,0,40
74.88,4.3265,-1.1561,-2,0,0,40
74.9,4.3265,-1.1561,-2,0,0,40
74.92,4.3265,-1.1561,-2,0,0,40
74.93999,4.3265,-1.1561,-2,0,0,40
74.96,4.3265,-1.1561,-2,0,0,40
74.98,4.3265,-1.1561,-2,0,0,40
75,4.3265,-1.1561,-2,0,0,40
75.02,4.3265,-1.1561,-2,0,0,40
75.04,4.3265,-1.1561,-2,0,0,40
75.06,4.3265,-1.1561,-2,0,0,40
75.08,4.3265,-1.1561,-2,0,0,40
75.1,4.3265,-1.1561,-2,0,0,40
75.12,4.3265,-1.1561,-2,0,0,40
75.14,4.3265,-1.1561,-2,0,0,40
75.16,4.3265,-1.1561,-2,0,0,40
75.18,4.3265,-1.1561,-2,0,0,40
75.2,4.3265,-1.1561,-2,0,0,40
75.22,4.3265,-1.1561,-2,0,0,40
75.24,4.3265,-1.1561,-2,0,0,40
75.25999,4.3265,-1.1561,-2,0,0,40
75.28,4.3265,-1.1561,-2,0,0,40
75.3,4.3265,-1.1561,-2,0,0,40
75.32,4.3265,-1.1561,-2,0,0,40
75.34,4.3265,-1.1561,-2,0,0,40
75.36,4.3265,-1.1561,-2,0,0,40
75.38,4.3265,-1.1561,-2,0,0,40
75.4,4.3265,-1.1561,-2,0,0,40
75.42,4.3265,-1.1561,-2,0,0,40
75.43999,4.3265,-1.1561,-2,0,0,40
75.46,4.3265,-1.1561,-2,0,0,40
75.48,4.3265,-1.1561,-2,0,0,40
75.5,4.3265,-1.1561,-2,0,0,40
75.52,4.3265,-1.1561,-2,0,0,40
75.54,4.3265,-1.1561,-2,0,0,40
75.56,4.3265,-1.1561,-2,0,0,40
75.58,4.3265,-1.1561,-2,0,0,40
75.6,4.3265,-1.1561,-2,0,0,40
75.62,4.3265,-1.1561,-2,0,0,40
75.64,4.3265,-1.1561,-2,0,0,40
75.66,4.3265,-1.1561,-2,0,0,40
75.68,4.3265,-1.1561,-2,0,0,40
75.7,4.3265,-1.1561,-2,0,0,40
75.72,4.3265,-1.1561,-2,0,0,40
75.74,4.3265,-1.1561,-2,0,0,40
75.75999,4.3265,-1.1561,-2,0,0,40
75.78,4.3265,-1.1561,-2,0,0,40
75.8,4.3265,-1.1561,-2,0,0,40
75.82,4.3265,-1.1561,-2,0,0,40
75.84,4.3265,-1.1561,-2,0,0,40
75.86,4.3265,-1.1561,-2,0,0,40
75.88,4.3265,-1.1561,-2,0,0,40
75.9,4.3265,-1.1561,-2,0,0,40
75.92,4.3265,-1.1561,-2,0,0,40
75.93999,4.3265,-1.1561,-2,0,0,40
75.96,4.3265,-1.1561,-2,0,0,40
75.98,4.3265,-1.1561,-2,0,0,40
76,4.3265,-1.1561,-2,0,0,40
76.02,4.3265,-1.1561,-2,0,0,40
76.04,4.3265,-1.1561,-2,0,0,40
76.06,4.3265,-1.1561,-2,0,0,40
76.08,4.3265,-1.1561,-2,0,0,40
76.1,4.3265,-1.1561,-2,0,0,40
76.12,4.3265,-1.1561,-2,0,0,40
76.14,4.3265,-1.1561,-2,0,0,40
76.16,4.3265,-1.1561,-2,0,0,40
76.18,4.3265,-1.1561,-2,0,0,40
76.2,4.3265,-1.1561,-2,0,0,40
76.22,4.3265,-1.1561,-2,0,0,40
76.24,4.3265,-1.1561,-2,0,0,40
76.25999,4.3265,-1.1561,-2,0,0,40
76.28,4.3265,-1.1561,-2,0,0,40
76.3,4.3265,-1.1561,-2,0,0,40
76.32,4.3265,-1.1561,-2,0,0,40
76.34,4.3265,-1.1561,-2,0,0,40
76.36,4.3265,-1.1561,-2,0,0,40
76.38,4.3265,-1.1561,-2,0,0,40
76.4,4.3265,-1.1561,-2,0,0,40
76.42,4.3265,-1.1561,-2,0,0,40
76.43999,4.3265,-1.1561,-2,0,0,40
76.46,4.3265,-1.1561,-2,0,0,40
76.48,4.3265,-1.1561,-2,0,0,40
76.5,4.3265,-1.1561,-2,0,0,40
76.52,4.3265,-1.1561,-2,0,0,40
76.54,4.3265,-1.1561,-2,0,0,40
76.56,4.3265,-1.1561,-2,0,0,40
76.58,4.3265,-1.1561,-2,0,0,40
76.6,4.3265,-1.1561,-2,0,0,40
76.62,4.3265,-1.1561,-2,0,0,40
76.64,4.3265,-1.1561,-2,0,0,40
76.66,4.3265,-1.1561,-2,0,0,40
76.68,4.3265,-1.1561,-2,0,0,40
76.7,4.3265,-1.1561,-2,0,0,40
76.72,4.3265,-1.1561,-2,0,0,40
76.74,4.3265,-1.1561,-2,0,0,40
76.75999,4.3265,-1.1561,-2,0,0,40
76.78,4.3265,-1.1561,-2,0,0,40
76.8,4.3265,-1.1561,-2,0,0,40
76.82,4.3265,-1.1561,-2,0,0,40
76.84,4.3265,-1.1561,-2,0,0,40
76.86,4.3265,-1.1561,-2,0,0,40
76.88,4.3265,-1.1561,-2,0,0,40
76.9,4.3265,-1.1561,-2,0,0,40
76.92,4.3265,-1.1561,-2,0,0,40
76.93999,4.3265,-1.1561,-2,0,0,40
76.96,4.3265,-1.1561,-2,0,0,40
76.98,4.3265,-1.1561,-2,0,0,40
77,4.3265,-1.1561,-2,0,0,40
77.02,4.3265,-1.1561,-2,0,0,40
77.04,4.3265,-1.1561,-2,0,0,40
77.06,4.3265,-1.1561,-2,0,0,40
77.08,4.3265,-1.1561,-2,0,0,40
77.1,4.3265,-1.1561,-2,0,0,40
77.12,4.3265,-1.1561,-2,0,0,40
77.14,4.3265,-1.1561,-2,0,0,40
77.16,4.3265,-1.1561,-2,0,0,40
77.18,4.3265,-1.1561,-2,0,0,40
77.2,4.3265,-1.1561,-2,0,0,40
77.22,4.3265,-1.1561,-2,0,0,40
77.24,4.3265,-1.1561,-2,0,0,40
77.25999,4.3265,-1.1561,-2,0,0,40
77.28,4.3265,-1.1561,-2,0,0,40
77.3,4.3265,-1.1561,-2,0,0,40
77.32,4.3265,-1.1561,-2,0,0,40
77.34,4.3265,-1.1561,-2,0,0,40
77.36,4.3265,-1.1561,-2,0,0,40
77.38,4.3265,-1.1561,-2,0,0,40
77.4,4.3265,-1.1561,-2,0,0,40
77.42,4.3265,-1.1561,-2,0,0,40
77.43999,4.3265,-1.1561,-2,0,0,40
77.46,4.3265,-1.1561,-2,0,0,40
77.48,4.3265,-1.1561,-2,0,0,40
77.5,4.3265,-1.1561,-2,0,0,40
77.52,4.3265,-1.1561,-2,0,0,40
77.54,4.3265,-1.1561,-2,0,0,40
77.56,4.3265,-1.1561,-2,0,0,40
77.58,4.3265,-1.1561,-2,0,0,40
77.6,4.3265,-1.1561,-2,0,0,40
77.62,4.3265,-1.1561,-2,0,0,40
77.64,4.3265,-1.1561,-2,0,0,40
77.66,4.3265,-1.1561,-2,0,0,40
77.68,4.3265,-1.1561,-2,0,0,40
77.7,4.3265,-1.1561,-2,0,0,40
77.72,4.3265,-1.1561,-2,0,0,40
77.74,4.3265,-1.1561,-2,0,0,40
77.75999,4.3265,-1.1561,-2,0,0,40
77.78,4.3265,-1.1561,-2,0,0,40
77.8,4.3265,-1.1561,-2,0,0,40
77.82,4.3265,-1.1561,-2,0,0,40
77.84,4.3265,-1.1561,-2,0,0,40
77.86,4.3265,-1.1561,-2,0,0,40
77.88,4.3265,-1.1561,-2,0,0,40
77.9,4.3265,-1.1561,-2,0,0,40
77.92,4.3265,-1.1561,-2,0,0,40
77.93999,4.3265,-1.1561,-2,0,0,40
77.96,4.3265,-1.1561,-2,0,0,40
77.98,4.3265,-1.1561,-2,0,0,40
78,4.3265,-1.1561,-2,0,0,40
78.02,4.3265,-1.1561,-2,0,0,40
78.04,4.3265,-1.1561,-2,0,0,40
78.06,4.3265,-1.1561,-2,0,0,40
78.08,4.3265,-1.1561,-2,0,0,40
78.1,4.3265,-1.1561,-2,0,0,40
78.12,4.3265,-1.1561,-2,0,0,40
78.14,4.3265,-1.1561,-2,0,0,40
78.16,4.3265,-1.1561,-2,0,0,40
78.18,4.3265,-1.1561,-2,0,0,40
78.2,4.3265,-1.1561,-2,0,0,40
78.22,4.3265,-1.1561,-2,0,0,40
78.24,4.3265,-1.1561,-2,0,0,40
78.25999,4.3265,-1.1561,-2,0,0,40
78.28,4.3265,-1.1561,-2,0,0,40
78.3,4.3265,-1.1561,-2,0,0,40
78.32,4.3265,-1.1561,-2,0,0,40
78.34,4.3265,-1.1561,-2,0,0,40
78.36,4.3265,-1.1561,-2,0,0,40
78.38,4.3265,-1.1561,-2,0,0,40
78.4,4.3265,-1.1561,-2,0,0,40
78.42,4.3265,-1.1561,-2,0,0,40
78.43999,4.3265,-1.1561,-2,0,0,40
78.46,4.3265,-1.1561,-2,0,0,40
78.48,4.3265,-1.1561,-2,0,0,40
78.5,4.3265,-1.1561,-2,0,0,40
78.52,4.3265,-1.1561,-2,0,0,40
78.54,4.3265,-1.1561,-2,0,0,40
78.56,4.3265,-1.1561,-2,0,0,40
78.58,4.3265,-1.1561,-2,0,0,40
78.6,4.3265,-1.1561,-2,0,0,40
78.62,4.3265,-1.1561,-2,0,0,40
78.64,4.3265,-1.1561,-2,0,0,40
78.66,4.3265,-1.1561,-2,0,0,40
78.68,4.3265,-1.1561,-2,0,0,40
78.7,4.3265,-1.1561,-2,0,0,40
78.72,4.3265,-1.1561,-2,0,0,40
78.74,4.3265,-1.1561,-2,0,0,40
78.75999,4.3265,-1.1561,-2,0,0,40
78.78,4.3265,-1.1561,-2,0,0,40
78.8,4.3265,-1.1561,-2,0,0,40
78.82,4.3265,-1.1561,-2,0,0,40
78.84,4.3265,-1.1561,-2,0,0,40
78.86,4.3265,-1.1561,-2,0,0,40
78.88,4.3265,-1.1561,-2,0,0,40
78.9,4.3265,-1.1561,-2,0,0,40
78.92,4.3265,-1.1561,-2,0,0,40
78.93999,4.3265,-1.1561,-2,0,0,40
78.96,4.3265,-1.1561,-2,0,0,40
78.98,4.3265,-1.1561,-2,0,0,40
79,4.3265,-1.1561,-2,0,0,40
79.02,4.3265,-1.1561,-2,0,0,40
79.04,4.3265,-1.1561,-2,0,0,40
79.06,4.3265,-1.1561,-2,0,0,40
79.08,4.3265,-1.1561,-2,0,0,40
79.1,4.3265,-1.1561,-2,0,0,40
79.12,4.3265,-1.1561,-2,0,0,40
79.14,4.3265,-1.1561,-2,0,0,40
79.16,4.3265,-1.1561,-2,0,0,40
79.18,4.3265,-1.1561,-2,0,0,40
79.2,4.3265,-1.1561,-2,0,0,40
79.22,4.3265,-1.1561,-2,0,0,40
79.24,4.3265,-1.1561,-2,0,0,40
79.25999,4.3265,-1.1561,-2,0,0,40
79.28,4.3265,-1.1561,-2,0,0,40
79.3,4.3265,-1.1561,-2,0,0,40
79.32,4.3265,-1.1561,-2,0,0,40
79.34,4.3265,-1.1561,-2,0,0,40
79.36,4.3265,-1.1561,-2,0,0,40
79.38,4.3265,-1.1561,-2,0,0,40
79.4,4.3265,-1.1561,-2,0,0,40
79.42,4.3265,-1.1561,-2,0,0,40
79.43999,4.3265,-1.1561,-2,0,0,40
79.46,4.3265,-1.1561,-2,0,0,40
79.48,4.3265,-1.1561,-2,0,0,40
79.5,4.3265,-1.1561,-2,0,0,40
79.52,4.3265,-1.1561,-2,0,0,40
79.54,4.3265,-1.1561,-2,0,0,40
79.56,4.3265,-1.1561,-2,0,0,40
79.58,4.3265,-1.1561,-2,0,0,40
79.6,4.3265,-1.1561,-2,0,0,40
79.62,4.3265,-1.1561,-2,0,0,40
79.64,4.3265,-1.1561,-2,0,0,40
79.66,4.3265,-1.1561,-2,0,0,40
79.68,4.3265,-1.1561,-2,0,0,40
79.7,4.3265,-1.1561,-2,0,0,40
79.72,4.3265,-1.1561,-2,0,0,40
79.74,4.3265,-1.1561,-2,0,0,40
79.75999,4.3265,-1.1561,-2,0,0,40
79.78,4.3265,-1.1561,-2,0,0,40
79.8,4.3265,-1.1561,-2,0,0,40
79.82,4.3265,-1.1561,-2,0,0,40
79.84,4.3265,-1.1561,-2,0,0,40
79.86,4.3265,-1.1561,-2,0,0,40
79.88,4.3265,-1.1561,-2,0,0,40
79.9,4.3265,-1.1561,-2,0,0,40
79.92,4.3265,-1.1561,-2,0,0,40
79.93999,4.3265,-1.1561,-2,0,0,40
79.96,4.3265,-1.1561,-2,0,0,40
79.98,4.3265,-1.1561,-2,0,0,40
80,4.3265,-1.1561,-2,0,0,40
80.02,4.3265,-1.1561,-2,0,0,40
80.04,4.3265,-1.1561,-2,0,0,40
80.06,4.3265,-1.1561,-2,0,0,40
80.08,4.3265,-1.1561,-2,0,0,40
80.1,4.3265,-1.1561,-2,0,0,40
80.12,4.3265,-1.1561,-2,0,0,40
80.14,4.3265,-1.1561,-2,0,0,40
80.16,4.3265,-1.1561,-2,0,0,40
80.18,4.3265,-1.1561,-2,0,0,40
80.2,4.3265,-1.1561,-2,0,0,40
80.22,4.3265,-1.1561,-2,0,0,40
80.24,4.3265,-1.1561,-2,0,0,40
80.25999,4.3265,-1.1561,-2,0,0,40
80.28,4.3265,-1.1561,-2,0,0,40
80.3,4.3265,-1.1561,-2,0,0,40
80.32,4.3265,-1.1561,-2,0,0,40
80.34,4.3265,-1.1561,-2,0,0,40
80.36,4.3265,-1.1561,-2,0,0,40
80.38,4.3265,-1.1561,-2,0,0,40
80.4,4.3265,-1.1561,-2,0,0,40
80.42,4.3265,-1.1561,-2,0,0,40
80.43999,4.3265,-1.1561,-2,0,0,40
80.46,4.3265,-1.1561,-2,0,0,40
80.48,4.3265,-1.1561,-2,0,0,40
80.5,4.3265,-1.1561,-2,0,0,40
80.52,4.3265,-1.1561,-2,0,0,40
80.54,4.3265,-1.1561,-2,0,0,40
80.56,4.3265,-1.1561,-2,0,0,40
80.58,4.3265,-1.1561,-2,0,0,40
80.6,4.3265,-1.1561,-2,0,0,40
80.62,4.3265,-1.1561,-2,0,0,40
80.64,4.3265,-1.1561,-2,0,0,40
80.66,4.3265,-1.1561,-2,0,0,40
80.68,4.3265,-1.1561,-2,0,0,40
80.7,4.3265,-1.1561,-2,0,0,40
80.72,4.3265,-1.1561,-2,0,0,40
80.74,4.3265,-1.1561,-2,0,0,40
80.75999,4.3265,-1.1561,-2,0,0,40
80.78,4.3265,-1.1561,-2,0,0,40
80.8,4.3265,-1.1561,-2,0,0,40
80.82,4.3265,-1.1561,-2,0,0,40
80.84,4.3265,-1.1561,-2,0,0,40
80.86,4.3265,-1.1561,-2,0,0,40
80.88,4.3265,-1.1561,-2,0,0,40
80.9,4.3265,-1.1561,-2,0,0,40
80.92,4.3265,-1.1561,-2,0,0,40
80.93999,4.3265,-1.1561,-2,0,0,40
80.96,4.3265,-1.1561,-2,0,0,40
80.98,4.3265,-1.1561,-2,0,0,40
81,4.3265,-1.1561,-2,0,0,40
81.02,4.3265,-1.1561,-2,0,0,40
81.04,4.3265,-1.1561,-2,0,0,40
81.06,4.3265,-1.1561,-2,0,0,40
81.08,4.3265,-1.1561,-2,0,0,40
81.1,4.3265,-1.1561,-2,0,0,40
81.12,4.3265,-1.1561,-2,0,0,40
81.14,4.3265,-1.1561,-2,0,0,40
81.16,4.3265,-1.1561,-2,0,0,40
81.18,4.3265,-1.1561,-2,0,0,40
81.2,4.3265,-1.1561,-2,0,0,40
81.22,4.3265,-1.1561,-2,0,0,40
81.24,4.3265,-1.1561,-2,0,0,40
81.25999,4.3265,-1.1561,-2,0,0,40
81.28,4.3265,-1.1561,-2,0,0,40
81.3,4.3265,-1.1561,-2,0,0,40
81.32,4.3265,-1.1561,-2,0,0,40
81.34,4.3265,-1.1561,-2,0,0,40
81.36,4.3265,-1.1561,-2,0,0,40
81.38,4.3265,-1.1561,-2,0,0,40
81.4,4.3265,-1.1561,-2,0,0,40
81.42,4.3265,-1.1561,-2,0,0,40
81.43999,4.3265,-1.1561,-2,0,0,40
81.46,4.3265,-1.1561,-2,0,0,40
81.48,4.3265,-1.1561,-2,0,0,40
81.5,4.3265,-1.1561,-2,0,0,40
81.52,4.3265,-1.1561,-2,0,0,40
81.54,4.3265,-1.1561,-2,0,0,40
81.56,4.3265,-1.1561,-2,0,0,40
81.58,4.3265,-1.1561,-2,0,0,40
81.6,4.3265,-1.1561,-2,0,0,40
81.62,4.3265,-1.1561,-2,0,0,40
81.64,4.3265,-1.1561,-2,0,0,40
81.66,4.3265,-1.1561,-2,0,0,40
81.68,4.3265,-1.1561,-2,0,0,40
81.7,4.3265,-1.1561,-2,0,0,40
81.72,4.3265,-1.1561,-2,0,0,40
81.74,4.3265,-1.1561,-2,0,0,40
81.75999,4.3265,-1.1561,-2,0,0,40
81.78,4.3265,-1.1561,-2,0,0,40
81.8,4.3265,-1.1561,-2,0,0,40
81.82,4.3265,-1.1561,-2,0,0,40
81.84,4.3265,-1.1561,-2,0,0,40
81.86,4.3265,-1.1561,-2,0,0,40
81.88,4.3265,-1.1561,-2,0,0,40
81.9,4.3265,-1.1561,-2,0,0,40
81.92,4.3265,-1.1561,-2,0,0,40
81.93999,4.3265,-1.1561,-2,0,0,40
81.96,4.3265,-1.1561,-2,0,0,40
81.98,4.3265,-1.1561,-2,0,0,40
82,4.3265,-1.1561,-2,0,0,40
82.02,4.3265,-1.1561,-2,0,0,40
82.04,4.3265,-1.1561,-2,0,0,40
82.06,4.3265,-1.1561,-2,0,0,40
82.08,4.3265,-1.1561,-2,0,0,40
82.1,4.3265,-1.1561,-2,0,0,40
82.12,4.3265,-1.1561,-2,0,0,40
82.14,4.3265,-1.1561,-2,0,0,40
82.16,4.3265,-1.1561,-2,0,0,40
82.18,4.3265,-1.1561,-2,0,0,40
82.2,4.3265,-1.1561,-2,0,0,40
82.22,4.3265,-1.1561,-2,0,0,40
82.24,4.3265,-1.1561,-2,0,0,40
82.25999,4.3265,-1.1561,-2,0,0,40
82.28,4.3265,-1.1561,-2,0,0,40
82.3,4.3265,-1.1561,-2,0,0,40
82.32,4.3265,-1.1561,-2,0,0,40
82.34,4.3265,-1.1561,-2,0,0,40
82.36,4.3265,-1.1561,-2,0,0,40
82.38,4.3265,-1.1561,-2,0,0,40
82.4,4.3265,-1.1561,-2,0,0,40
82.42,4.3265,-1.1561,-2,0,0,40
82.43999,4.3265,-1.1561,-2,0,0,40
82.46,4.3265,-1.1561,-2,0,0,40
82.48,4.3265,-1.1561,-2,0,0,40
82.5,4.3265,-1.1561,-2,0,0,40
82.52,4.3265,-1.1561,-2,0,0,40
82.54,4.3265,-1.1561,-2,0,0,40
82.56,4.3265,-1.1561,-2,0,0,40
82.58,4.3265,-1.1561,-2,0,0,40
82.6,4.3265,-1.1561,-2,0,0,40
82.62,4.3265,-1.1561,-2,0,0,40
82.64,4.3265,-1.1561,-2,0,0,40
82.66,4.3265,-1.1561,-2,0,0,40
82.68,4.3265,-1.1561,-2,0,0,40
82.7,4.3265,-1.1561,-2,0,0,40
82.72,4.3265,-1.1561,-2,0,0,40
82.74,4.3265,-1.1561,-2,0,0,40
82.75999,4.3265,-1.1561,-2,0,0,40
82.78,4.3265,-1.1561,-2,0,0,40
82.8,4.3265,-1.1561,-2,0,0,40
82.82,4.3265,-1.1561,-2,0,0,40
82.84,4.3265,-1.1561,-2,0,0,40
82.86,4.3265,-1.1561,-2,0,0,40
82.88,4.3265,-1.1561,-2,0,0,40
82.9,4.3265,-1.1561,-2,0,0,40
82.92,4.3265,-1.1561,-2,0,0,40
82.93999,4.3265,-1.1561,-2,0,0,40
82.96,4.3265,-1.1561,-2,0,0,40
82.98,4.3265,-1.1561,-2,0,0,40
83,4.3265,-1.1561,-2,0,0,40
83.02,4.3265,-1.1561,-2,0,0,40
83.04,4.3265,-1.1561,-2,0,0,40
83.06,4.3265,-1.1561,-2,0,0,40
83.08,4.3265,-1.1561,-2,0,0,40
83.1,4.3265,-1.1561,-2,0,0,40
83.12,4.3265,-1.1561,-2,0,0,40
83.14,4.3265,-1.1561,-2,0,0,40
83.16,4.3265,-1.1561,-2,0,0,40
83.18,4.3265,-1.1561,-2,0,0,40
83.2,4.3265,-1.1561,-2,0,0,40
83.22,4.3265,-1.1561,-2,0,0,40
83.24,4.3265,-1.1561,-2,0,0,40
83.25999,4.3265,-1.1561,-2,0,0,40
83.28,4.3265,-1.1561,-2,0,0,40
83.3,4.3265,-1.1561,-2,0,0,40
83.32,4.3265,-1.1561,-2,0,0,40
83.34,4.3265,-1.1561,-2,0,0,40
83.36,4.3265,-1.1561,-2,0,0,40
83.38,4.3265,-1.1561,-2,0,0,40
83.4,4.3265,-1.1561,-2,0,0,40
83.42,4.3265,-1.1561,-2,0,0,40
83.43999,4.3265,-1.1561,-2,0,0,40
83.46,4.3265,-1.1561,-2,0,0,40
83.48,4.3265,-1.1561,-2,0,0,40
83.5,4.3265,-1.1561,-2,0,0,40
83.52,4.3265,-1.1561,-2,0,0,40
83.54,4.3265,-1.1561,-2,0,0,40
83.56,4.3265,-1.1561,-2,0,0,40
83.58,4.3265,-1.1561,-2,0,0,40
83.6,4.3265,-1.1561,-2,0,0,40
83.62,4.3265,-1.1561,-2,0,0,40
83.64,4.3265,-1.1561,-2,0,0,40
83.66,4.3265,-1.1561,-2,0,0,40
83.68,4.3265,-1.1561,-2,0,0,40
83.7,4.3265,-1.1561,-2,0,0,40
83.72,4.3265,-1.1561,-2,0,0,40
83.74,4.3265,-1.1561,-2,0,0,40
83.75999,4.3265,-1.1561,-2,0,0,40
83.78,4.3265,-1.1561,-2,0,0,40
83.8,4.3265,-1.1561,-2,0,0,40
83.82,4.3265,-1.1561,-2,0,0,40
83.84,4.3265,-1.1561,-2,0,0,40
83.86,4.3265,-1.1561,-2,0,0,40
83.88,4.3265,-1.1561,-2,0,0,40
83.9,4.3265,-1.1561,-2,0,0,40
83.92,4.3265,-1.1561,-2,0,0,40
83.93999,4.3265,-1.1561,-2,0,0,40
83.96,4.3265,-1.1561,-2,0,0,40
83.98,4.3265,-1.1561,-2,0,0,40
84,4.3265,-1.1561,-2,0,0,40
84.02,4.3265,-1.1561,-2,0,0,40
84.04,4.3265,-1.1561,-2,0,0,40
84.06,4.3265,-1.1561,-2,0,0,40
84.08,4.3265,-1.1561,-2,0,0,40
84.1,4.3265,-1.1561,-2,0,0,40
84.12,4.3265,-1.1561,-2,0,0,40
84.14,4.3265,-1.1561,-2,0,0,40
84.16,4.3265,-1.1561,-2,0,0,40
84.18,4.3265,-1.1561,-2,0,0,40
84.2,4.3265,-1.1561,-2,0,0,40
84.22,4.3265,-1.1561,-2,0,0,40
84.24,4.3265,-1.1561,-2,0,0,40
84.25999,4.3265,-1.1561,-2,0,0,40
84.28,4.3265,-1.1561,-2,0,0,40
84.3,4.3265,-1.1561,-2,0,0,40
84.32,4.3265,-1.1561,-2,0,0,40
84.34,4.3265,-1.1561,-2,0,0,40
84.36,4.3265,-1.1561,-2,0,0,40
84.38,4.3265,-1.1561,-2,0,0,40
84.4,4.3265,-1.1561,-2,0,0,40
84.42,4.3265,-1.1561,-2,0,0,40
84.43999,4.3265,-1.1561,-2,0,0,40
84.46,4.3265,-1.1561,-2,0,0,40
84.48,4.3265,-1.1561,-2,0,0,40
84.5,4.3265,-1.1561,-2,0,0,40
84.52,4.3265,-1.1561,-2,0,0,40
84.54,4.3265,-1.1561,-2,0,0,40
84.56,4.3265,-1.1561,-2,0,0,40
84.58,4.3265,-1.1561,-2,0,0,40
84.6,4.3265,-1.1561,-2,0,0,40
84.62,4.3265,-1.1561,-2,0,0,40
84.64,4.3265,-1.1561,-2,0,0,40
84.66,4.3265,-1.1561,-2,0,0,40
84.68,4.3265,-1.1561,-2,0,0,40
84.7,4.3265,-1.1561,-2,0,0,40
84.72,4.3265,-1.1561,-2,0,0,40
84.74,4.3265,-1.1561,-2,0,0,40
84.75999,4.3265,-1.1561,-2,0,0,40
84.78,4.3265,-1.1561,-2,0,0,40
84.8,4.3265,-1.1561,-2,0,0,40
84.82,4.3265,-1.1561,-2,0,0,40
84.84,4.3265,-1.1561,-2,0,0,40
84.86,4.3265,-1.1561,-2,0,0,40
84.88,4.3265,-1.1561,-2,0,0,40
84.9,4.3265,-1.1561,-2,0,0,40
84.92,4.3265,-1.1561,-2,0,0,40
84.93999,4.3265,-1.1561,-2,0,0,40
84.96,4.3265,-1.1561,-2,0,0,40
84.98,4.3265,-1.1561,-2,0,0,40
85,4.3265,-1.1561,-2,0,0,40
85.02,4.3265,-1.1561,-2,0,0,40
85.04,4.3265,-1.1561,-2,0,0,40
85.06,4.3265,-1.1561,-2,0,0,40
85.08,4.3265,-1.1561,-2,0,0,40
85.1,4.3265,-1.1561,-2,0,0,40
85.12,4.3265,-1.1561,-2,0,0,40
85.14,4.3265,-1.1561,-2,0,0,40
85.16,4.3265,-1.1561,-2,0,0,40
85.18,4.3265,-1.1561,-2,0,0,40
85.2,4.3265,-1.1561,-2,0,0,40
85.22,4.3265,-1.1561,-2,0,0,40
85.24,4.3265,-1.1561,-2,0,0,40
85.25999,4.3265,-1.1561,-2,0,0,40
85.28,4.3265,-1.1561,-2,0,0,40
85.3,4.3265,-1.1561,-2,0,0,40
85.32,4.3265,-1.1561,-2,0,0,40
85.34,4.3265,-1.1561,-2,0,0,40
85.36,4.3265,-1.1561,-2,0,0,40
85.38,4.3265,-1.1561,-2,0,0,40
85.4,4.3265,-1.1561,-2,0,0,40
85.42,4.3265,-1.1561,-2,0,0,40
85.43999,4.3265,-1.1561,-2,0,0,40
85.46,4.3265,-1.1561,-2,0,0,40
85.48,4.3265,-1.1561,-2,0,0,40
85.5,4.3265,-1.1561,-2,0,0,40
85.52,4.3265,-1.1561,-2,0,0,40
85.54,4.3265,-1.1561,-2,0,0,40
85.56,4.3265,-1.1561,-2,0,0,40
85.58,4.3265,-1.1561,-2,0,0,40
85.6,4.3265,-1.1561,-2,0,0,40
85.62,4.3265,-1.1561,-2,0,0,40
85.64,4.3265,-1.1561,-2,0,0,40
85.66,4.3265,-1.1561,-2,0,0,40
85.68,4.3265,-1.1561,-2,0,0,40
85.7,4.3265,-1.1561,-2,0,0,40
85.72,4.3265,-1.1561,-2,0,0,40
85.74,4.3265,-1.1561,-2,0,0,40
85.75999,4.3265,-1.1561,-2,0,0,40
85.78,4.3265,-1.1561,-2,0,0,40
85.8,4.3265,-1.1561,-2,0,0,40
85.82,4.3265,-1.1561,-2,0,0,40
85.84,4.3265,-1.1561,-2,0,0,40
85.86,4.3265,-1.1561,-2,0,0,40
85.88,4.3265,-1.1561,-2,0,0,40
85.9,4.3265,-1.1561,-2,0,0,40
85.92,4.3265,-1.1561,-2,0,0,40
85.93999,4.3265,-1.1561,-2,0,0,40
85.96,4.3265,-1.1561,-2,0,0,40
85.98,4.3265,-1.1561,-2,0,0,40
86,4.3265,-1.1561,-2,0,0,40
86.02,4.3265,-1.1561,-2,0,0,40
86.04,4.3265,-1.1561,-2,0,0,40
86.06,4.3265,-1.1561,-2,0,0,40
86.08,4.3265,-1.1561,-2,0,0,40
86.1,4.3265,-1.1561,-2,0,0,40
86.12,4.3265,-1.1561,-2,0,0,40
86.14,4.3265,-1.1561,-2,0,0,40
86.16,4.3265,-1.1561,-2,0,0,40
86.18,4.3265,-1.1561,-2,0,0,40
86.2,4.3265,-1.1561,-2,0,0,40
86.22,4.3265,-1.1561,-2,0,0,40
86.24,4.3265,-1.1561,-2,0,0,40
86.25999,4.3265,-1.1561,-2,0,0,40
86.28,4.3265,-1.1561,-2,0,0,40
86.3,4.3265,-1.1561,-2,0,0,40
86.32,4.3265,-1.1561,-2,0,0,40
86.34,4.3265,-1.1561,-2,0,0,40
86.36,4.3265,-1.1561,-2,0,0,40
86.38,4.3265,-1.1561,-2,0,0,40
86.4,4.3265,-1.1561,-2,0,0,40
86.42,4.3265,-1.1561,-2,0,0,40
86.43999,4.3265,-1.1561,-2,0,0,40
86.46,4.3265,-1.1561,-2,0,0,40
86.48,4.3265,-1.1561,-2,0,0,40
86.5,4.3265,-1.1561,-2,0,0,40
86.52,4.3265,-1.1561,-2,0,0,40
86.54,4.3265,-1.1561,-2,0,0,40
86.56,4.3265,-1.1561,-2,0,0,40
86.58,4.3265,-1.1561,-2,0,0,40
86.6,4.3265,-1.1561,-2,0,0,40
86.62,4.3265,-1.1561,-2,0,0,40
86.64,4.3265,-1.1561,-2,0,0,40
86.66,4.3265,-1.1561,-2,0,0,40
86.68,4.3265,-1.1561,-2,0,0,40
86.7,4.3265,-1.1561,-2,0,0,40
86.72,4.3265,-1.1561,-2,0,0,40
86.74,4.3265,-1.1561,-2,0,0,40
86.75999,4.3265,-1.1561,-2,0,0,40
86.78,4.3265,-1.1561,-2,0,0,40
86.8,4.3265,-1.1561,-2,0,0,40
86.82,4.3265,-1.1561,-2,0,0,40
86.84,4.3265,-1.1561,-2,0,0,40
86.86,4.3265,-1.1561,-2,0,0,40
86.88,4.3265,-1.1561,-2,0,0,40
86.9,4.3265,-1.1561,-2,0,0,40
86.92,4.3265,-1.1561,-2,0,0,40
86.93999,4.3265,-1.1561,-2,0,0,40
86.96,4.3265,-1.1561,-2,0,0,40
86.98,4.3265,-1.1561,-2,0,0,40
87,4.3265,-1.1561,-2,0,0,40
87.02,4.3265,-1.1561,-2,0,0,40
87.04,4.3265,-1.1561,-2,0,0,40
87.06,4.3265,-1.1561,-2,0,0,40
87.08,4.3265,-1.1561,-2,0,0,40
87.1,4.3265,-1.1561,-2,0,0,40
87.12,4.3265,-1.1561,-2,0,0,40
87.14,4.3265,-1.1561,-2,0,0,40
87.16,4.3265,-1.1561,-2,0,0,40
87.18,4.3265,-1.1561,-2,0,0,40
87.2,4.3265,-1.1561,-2,0,0,40
87.22,4.3265,-1.1561,-2,0,0,40
87.24,4.3265,-1.1561,-2,0,0,40
87.25999,4.3265,-1.1561,-2,0,0,40
87.28,4.3265,-1.1561,-2,0,0,40
87.3,4.3265,-1.1561,-2,0,0,40
87.32,4.3265,-1.1561,-2,0,0,40
87.34,4.3265,-1.1561,-2,0,0,40
87.36,4.3265,-1.1561,-2,0,0,40
87.38,4.3265,-1.1561,-2,0,0,40
87.4,4.3265,-1.1561,-2,0,0,40
87.42,4.3265,-1.1561,-2,0,0,40
87.43999,4.3265,-1.1561,-2,0,0,40
87.46,4.3265,-1.1561,-2,0,0,40
87.48,4.3265,-1.1561,-2,0,0,40
87.5,4.3265,-1.1561,-2,0,0,40
87.52,4.3265,-1.1561,-2,0,0,40
87.54,4.3265,-1.1561,-2,0,0,40
87.56,4.3265,-1.1561,-2,0,0,40
87.58,4.3265,-1.1561,-2,0,0,40
87.6,4.3265,-1.1561,-2,0,0,40
87.62,4.3265,-1.1561,-2,0,0,40
87.64,4.3265,-1.1561,-2,0,0,40
87.66,4.3265,-1.1561,-2,0,0,40
87.68,4.3265,-1.1561,-2,0,0,40
87.7,4.3265,-1.1561,-2,0,0,40
87.72,4.3265,-1.1561,-2,0,0,40
87.74,4.3265,-1.1561,-2,0,0,40
87.75999,4.3265,-1.1561,-2,0,0,40
87.78,4.3265,-1.1561,-2,0,0,40
87.8,4.3265,-1.1561,-2,0,0,40
87.82,4.3265,-1.1561,-2,0,0,40
87.84,4.3265,-1.1561,-2,0,0,40
87.86,4.3265,-1.1561,-2,0,0,40
87.88,4.3265,-1.1561,-2,0,0,40
87.9,4.3265,-1.1561,-2,0,0,40
87.92,4.3265,-1.1561,-2,0,0,40
87.93999,4.3265,-1.1561,-2,0,0,40
87.96,4.3265,-1.1561,-2,0,0,40
87.98,4.3265,-1.1561,-2,0,0,40
88,4.3265,-1.1561,-2,0,0,40
88.02,4.3265,-1.1561,-2,0,0,40
88.04,4.3265,-1.1561,-2,0,0,40
88.06,4.3265,-1.1561,-2,0,0,40
88.08,4.3265,-1.1561,-2,0,0,40
88.1,4.3265,-1.1561,-2,0,0,40
88.12,4.3265,-1.1561,-2,0,0,40
88.14,4.3265,-1.1561,-2,0,0,40
88.16,4.3265,-1.1561,-2,0,0,40
88.18,4.3265,-1.1561,-2,0,0,40
88.2,4.3265,-1.1561,-2,0,0,40
88.22,4.3265,-1.1561,-2,0,0,40
88.24,4.3265,-1.1561,-2,0,0,40
88.25999,4.3265,-1.1561,-2,0,0,40
88.28,4.3265,-1.1561,-2,0,0,40
88.3,4.3265,-1.1561,-2,0,0,40
88.32,4.3265,-1.1561,-2,0,0,40
88.34,4.3265,-1.1561,-2,0,0,40
88.36,4.3265,-1.1561,-2,0,0,40
88.38,4.3265,-1.1561,-2,0,0,40
88.4,4.3265,-1.1561,-2,0,0,40
88.42,4.3265,-1.1561,-2,0,0,40
88.43999,4.3265,-1.1561,-2,0,0,40
88.46,4.3265,-1.1561,-2,0,0,40
88.48,4.3265,-1.1561,-2,0,0,40
88.5,4.3265,-1.1561,-2,0,0,40
88.52,4.3265,-1.1561,-2,0,0,40
88.54,4.3265,-1.1561,-2,0,0,40
88.56,4.3265,-1.1561,-2,0,0,40
88.58,4.3265,-1.1561,-2,0,0,40
88.6,4.3265,-1.1561,-2,0,0,40
88.62,4.3265,-1.1561,-2,0,0,40
88.64,4.3265,-1.1561,-2,0,0,40
88.66,4.3265,-1.1561,-2,0,0,40
88.68,4.3265,-1.1561,-2,0,0,40
88.7,4.3265,-1.1561,-2,0,0,40
88.72,4.3265,-1.1561,-2,0,0,40
88.74,4.3265,-1.1561,-2,0,0,40
88.75999,4.3265,-1.1561,-2,0,0,40
88.78,4.3265,-1.1561,-2,0,0,40
88.8,4.3265,-1.1561,-2,0,0,40
88.82,4.3265,-1.1561,-2,0,0,40
88.84,4.3265,-1.1561,-2,0,0,40
88.86,4.3265,-1.1561,-2,0,0,40
88.88,4.3265,-1.1561,-2,0,0,40
88.9,4.3265,-1.1561,-2,0,0,40
88.92,4.3265,-1.1561,-2,0,0,40
88.93999,4.3265,-1.1561,-2,0,0,40
88.96,4.3265,-1.1561,-2,0,0,40
88.98,4.3265,-1.1561,-2,0,0,40
89,4.3265,-1.1561,-2,0,0,40
89.02,4.3265,-1.1561,-2,0,0,40
89.04,4.3265,-1.1561,-2,0,0,40
89.06,4.3265,-1.1561,-2,0,0,40
89.07999,4.3265,-1.1561,-2,0,0,40
89.1,4.3265,-1.1561,-2,0,0,40
89.12,4.3265,-1.1561,-2,0,0,40
89.14,4.3265,-1.1561,-2,0,0,40
89.16,4.3265,-1.1561,-2,0,0,40
89.18,4.3265,-1.1561,-2,0,0,40
89.2,4.3265,-1.1561,-2,0,0,40
89.22,4.3265,-1.1561,-2,0,0,40
89.24,4.3265,-1.1561,-2,0,0,40
89.25999,4.3265,-1.1561,-2,0,0,40
89.28,4.3265,-1.1561,-2,0,0,40
89.3,4.3265,-1.1561,-2,0,0,40
89.32,4.3265,-1.1561,-2,0,0,40
89.34,4.3265,-1.1561,-2,0,0,40
89.36,4.3265,-1.1561,-2,0,0,40
89.38,4.3265,-1.1561,-2,0,0,40
89.4,4.3265,-1.1561,-2,0,0,40
89.42,4.3265,-1.1561,-2,0,0,40
89.43999,4.3265,-1.1561,-2,0,0,40
89.46,4.3265,-1.1561,-2,0,0,40
89.48,4.3265,-1.1561,-2,0,0,40
89.5,4.3265,-1.1561,-2,0,0,40
89.52,4.3265,-1.1561,-2,0,0,40
89.54,4.3265,-1.1561,-2,0,0,40
89.56,4.3265,-1.1561,-2,0,0,40
89.57999,4.3265,-1.1561,-2,0,0,40
89.6,4.3265,-1.1561,-2,0,0,40
89.62,4.3265,-1.1561,-2,0,0,40
89.64,4.3265,-1.1561,-2,0,0,40
89.66,4.3265,-1.1561,-2,0,0,40
89.68,4.3265,-1.1561,-2,0,0,40
89.7,4.3265,-1.1561,-2,0,0,40
89.72,4.3265,-1.1561,-2,0,0,40
89.74,4.3265,-1.1561,-2,0,0,40
89.75999,4.3265,-1.1561,-2,0,0,40
89.78,4.3265,-1.1561,-2,0,0,40
89.8,4.3265,-1.1561,-2,0,0,40
89.82,4.3265,-1.1561,-2,0,0,40
89.84,4.3265,-1.1561,-2,0,0,40
89.86,4.3265,-1.1561,-2,0,0,40
89.88,4.3265,-1.1561,-2,0,0,40
89.9,4.3265,-1.1561,-2,0,0,40
89.92,4.3265,-1.1561,-2,0,0,40
89.93999,4.3265,-1.1561,-2,0,0,40
89.96,4.3265,-1.1561,-2,0,0,40
89.98,4.3265,-1.1561,-2,0,0,40
90,4.3265,-1.1561,-2,0,0,40
90.02,4.3265,-1.1561,-2,0,0,40
90.04,4.3265,-1.1561,-2,0,0,40
90.06,4.3265,-1.1561,-2,0,0,40
90.07999,4.3265,-1.1561,-2,0,0,40
90.1,4.3265,-1.1561,-2,0,0,40
90.12,4.3265,-1.1561,-2,0,0,40
90.14,4.3265,-1.1561,-2,0,0,40
90.16,4.3265,-1.1561,-2,0,0,40
90.18,4.3265,-1.1561,-2,0,0,40
90.2,4.3265,-1.1561,-2,0,0,40
90.22,4.3265,-1.1561,-2,0,0,40
90.24,4.3265,-1.1561,-2,0,0,40
90.25999,4.3265,-1.1561,-2,0,0,40
90.28,4.3265,-1.1561,-2,0,0,40
90.3,4.3265,-1.1561,-2,0,0,40
90.32,4.3265,-1.1561,-2,0,0,40
90.34,4.3265,-1.1561,-2,0,0,40
90.36,4.3265,-1.1561,-2,0,0,40
90.38,4.3265,-1.1561,-2,0,0,40
90.4,4.3265,-1.1561,-2,0,0,40
90.42,4.3265,-1.1561,-2,0,0,40
90.43999,4.3265,-1.1561,-2,0,0,40
90.46,4.3265,-1.1561,-2,0,0,40
90.48,4.3265,-1.1561,-2,0,0,40
90.5,4.3265,-1.1561,-2,0,0,40
90.52,4.3265,-1.1561,-2,0,0,40
90.54,4.3265,-1.1561,-2,0,0,40
90.56,4.3265,-1.1561,-2,0,0,40
90.57999,4.3265,-1.1561,-2,0,0,40
90.6,4.3265,-1.1561,-2,0,0,40
90.62,4.3265,-1.1561,-2,0,0,40
90.64,4.3265,-1.1561,-2,0,0,40
90.66,4.3265,-1.1561,-2,0,0,40
90.68,4.3265,-1.1561,-2,0,0,40
90.7,4.3265,-1.1561,-2,0,0,40
90.72,4.3265,-1.1561,-2,0,0,40
90.74,4.3265,-1.1561,-2,0,0,40
90.75999,4.3265,-1.1561,-2,0,0,40
90.78,4.3265,-1.1561,-2,0,0,40
90.8,4.3265,-1.1561,-2,0,0,40
90.82,4.3265,-1.1561,-2,0,0,40
90.84,4.3265,-1.1561,-2,0,0,40
90.86,4.3265,-1.1561,-2,0,0,40
90.88,4.3265,-1.1561,-2,0,0,40
90.9,4.3265,-1.1561,-2,0,0,40
90.92,4.3265,-1.1561,-2,0,0,40
90.93999,4.3265,-1.1561,-2,0,0,40
90.96,4.3265,-1.1561,-2,0,0,40
90.98,4.3265,-1.1561,-2,0,0,40
91,4.3265,-1.1561,-2,0,0,40
91.02,4.3265,-1.1561,-2,0,0,40
91.04,4.3265,-1.1561,-2,0,0,40
91.06,4.3265,-1.1561,-2,0,0,40
91.07999,4.3265,-1.1561,-2,0,0,40
91.1,4.3265,-1.1561,-2,0,0,40
91.12,4.3265,-1.1561,-2,0,0,40
91.14,4.3265,-1.1561,-2,0,0,40
91.16,4.3265,-1.1561,-2,0,0,40
91.18,4.3265,-1.1561,-2,0,0,40
91.2,4.3265,-1.1561,-2,0,0,40
91.22,4.3265,-1.1561,-2,0,0,40
91.24,4.3265,-1.1561,-2,0,0,40
91.25999,4.3265,-1.1561,-2,0,0,40
91.28,4.3265,-1.1561,-2,0,0,40
91.3,4.3265,-1.1561,-2,0,0,40
91.32,4.3265,-1.1561,-2,0,0,40
91.34,4.3265,-1.1561,-2,0,0,40
91.36,4.3265,-1.1561,-2,0,0,40
91.38,4.3265,-1.1561,-2,0,0,40
91.4,4.3265,-1.1561,-2,0,0,40
91.42,4.3265,-1.1561,-2,0,0,40
91.43999,4.3265,-1.1561,-2,0,0,40
91.46,4.3265,-1.1561,-2,0,0,40
