time,pos_x,pos_y,pos_z,rot_x,rot_y,rot_z
10.36,-0.1884,-0.9668,-1.054,84.7419,226.401,155.0615
10.38,-0.2043,-0.9661,-1.0486,84.7244,226.8412,155.5239
10.4,-0.1983,-0.9641,-1.0556,84.7214,226.7256,155.3784
10.42,-0.2059,-0.9637,-1.0543,84.7056,226.928,155.5922
10.44,-0.213,-0.9619,-1.0563,84.6876,227.082,155.7357
10.46,-0.2172,-0.959,-1.0554,84.6825,227.193,155.8517
10.48,-0.2188,-0.956,-1.0561,84.6821,227.3341,155.9875
10.5,-0.2258,-0.9609,-1.0583,84.6453,227.3191,155.9879
10.52,-0.2285,-0.9652,-1.063,84.6235,227.3253,155.9778
10.54,-0.2354,-0.9593,-1.0596,84.6251,227.5633,156.2169
10.56,-0.2382,-0.9616,-1.0607,84.611,227.5984,156.2467
10.58,-0.2387,-0.9615,-1.0617,84.6068,227.6125,156.2426
10.6,-0.2388,-0.9609,-1.0621,84.6035,227.6436,156.2612
10.62,-0.2382,-0.9631,-1.0648,84.5918,227.6361,156.2316
10.64,-0.2366,-0.963,-1.0666,84.6008,227.5868,156.1641
10.66,-0.2387,-0.9679,-1.0688,84.5912,227.6036,156.1668
10.68,-0.2339,-0.9743,-1.0773,84.5911,227.4045,155.9841
10.7,-0.2283,-0.9833,-1.0919,84.5889,226.9259,155.5975
10.72,-0.2202,-0.9951,-1.1209,84.567,226.0612,154.8056
10.74,-0.2221,-1.0028,-1.1409,84.5455,225.6013,154.3525
10.76,-0.1891,-1.0155,-1.2408,84.4339,223.0571,151.7887
10.78,-0.1702,-1.0181,-1.304,84.3376,221.2137,149.922
10.8,-0.1461,-1.0125,-1.3764,84.2188,219.3864,148.0772
10.82,-0.1227,-1.0136,-1.4569,84.0581,217.1768,145.8644
10.84,-0.1014,-1.0114,-1.5409,83.8864,215.0104,143.742
10.86,-0.0424,-1.019,-1.7302,83.4723,210.1764,139.0029
10.88,-0.0155,-1.0142,-1.8207,83.2545,207.9526,136.8967
10.9,0.0115,-1.0091,-1.9104,83.0501,205.6898,134.7526
10.92,0.0382,-1.0088,-1.9999,82.8143,203.6925,132.865
10.94,0.0678,-1.0055,-2.0858,82.593,201.8935,131.1887
10.96,0.109,-0.9489,-2.2055,82.2832,199.2047,129.1519
10.98,0.1323,-0.8841,-2.2425,82.2261,198.4088,128.8732
11,0.1368,-0.7978,-2.2523,82.2066,197.8398,129.1174
11.02,0.1373,-0.6558,-2.2309,82.3493,197.2793,130.0538
11.04,0.1261,-0.47,-2.1793,82.5721,196.4381,131.1631
11.06,0.039,-0.0545,-1.9819,82.4467,193.7623,132.1365
11.08,-0.0165,0.1344,-1.8437,82.5316,193.4975,132.8442
11.1,-0.0772,0.3093,-1.6372,83.3054,195.4154,134.9344
11.12,-0.1305,0.378,-1.4738,83.8635,198.4214,138.0893
11.14,-0.2006,0.44,-1.2106,84.5813,205.3746,144.9954
11.16,-0.3654,0.4682,-0.5145,85.4198,233.0675,171.7034
11.18,-0.4494,0.4893,-0.0857,85.3734,255.1203,192.848
11.2,-0.5242,0.5316,0.3849,84.6842,275.5868,212.2938
11.22,-0.601,0.5868,0.8855,83.5529,290.1574,225.9672
11.24,-0.7405,0.7123,1.9421,80.7083,307.814,241.8532
11.26,-0.7992,0.7904,2.4822,79.2013,313.8376,247.1949
11.28,-0.8362,0.8851,3.0033,77.7306,318.8647,251.7021
11.3,-0.8824,1.0097,3.5202,76.2436,323.1603,255.6276
11.32,-0.9152,1.1721,4.1216,74.507,327.621,259.7184
11.34,-0.9214,1.2615,4.4533,73.5054,329.928,261.7914
11.36,-0.9164,1.4545,5.2466,71.129,334.8748,265.4915
11.38,-0.8885,1.4982,5.5563,70.1545,336.5474,266.5706
11.4,-0.862,1.5521,5.8077,69.3161,337.6308,266.9995
11.42,-0.8398,1.5974,5.9793,68.6937,338.1718,266.5153
11.44,-0.8161,1.6348,6.0579,68.4657,338.4777,266.1363
11.46,-0.7274,1.6322,5.9226,69.3397,337.4842,264.2198
11.48,-0.6421,1.5581,5.6811,70.5219,336.5053,263.083
11.5,-0.5802,1.4132,5.3841,71.9929,334.7513,261.1259
11.52,-0.5112,1.2235,5.0072,73.64,332.7657,258.903
11.54,-0.3237,0.7145,4.0083,77.5139,327.1132,252.5298
11.56,-0.2115,0.4398,3.3992,79.4552,322.542,247.6545
11.58,-0.1024,0.159,2.7187,81.5931,314.5881,239.4349
11.6,0.0191,-0.0858,1.9821,83.5667,301.4796,226.1383
11.62,0.1502,-0.2702,1.1966,85.0734,277.3994,202.241
11.64,0.2893,-0.3927,0.3734,85.2924,243.3991,168.4676
11.66,0.5852,-0.5025,-1.3212,81.7903,199.4568,124.8338
11.68,0.7763,-0.529,-2.3769,78.5749,189.3775,114.5165
11.7,0.8932,-0.5096,-2.9877,76.6847,185.7666,110.9815
11.72,1.039,-0.4455,-3.7636,74.1881,182.2527,107.9007
11.74,1.1837,-0.3311,-4.4966,71.7071,179.9947,105.7283
11.76,1.4485,-0.0351,-5.7818,67.2741,177.5636,102.2583
11.78,1.5736,0.098,-6.3246,65.461,176.6299,100.9712
11.8,1.6776,0.2171,-6.7807,63.8959,175.8201,100.3739
11.82,1.7715,0.3293,-7.157,62.548,175.0687,100.0042
11.84,1.8561,0.4319,-7.4541,61.4505,174.3864,99.6878
11.86,1.991,0.5672,-7.839,60.0213,173.4177,98.8648
11.88,2.0426,0.6019,-7.9252,59.7094,173.0545,98.6508
11.9,2.07,0.6079,-7.9355,59.6403,172.7876,98.6852
11.92,2.0818,0.5955,-7.8808,59.8183,172.6002,98.7625
11.94,2.0752,0.5599,-7.7546,60.2811,172.5227,98.9093
11.96,2.0019,0.4214,-7.2564,62.1219,172.7232,99.7324
11.98,1.9209,0.3481,-6.8714,63.5612,172.8655,100.9221
12,1.8186,0.2845,-6.4004,65.1674,173.4457,102.0568
12.02,1.7025,0.2097,-5.857,66.8413,174.5978,103.4267
12.04,1.5648,0.121,-5.2308,68.9468,176.0092,104.9156
12.06,1.2412,-0.0594,-3.7532,74.1693,180.4312,109.9148
12.08,1.0614,-0.1281,-2.9217,76.9876,184.5448,114.0466
12.1,0.8684,-0.1678,-2.032,79.761,191.0444,120.5975
12.12,0.671,-0.1788,-1.111,82.405,202.7946,132.16
12.14,0.28,-0.085,0.7827,85.2144,261.2653,189.8911
12.16,0.0926,0.019,1.7194,83.96,295.1876,223.3591
12.18,-0.091,0.1595,2.6344,81.5456,312.3149,239.7011
12.2,-0.2505,0.3311,3.5011,78.6974,322.4298,248.6279
12.22,-0.4017,0.5179,4.3142,75.7399,327.6915,252.3297
12.24,-0.5313,0.7362,5.0621,72.8959,331.3167,254.5312
12.26,-0.7311,1.2735,6.3121,68.2442,334.5409,256.1126
12.28,-0.8185,1.5763,6.8051,66.3585,335.5647,256.9036
12.3,-0.8624,1.8643,7.1854,64.804,336.4902,257.4952
12.32,-0.9149,2.1135,7.4771,63.568,337.044,257.8996
12.34,-0.9612,2.3082,7.6825,62.6997,337.4061,258.3187
12.36,-0.9902,2.5041,7.8312,62.0882,337.575,258.4724
12.38,-1.0055,2.4645,7.7707,62.4549,336.9058,257.6157
12.4,-1.0116,2.4037,7.6913,62.9309,336.3727,256.991
12.42,-1.0117,2.2393,7.4855,63.798,335.4761,256.0161
12.44,-1.0069,2.0359,7.2274,64.8637,334.4308,254.8886
12.46,-0.9766,1.4854,6.4702,67.74,331.1039,251.1727
12.48,-0.9405,1.1753,5.9804,69.536,328.6202,248.3582
12.5,-0.8874,0.8452,5.4066,71.5887,325.2952,244.7196
12.52,-0.8159,0.5218,4.7616,73.8038,321.0463,240.452
12.54,-0.739,0.2219,4.0588,76.0762,315.6208,235.2711
12.56,-0.4955,-0.3143,2.4489,80.6924,295.1924,215.5067
12.58,-0.345,-0.5045,1.5721,82.3761,277.2933,198.2839
12.6,-0.1771,-0.6341,0.6632,83.1469,253.1082,174.8931
12.62,0.0088,-0.703,-0.27,82.518,227.2951,149.7835
12.64,0.2072,-0.7393,-1.2091,80.6013,207.6462,130.5839
12.66,0.6277,-0.6997,-3.0351,75.4834,187.921,112.0961
12.68,0.8336,-0.613,-3.8877,72.6763,182.8389,107.6102
12.7,1.0451,-0.4726,-4.6917,70.0339,179.3392,104.5245
12.72,1.2428,-0.3023,-5.4265,67.4963,176.8884,102.3701
12.74,1.4345,-0.1211,-6.0948,65.1879,175.1072,100.7682
12.76,1.7884,0.2132,-7.2263,61.214,172.8709,98.406
12.78,1.9429,0.3669,-7.6788,59.5747,172.1725,97.6324
12.8,2.1071,0.549,-8.1335,57.8839,171.6299,96.7866
12.82,2.1977,0.6602,-8.3402,57.1048,171.3185,96.1878
12.84,2.3699,0.8489,-8.6691,55.9341,170.7526,95.4502
12.86,2.4242,0.8918,-8.72,55.6796,170.5164,95.1989
12.88,2.4617,0.8879,-8.6848,55.7953,170.3451,94.8687
12.9,2.4712,0.855,-8.621,56.0224,170.2857,94.7542
12.92,2.4614,0.7727,-8.4469,56.7186,170.2285,94.7184
12.94,2.3668,0.5356,-7.9009,58.7866,170.4602,95.2679
12.96,2.2605,0.3455,-7.4329,60.5335,170.8632,95.9224
12.98,2.1782,0.2208,-7.1083,61.7271,171.2599,96.3888
13,2.0476,0.0559,-6.6239,63.4821,172.0232,97.0739
13.02,1.8958,-0.1003,-6.0853,65.4156,173.2261,97.8886
13.04,1.7203,-0.2372,-5.4832,67.5602,174.8995,99.0929
13.06,1.3129,-0.4682,-4.1112,72.2593,180.358,103.6935
13.08,1.0799,-0.5401,-3.3364,74.7617,184.69,107.8118
13.1,0.8392,-0.5679,-2.5116,77.3233,191.0764,113.925
13.12,0.5901,-0.5476,-1.6433,79.6997,201.2954,123.6463
13.14,0.3377,-0.4832,-0.742,81.7681,217.4136,139.1707
13.16,-0.1409,-0.2686,1.1027,82.702,268.5807,189.5183
13.18,-0.3624,-0.1139,2.0203,81.1666,290.3284,210.8687
13.2,-0.5678,0.0706,2.914,78.9214,304.1211,224.1529
13.22,-0.7467,0.2865,3.7711,76.3838,313.0038,232.3675
13.24,-0.8925,0.526,4.5749,73.7749,319.5924,238.0822
13.26,-1.1139,1.0756,6.0075,68.6727,327.0948,244.024
13.28,-1.1757,1.3772,6.6047,66.3378,329.7456,246.2724
13.3,-1.2264,1.6871,7.1146,64.3192,331.6108,247.9921
13.32,-1.2483,2.0569,7.6028,62.2978,333.1599,249.3527
13.34,-1.2466,2.4864,8.0401,60.4881,334.7725,251.4023
13.36,-1.2159,2.6338,8.1541,60.0307,335.3228,252.0588
13.38,-1.1827,2.7116,8.1853,59.9117,335.635,252.3054
13.4,-1.1373,2.6916,8.1192,60.2247,335.7145,252.2846
13.42,-1.1085,2.6191,8.0279,60.6548,335.5151,252.0251
13.44,-1.0567,2.4169,7.8055,61.655,335.0133,251.4412
13.46,-0.9411,1.8851,7.1814,64.2453,333.4362,249.3748
13.48,-0.8805,1.5367,6.748,65.9759,331.9676,247.6266
13.5,-0.8047,1.1564,6.2174,68.0044,329.828,245.1288
13.52,-0.7281,0.7727,5.606,70.2576,326.8473,241.7356
13.54,-0.6205,0.4036,4.8975,72.6873,322.9292,237.5857
13.56,-0.3954,-0.2467,3.247,77.8888,308.8534,224.4824
13.58,-0.2181,-0.5447,2.0653,80.8643,291.5461,208.0952
13.6,-0.1004,-0.6757,1.3143,82.1619,274.9803,192.2331
13.62,0.0639,-0.8011,0.2767,82.6639,246.6703,165.0726
13.64,0.2337,-0.863,-0.7835,81.5283,221.1692,140.7466
13.66,0.6032,-0.7787,-2.9401,76.2204,193.5485,114.715
13.68,0.7886,-0.6362,-3.998,73.0238,187.3142,108.6452
13.7,0.9728,-0.4368,-5.0151,69.6906,183.5484,104.6928
13.72,1.1463,-0.2022,-5.9712,66.432,181.0441,101.8904
13.74,1.4698,0.3162,-7.6676,60.635,177.9292,98.806
13.76,1.6125,0.5871,-8.3952,58.0491,177.0707,97.6543
13.78,1.7467,0.8746,-9.0305,55.722,176.4911,96.4671
13.8,1.8667,1.1631,-9.5597,53.6356,176.1043,95.458
13.82,1.9647,1.4324,-9.9658,52.0009,175.6633,95.4739
13.84,2.133,1.8564,-10.495,49.7053,174.8531,95.2687
13.86,2.2078,1.9695,-10.6452,49.0785,174.4957,94.849
13.88,2.2746,2.008,-10.7241,48.7828,174.2069,94.4232
13.9,2.327,1.988,-10.7229,48.8043,173.9377,94.2239
13.92,2.3587,1.9255,-10.6441,49.1149,173.7173,94.2854
13.94,2.378,1.6809,-10.2154,50.8059,173.4036,94.4843
13.96,2.3582,1.4981,-9.9072,52.0239,173.4097,94.7237
13.98,2.3162,1.2763,-9.5375,53.4403,173.5047,95.1529
14,2.2405,0.9739,-8.9913,55.5756,173.7214,95.7366
14.02,2.1724,0.7717,-8.6235,56.9581,174.0265,96.1829
14.04,1.9382,0.2672,-7.4905,61.1866,175.4764,97.4222
14.06,1.7861,0.0348,-6.8463,63.4848,176.6933,98.56
14.08,1.6082,-0.1732,-6.1432,65.8883,178.2559,100.3325
14.1,1.4096,-0.3461,-5.3874,68.4166,180.3267,102.6894
14.12,1.1984,-0.4781,-4.587,71.0205,183.1811,105.7042
14.14,0.9676,-0.5679,-3.7436,73.6798,187.2797,109.8901
14.16,0.4839,-0.5815,-1.9371,78.9376,202.2337,125.288
14.18,0.2343,-0.5142,-0.9948,81.1421,216.5348,139.7388
14.2,-0.0171,-0.4053,-0.0397,82.5682,238.2282,161.61
14.22,-0.2585,-0.2447,0.9211,82.6658,265.4276,189.1519
14.24,-0.7024,0.2427,2.8054,79.0317,304.3364,228.6889
14.26,-0.8898,0.53,3.6906,76.3795,313.5468,237.7439
14.28,-1.0614,0.8507,4.5432,73.5913,320.032,243.9568
14.3,-1.2052,1.1489,5.3327,70.8568,324.5579,248.1272
14.32,-1.3342,1.4919,6.0912,68.0029,328.2436,251.3347
14.34,-1.5037,2.1334,7.391,63.0073,332.5345,253.5582
14.36,-1.5651,2.4549,7.9406,60.7581,334.0672,254.206
14.38,-1.6083,2.7701,8.4134,58.8285,335.1296,254.6038
14.4,-1.6179,3.0925,8.8065,57.087,336.1456,255.3278
14.42,-1.6252,3.3833,9.1238,55.668,336.9555,255.9865
14.44,-1.613,3.8244,9.5253,53.8709,337.9672,256.8625
14.46,-1.5952,3.9468,9.6123,53.4837,338.2486,257.1147
14.48,-1.5619,4.0036,9.6274,53.4549,338.5054,257.4765
14.5,-1.5312,3.97,9.5754,53.7862,338.5059,257.5664
14.52,-1.4944,3.8677,9.4599,54.4836,338.3465,257.3725
14.54,-1.3969,3.4036,8.9819,56.9048,337.3509,255.6876
14.56,-1.3054,3.0927,8.6321,58.5503,336.7138,254.7595
14.58,-1.2231,2.7217,8.2143,60.5162,335.7517,253.8486
14.6,-1.1373,2.3346,7.7332,62.6522,334.5804,252.9351
14.62,-1.0351,1.8909,7.1662,65.1882,332.9285,251.611
14.64,-0.7833,0.9851,5.7993,70.7953,327.9529,247.0635
14.66,-0.6277,0.5723,5.0009,73.7892,324.2583,243.9356
14.68,-0.461,0.2078,4.141,76.8031,319.0587,239.4905
14.7,-0.289,-0.1317,3.201,79.8036,310.2722,231.3423
14.72,-0.0951,-0.4127,2.1971,82.4753,294.338,215.8284
14.74,0.3236,-0.7153,0.0915,83.8609,230.7069,153.5361
14.76,0.5455,-0.7562,-1.004,81.681,205.8013,129.438
14.78,0.7589,-0.713,-2.0918,78.5903,192.8398,116.9429
14.8,0.9875,-0.5859,-3.1714,74.9774,186.1267,109.7075
14.82,1.2007,-0.4082,-4.2081,71.2006,182.4053,105.4562
14.84,1.4056,-0.1717,-5.1712,67.8808,179.8024,102.9678
14.86,1.76,0.348,-6.8612,62.1929,176.5224,100.6506
14.88,1.9185,0.6033,-7.5894,59.6341,175.4399,99.9903
14.9,2.0623,0.8634,-8.2259,57.3666,174.6287,99.28
14.92,2.1914,1.1234,-8.7681,55.4194,174.0018,98.7332
14.94,2.297,1.3756,-9.2104,53.7022,173.5417,98.4171
14.96,2.4477,1.8254,-9.8231,51.3043,172.8574,97.9681
14.98,2.4988,1.9931,-10.0239,50.5537,172.6224,97.6517
15,2.5365,2.1028,-10.1679,49.9838,172.6102,97.3324
15.02,2.5611,2.1584,-10.2574,49.6796,172.697,96.8608
15.04,2.5713,2.1464,-10.295,49.6612,173.0126,96.3555
15.06,2.537,2.0218,-10.1901,50.2066,173.4889,96.6074
15.08,2.4819,1.8933,-10.0186,50.8987,173.8217,97.1741
15.1,2.4133,1.7577,-9.7865,51.8339,174.1343,97.7657
15.12,2.3237,1.6002,-9.4849,53.0005,174.5083,98.3861
15.14,2.0912,1.2272,-8.6673,56.0886,175.5272,100.178
15.16,1.9504,1.0197,-8.1499,58.0013,176.2626,101.3929
15.18,1.7908,0.7926,-7.5628,60.108,177.2717,102.7506
15.2,1.6257,0.58,-6.9006,62.4863,178.5324,104.1133
15.22,1.446,0.374,-6.1665,64.9454,180.2722,105.8783
15.24,1.0525,0.0203,-4.4973,70.5487,185.806,111.6311
15.26,0.8387,-0.1141,-3.5768,73.4483,190.1449,116.2929
15.28,0.6173,-0.2015,-2.6107,76.3018,196.43,122.7815
15.3,0.4001,-0.2184,-1.605,79.0614,205.9164,132.3551
15.32,0.1855,-0.1849,-0.5888,81.4995,221.9049,148.4505
15.34,-0.0246,-0.0936,0.4346,82.8669,246.8227,173.3903
15.36,-0.4155,0.2769,2.4567,80.779,299.2441,226.0173
15.38,-0.5788,0.5293,3.4197,78.1593,312.6158,239.2716
15.4,-0.7618,0.8752,4.5556,74.6442,322.1059,248.1811
15.42,-0.8627,1.0773,5.1942,72.4724,325.8296,251.4346
15.44,-1.0551,1.704,6.7265,67.0201,331.9745,255.6902
15.46,-1.1312,2.0239,7.385,64.4327,333.9064,256.5077
15.48,-1.1958,2.3743,7.9811,61.6582,336.2684,258.1267
15.5,-1.2435,2.7137,8.5003,59.5399,337.387,258.3606
15.52,-1.2729,3.0292,8.9309,57.6295,338.2952,258.5247
15.54,-1.3042,3.3253,9.2872,56.1311,338.864,258.5902
15.56,-1.3451,3.8017,9.7613,53.9038,339.5799,258.6791
15.58,-1.3518,3.9636,9.8825,53.2817,339.716,258.4985
15.6,-1.3294,4.0659,9.9198,53.036,339.828,258.336
15.62,-1.3507,4.0687,9.8972,53.225,339.5123,257.9263
15.64,-1.3505,4.0096,9.8117,53.7621,338.9929,257.2726
15.66,-1.3241,3.6587,9.3967,55.7655,337.4933,255.2276
15.68,-1.2995,3.361,9.0807,57.2353,336.6881,254.3786
15.7,-1.2613,3.0711,8.7165,58.8314,335.9478,253.8341
15.72,-1.2154,2.7325,8.2734,60.7226,334.9406,253.0951
15.74,-1.0813,1.8873,7.1443,65.4985,331.6356,250.3307
15.76,-0.9838,1.4835,6.4726,68.1353,329.3145,248.1483
15.78,-0.8594,1.068,5.7197,71.005,326.0388,245.1403
15.8,-0.7017,0.6907,4.8911,74.0298,321.5104,241.0963
15.82,-0.5597,0.3185,3.9988,77.2653,313.8415,234.0452
15.84,-0.32,-0.0313,2.7891,81.0267,297.3417,218.1305
15.86,0.0765,-0.3248,0.9757,83.5875,252.0947,173.2229
15.88,0.3245,-0.3727,-0.0852,82.8594,223.4687,145.1019
15.9,0.5651,-0.3609,-1.1435,80.7635,204.1648,126.5736
15.92,0.8385,-0.2612,-2.2023,77.9662,192.0864,115.3053
15.94,1.3446,0.0804,-4.2226,71.5384,180.5974,105.4098
15.96,1.5834,0.3277,-5.1682,68.355,177.6128,103.0912
15.98,1.8134,0.6345,-6.0571,65.2819,175.4889,101.43
16,2.02,0.9761,-6.8787,61.8553,174.2154,100.5457
16.02,2.2045,1.3431,-7.6166,59.0921,173.0645,99.9104
16.04,2.5222,2.0443,-8.8594,54.2375,171.4059,99.0242
16.06,2.6549,2.3374,-9.358,52.2415,170.7669,98.9052
16.08,2.7626,2.5806,-9.7617,50.5048,170.2803,99.1309
16.1,2.8509,2.7839,-10.0684,49.2062,169.8397,99.2554
16.12,2.9158,2.9307,-10.2761,48.4029,169.5411,99.3714
16.14,2.9606,3.0255,-10.3782,48.0137,169.3119,99.3606
16.16,2.9872,3.0127,-10.2921,48.4318,169.079,99.3484
16.18,2.9678,2.8951,-10.0997,49.2852,169.0146,99.5285
16.2,2.9249,2.7159,-9.7922,50.5579,168.9761,99.7035
16.22,2.8535,2.4879,-9.3994,52.1842,169.0827,99.8658
16.24,2.6372,1.9589,-8.3184,56.6193,169.613,100.2851
16.26,2.484,1.6642,-7.6362,59.2897,170.0334,101.0277
16.28,2.3042,1.3742,-6.8605,62.262,170.5869,102.0975
16.3,2.0949,1.0924,-6.0011,65.3965,171.4519,103.4687
16.32,1.8655,0.8434,-5.0638,68.6626,172.7525,105.0689
16.34,1.6086,0.6174,-4.0678,72.1522,174.6011,107.4394
16.36,1.0576,0.3476,-1.9247,79.8621,182.0488,116.0955
16.38,0.7681,0.296,-0.8249,83.4618,192.1186,126.6099
16.4,0.4914,0.3305,0.2807,86.404,222.4657,157.0832
16.42,0.2072,0.4092,1.365,86.3913,284.2337,218.48
16.44,-0.0598,0.5467,2.4182,83.6511,314.4901,248.0775
16.46,-0.5464,0.9511,4.3938,76.6139,330.7171,262.4932
16.48,-0.7596,1.1951,5.2818,73.2204,333.3066,263.449
16.5,-0.9573,1.495,6.1157,69.5039,335.6056,264.8469
16.52,-1.1042,1.8323,6.8431,66.3921,336.9121,264.8458
16.54,-1.3594,2.5643,8.0217,61.2713,338.119,264.487
16.56,-1.4709,2.9319,8.474,59.2904,338.4078,264.4279
16.58,-1.5588,3.2597,8.8284,57.6399,338.6954,264.5959
16.6,-1.6495,3.5355,9.0979,56.3132,338.8415,264.649
16.62,-1.6939,3.7602,9.2655,55.3824,339.001,264.6773
16.64,-1.8207,3.9354,9.3682,54.7267,338.6872,264.4716
16.66,-1.8265,3.9133,9.2937,54.9965,338.5106,264.3234
16.68,-1.8602,3.7767,9.155,55.7117,337.886,263.7209
16.7,-1.8902,3.5583,8.9195,56.7502,337.1631,263.0677
16.72,-1.8869,3.2903,8.6211,58.1032,336.3138,262.2361
16.74,-1.8619,2.5945,7.8054,61.7881,333.5481,259.5491
16.76,-1.8196,2.1468,7.2629,64.2247,331.4662,257.5951
16.78,-1.7538,1.7276,6.6499,66.7812,329.1481,255.4696
16.8,-1.6647,1.2836,5.9425,69.6982,325.7937,252.1245
16.82,-1.5334,0.8555,5.1453,72.7582,321.275,247.5286
16.84,-1.3711,0.4693,4.2722,76.0038,314.2518,240.1006
16.86,-0.9581,-0.1148,2.3231,81.7008,287.7982,214.9012
16.88,-0.7115,-0.2893,1.2716,83.2355,260.2024,187.6987
16.9,-0.4329,-0.3984,0.1742,82.8791,229.1794,156.5719
16.92,-0.1298,-0.4151,-0.9238,81.154,206.4923,134.067
16.94,0.1791,-0.3525,-2.0214,78.5372,192.9093,120.8693
16.96,0.8045,-0.0103,-4.1865,71.8615,179.8772,107.8673
16.98,1.1118,0.2552,-5.2265,68.3948,176.7251,104.3445
17,1.4066,0.5837,-6.2082,65.0361,174.4904,101.9308
17.02,1.6799,0.9578,-7.1315,61.8511,172.7833,100.2385
17.04,1.933,1.3768,-7.982,58.7334,171.6645,98.9169
17.06,2.3772,2.2908,-9.4431,53.1438,170.2606,96.3685
17.08,2.5608,2.7237,-10.0448,50.7092,169.7931,95.5219
17.1,2.7184,3.1107,-10.5499,48.5126,169.3966,95.2572
17.12,2.8544,3.4483,-10.9582,46.6642,168.9839,95.1747
17.14,2.9962,3.7793,-11.3334,45.0588,168.5754,94.894
17.16,3.1347,4.0467,-11.5627,44.3179,168.139,94.2887
17.18,3.1838,4.0719,-11.5384,44.5223,167.9803,94.0724
17.2,3.2094,3.9995,-11.4149,45.1847,167.8105,93.8709
17.22,3.2182,3.8209,-11.1655,46.4819,167.6796,93.5828
17.24,3.1387,3.2517,-10.3118,50.3568,167.5837,93.1479
17.26,3.0489,2.8943,-9.7199,52.9354,167.6933,93.162
17.28,2.9181,2.5019,-9.0107,55.8975,167.9088,93.4339
17.3,2.7515,2.1012,-8.1926,59.1706,168.2284,93.9534
17.32,2.5495,1.707,-7.2742,62.7057,168.74,94.8392
17.34,2.0318,1.0167,-5.1608,70.1117,171.127,98.1068
17.36,1.7204,0.7391,-3.9972,73.8802,173.6526,101.523
17.38,1.3878,0.535,-2.7839,78.0018,177.164,105.7885
17.4,1.0604,0.4387,-1.5402,82.2394,183.9101,113.1738
17.42,0.7005,0.3843,-0.2876,86.0725,209.2863,139.0958
17.44,0.3447,0.4333,0.956,86.6945,282.0146,212.227
17.46,-0.3142,0.7976,3.3293,79.7247,326.9754,257.2344
17.48,-0.6119,1.1054,4.4372,75.848,331.7346,261.8224
17.5,-0.8669,1.4498,5.4653,72.0688,334.4858,263.985
17.52,-1.1256,1.8335,6.4317,68.1484,336.6236,265.3049
17.54,-1.5324,2.6884,8.0929,61.0569,338.8658,265.7066
17.56,-1.6948,3.1529,8.7814,58.0952,339.3958,264.9681
17.58,-1.8408,3.6266,9.372,55.3519,339.7401,264.2901
17.6,-1.9591,4.0674,9.8584,53.0376,340.014,263.7624
17.62,-2.0739,4.5165,10.2614,50.8157,340.3187,263.5937
17.64,-2.1723,4.8937,10.5686,49.0657,340.3672,263.3335
17.66,-2.3466,5.4782,10.9495,46.7269,340.2048,263.2745
17.68,-2.4069,5.6219,11.0165,46.1814,340.0248,263.1959
17.7,-2.4704,5.6647,11.008,46.0812,339.6973,262.9085
17.72,-2.4966,5.6289,10.9284,46.4071,339.3299,262.4446
17.74,-2.5542,5.2148,10.5509,48.598,337.7247,260.6601
17.76,-2.5705,4.8788,10.2666,50.218,336.7154,259.7233
17.78,-2.5598,4.4823,9.9142,52.2247,335.5406,258.729
17.8,-2.5091,3.9867,9.4643,54.6204,334.2257,257.3875
17.82,-2.4603,3.4947,8.9538,57.0725,332.7006,255.8278
17.84,-2.2109,2.4553,7.6559,62.6661,329.3355,252.6189
17.86,-2.0745,1.896,6.8881,65.9535,326.7589,250.3954
17.88,-1.814,1.2724,5.8223,70.4013,322.9054,247.2903
17.9,-1.6266,0.9239,5.1272,73.3264,319.5149,244.2579
17.92,-1.341,0.4796,4.1293,77.1267,312.4582,237.4603
17.94,-1.0209,0.1486,3.0791,80.433,301.8817,227.366
17.96,-0.2981,-0.1807,0.813,84.6528,247.2734,174.1167
17.98,0.0909,-0.1705,-0.3678,83.4227,210.4274,137.7693
18,0.4793,-0.0853,-1.5638,80.4241,190.4229,117.9855
18.02,0.8782,0.0856,-2.7532,76.9399,180.9265,108.4673
18.04,1.6193,0.613,-5.0226,69.3689,172.6279,100.0609
18.06,1.9432,0.9782,-6.051,65.7079,170.7612,98.0674
18.08,2.2426,1.385,-7.0011,62.2598,169.5781,96.6176
18.1,2.5125,1.8095,-7.855,59.071,168.793,95.4948
18.12,2.744,2.2055,-8.6081,56.1997,168.2765,94.6161
18.14,3.104,2.9038,-9.7666,51.6936,167.7467,93.0785
18.16,3.2334,3.1793,-10.163,50.2085,167.6882,92.1042
18.18,3.326,3.376,-10.4362,49.181,167.7366,91.2949
18.2,3.3816,3.4862,-10.5867,48.6285,167.8618,90.5918
18.22,3.4028,3.5088,-10.6223,48.557,168.0572,90.1025
18.24,3.387,3.4478,-10.555,48.9213,168.3369,89.7777
18.26,3.2415,3.108,-10.0953,51.1132,169.2827,89.2448
18.28,3.1126,2.8513,-9.733,52.7533,170.0168,89.3417
18.3,2.9454,2.55,-9.2894,54.7065,171.0002,89.7464
18.32,2.7444,2.2265,-8.7699,56.9369,172.2725,90.531
18.34,2.2211,1.5465,-7.5011,61.9293,176.2856,94.0174
18.36,1.9056,1.2247,-6.7598,64.6898,179.2001,96.8993
18.38,1.5629,0.9395,-5.9518,67.5574,183.0296,100.7228
18.4,1.1932,0.6928,-5.0764,70.5037,188.1176,106.1311
18.42,0.8125,0.4927,-4.1487,73.4046,194.8798,113.6538
18.44,0.0405,0.2472,-2.1914,78.1533,218.0325,137.5247
18.46,-0.3261,0.2427,-1.1739,79.468,235.8257,155.4823
18.48,-0.6766,0.307,-0.1434,79.6792,256.2274,176.2751
18.5,-0.992,0.3921,0.855,78.7069,274.2006,194.419
18.52,-1.2871,0.5467,1.8576,76.9295,288.584,208.7724
18.54,-1.5441,0.7323,2.823,74.7134,298.7393,218.9119
18.56,-1.9293,1.2667,4.6216,69.7691,312.2234,232.3272
18.58,-2.0697,1.5781,5.4354,67.1291,316.9769,236.7323
18.6,-2.1824,1.9021,6.1897,64.5373,320.3855,239.6531
18.62,-2.2524,2.2392,6.8778,62.2784,322.76,241.115
18.64,-2.3496,2.8679,8.068,58.2247,326.7476,243.288
18.66,-2.3429,3.1997,8.561,56.2002,328.7675,244.3633
18.68,-2.3348,3.5075,8.9898,54.4445,330.8808,245.7667
18.7,-2.3158,3.798,9.3611,52.8562,332.416,246.7076
18.72,-2.2736,4.0594,9.665,51.6221,333.5357,247.3067
18.74,-2.1838,4.4247,10.1022,49.908,335.1851,248.1353
18.76,-2.1337,4.5359,10.2408,49.3825,335.7261,248.3947
18.78,-2.0612,4.5894,10.3341,49.0919,336.1026,248.3528
18.8,-2.0431,4.5829,10.3594,49.0676,336.1927,248.3134
18.82,-1.9668,4.5319,10.3302,49.3017,336.2722,248.2388
18.84,-1.905,4.4367,10.2618,49.8151,336.1519,248.0274
18.86,-1.7584,4.0364,9.9414,51.7167,335.529,247.2807
18.88,-1.6838,3.7576,9.702,53.0593,334.9884,246.8062
18.9,-1.6185,3.4732,9.4273,54.4341,334.4042,246.3807
18.92,-1.5383,3.0541,8.9941,56.5883,333.2647,245.7066
18.94,-1.468,2.7815,8.6826,58.1375,332.4362,245.1173
18.96,-1.2837,2.0711,7.7201,62.3944,329.5545,242.5817
18.98,-1.1712,1.6818,7.1465,64.7775,327.6269,240.4143
19,-1.0496,1.2777,6.5201,67.1413,325.177,237.6164
19.02,-0.9166,0.9181,5.8498,69.4358,322.5455,234.961
19.04,-0.574,0.2682,4.3209,74.614,314.2986,227.1897
19.06,-0.38,0.024,3.4739,77.0592,308.6536,221.6364
19.08,-0.1618,-0.1712,2.5749,79.4064,298.7947,212.0271
19.1,0.0767,-0.3157,1.634,81.4162,282.8725,196.4455
19.12,0.3188,-0.3845,0.6779,82.5152,260.9585,174.9133
19.14,0.844,-0.3697,-1.2949,80.8125,215.4312,129.999
19.16,1.0979,-0.2793,-2.2637,78.3128,202.2394,116.8517
19.18,1.3473,-0.1577,-3.2137,75.7227,193.9948,108.8313
19.2,1.5877,-0.0043,-4.1246,72.9211,188.2283,103.493
19.22,1.8116,0.1674,-4.9864,70.1324,184.0619,100.1603
19.24,2.1758,0.5822,-6.5244,64.803,178.7029,96.9199
19.26,2.3132,0.832,-7.1911,62.3936,176.9578,96.1899
19.28,2.427,1.1194,-7.7855,60.2762,175.513,95.5697
19.3,2.5,1.4037,-8.3071,58.3167,174.5852,95.3107
19.32,2.5611,1.6991,-8.7719,56.5072,173.9176,95.1035
19.34,2.5885,1.9617,-9.1701,54.9123,173.5279,95.2113
19.36,2.5742,2.3642,-9.7844,52.3229,173.2954,96.3042
19.38,2.5306,2.4909,-9.9933,51.4168,173.4575,97.0524
19.4,2.4687,2.5718,-10.1303,50.8465,173.7793,97.7437
19.42,2.386,2.6119,-10.1814,50.4857,174.2634,98.6942
19.44,2.2857,2.6086,-10.1393,50.4055,174.8851,99.9654
19.46,1.9764,2.4129,-9.6963,52.1675,176.3981,102.6192
19.48,1.8569,2.2843,-9.4406,53.1885,176.9569,103.5584
19.5,1.6864,2.0801,-9.0062,54.9416,177.8334,104.8846
19.52,1.4976,1.8338,-8.4664,57.0145,178.9119,106.498
19.54,1.0893,1.31,-7.05,62.0752,181.9767,110.4347
19.56,0.8714,1.0413,-6.1947,65.0368,184.2142,113.0524
19.58,0.6439,0.7878,-5.254,68.2688,187.1382,116.5214
19.6,0.4081,0.5834,-4.229,71.6855,191.1255,121.183
19.62,0.1712,0.4204,-3.1572,74.9824,196.8795,127.5678
19.64,-0.2723,0.2905,-0.9194,81.061,220.1729,151.3069
19.66,-0.486,0.2927,0.2103,82.8799,247.4308,178.7882
19.68,-0.6807,0.3669,1.327,82.694,277.7031,209.1935
19.7,-0.8473,0.5245,2.414,80.9208,300.4518,231.9227
19.72,-1.0057,0.7112,3.4466,78.4008,313.7334,245.0905
19.74,-1.2437,1.2549,5.3444,72.326,327.8655,257.7932
19.76,-1.3371,1.581,6.2018,69.0462,331.7456,260.4966
19.78,-1.4028,1.8985,6.9776,66.0471,334.1265,261.5809
19.8,-1.4839,2.2159,7.6713,63.0902,336.3434,262.541
19.82,-1.5144,2.539,8.2553,60.6439,337.3466,262.0851
19.84,-1.5677,3.2177,9.1629,56.4832,338.7895,261.4177
19.86,-1.6312,3.5099,9.4936,54.9173,339.0338,261.148
19.88,-1.6452,3.785,9.716,53.6272,339.3765,261.1486
19.9,-1.6831,3.9309,9.8316,52.966,339.2867,260.8712
19.92,-1.7201,4.0356,9.8716,52.6738,339.2222,260.7498
19.94,-1.7612,4.0001,9.6876,53.2665,338.7359,260.3331
19.96,-1.7866,3.803,9.438,54.408,338.0149,259.7856
19.98,-1.7952,3.5376,9.1204,55.8644,337.1537,259.1901
20,-1.8155,3.1863,8.7226,57.6932,335.9123,258.2587
20.02,-1.7941,2.7708,8.2265,59.837,334.4812,257.046
20.04,-1.7327,1.8685,6.9776,65.0176,330.1627,253.4748
20.06,-1.6304,1.3758,6.1805,68.2207,326.7276,250.3776
20.08,-1.5287,0.9465,5.3146,71.5881,321.9915,246.2403
20.1,-1.3936,0.5391,4.3414,75.1218,314.4547,239.0375
20.12,-1.199,0.2273,3.2814,78.3782,303.6488,228.6409
20.14,-0.9936,-0.0124,2.1654,81.0017,286.6164,212.3913
20.16,-0.4909,-0.1893,-0.189,82.3117,231.0213,158.3705
20.18,-0.2116,-0.1364,-1.4029,80.119,208.0215,136.1025
20.2,0.0814,0.0233,-2.6176,77.0333,194.7173,123.2088
20.22,0.3785,0.2851,-3.8066,73.6681,186.7144,115.4967
20.24,0.9494,0.9619,-6.0545,66.2419,178.3374,108.0191
20.26,1.208,1.3373,-7.0563,62.6171,176.01,106.3709
20.28,1.4602,1.7213,-7.9634,59.2221,174.5336,105.067
20.3,1.6984,2.1168,-8.7312,56.3374,173.4901,103.9032
20.32,1.9198,2.4885,-9.3468,54.0039,172.6599,102.8845
20.34,2.1215,2.7911,-9.7997,52.2785,171.964,102.0366
20.36,2.4808,3.103,-10.2347,50.6216,170.7338,100.4505
20.38,2.6268,3.1144,-10.2055,50.7088,170.0293,99.6909
20.4,2.7495,3.0471,-10.0373,51.4319,169.3001,98.9627
20.42,2.8598,2.8691,-9.6794,52.8285,168.3289,98.2634
20.44,2.9673,2.342,-8.5894,56.9083,166.1148,97.3432
20.46,2.9553,1.9566,-7.6826,60.1959,164.5853,96.966
20.48,2.9168,1.7274,-7.0604,62.4254,163.5753,96.7573
20.5,2.8253,1.437,-6.1473,65.55,162.1209,96.3434
20.52,2.6414,1.114,-4.8904,69.9008,159.9971,95.3747
20.54,2.491,0.9491,-4.0884,72.7125,158.5358,94.5526
20.56,1.9917,0.6682,-1.8406,80.4962,151.8035,89.2223
20.58,1.6987,0.6063,-0.7065,84.3713,143.821,81.4938
20.6,1.3691,0.6166,0.4296,87.8849,107.2238,44.8089
20.62,1.0299,0.683,1.5329,86.8266,10.7243,307.7479
20.64,0.6049,0.8385,2.8455,82.3463,349.8692,285.1191
20.66,0.013,1.1714,4.5506,76.2597,342.5028,274.4974
20.68,-0.3131,1.3901,5.433,72.9055,340.3385,270.0746
20.7,-0.6427,1.6813,6.2698,69.406,339.436,267.1226
20.72,-0.9336,1.9948,7.0166,65.9218,339.4993,265.6537
20.74,-1.1972,2.3622,7.6892,62.9239,339.0573,263.8645
20.76,-1.6818,3.146,8.7888,57.4214,339.1834,262.9586
20.78,-1.873,3.5388,9.2127,55.3064,339.2145,262.8867
20.8,-2.0917,3.8861,9.5796,53.3895,339.2628,263.5093
20.82,-2.2175,4.2296,9.8554,51.8739,339.4086,264.1639
20.84,-2.4642,4.6721,10.2113,49.8726,339.3664,265.1986
20.86,-2.5666,4.7982,10.291,49.3275,339.1823,265.2695
20.88,-2.6452,4.8385,10.3043,49.155,338.8822,265.0109
20.9,-2.6877,4.8387,10.2653,49.2058,338.6263,264.6649
20.92,-2.7405,4.7198,10.1711,49.704,337.966,263.8905
20.94,-2.808,4.2704,9.785,51.732,335.8756,260.9073
20.96,-2.7966,3.9348,9.4875,53.2404,334.5615,258.8463
20.98,-2.7791,3.6069,9.1358,54.9093,333.1177,256.8093
21,-2.7113,3.2043,8.6935,56.9789,331.4863,254.7253
21.02,-2.6419,2.8316,8.2042,59.1468,329.8783,253.1272
21.04,-2.3833,2.0111,6.9996,64.3153,326.1102,249.3949
21.06,-2.2311,1.5715,6.2933,67.1394,323.5169,246.7061
21.08,-2.0029,1.1661,5.5013,70.0467,320.6736,243.4429
21.1,-1.769,0.8001,4.6543,73.0237,316.8967,239.6534
21.12,-1.4911,0.4748,3.7413,76.1165,311.5828,234.6046
21.14,-1.1657,0.215,2.7641,79.1205,303.3222,226.3323
21.16,-0.4449,-0.1209,0.6779,83.473,263.388,186.0178
21.18,-0.0476,-0.1817,-0.4167,83.3034,230.8679,152.7699
21.2,0.3453,-0.1726,-1.5222,81.3395,207.0729,128.486
21.22,0.738,-0.0581,-2.6131,78.5973,193.6114,114.4658
21.24,1.1305,0.1348,-3.696,75.4694,185.5709,105.9294
21.26,1.8387,0.725,-5.7422,68.9864,177.1234,96.8544
21.28,2.1468,1.1042,-6.6795,65.7494,174.7699,94.4137
21.3,2.4217,1.5229,-7.5491,62.6095,173.0466,92.7051
21.32,2.6475,1.9511,-8.332,59.6006,171.7924,91.6339
21.34,2.9902,2.7252,-9.6747,54.0592,170.243,90.6022
21.36,3.1067,3.0295,-10.2294,51.6495,169.8126,90.456
21.38,3.1864,3.2868,-10.7032,49.7166,169.5492,90.3868
21.4,3.2136,3.51,-11.0632,48.278,169.5124,90.8947
21.42,3.1973,3.7099,-11.3169,47.2543,169.6977,91.4545
21.44,3.0549,3.9198,-11.5748,46.3782,170.7432,91.6266
21.46,2.9423,3.8977,-11.5969,46.419,171.5457,91.7272
21.48,2.7981,3.8049,-11.548,46.8189,172.5219,92.201
21.5,2.5977,3.6327,-11.4009,47.6027,173.6515,93.1093
21.52,2.3798,3.4226,-11.1819,48.7072,174.9564,94.134
21.54,1.8753,2.8971,-10.514,51.763,178.1441,96.086
21.56,1.5904,2.5822,-10.0652,53.6573,180.089,97.4611
21.58,1.2872,2.2496,-9.5328,55.7674,182.2764,99.5527
21.6,0.9674,1.9132,-8.9144,58.0427,184.7586,102.3703
21.62,0.6375,1.5945,-8.2082,60.4981,187.7154,105.7473
21.64,-0.0502,1.0701,-6.5163,65.9783,195.3253,115.8761
21.66,-0.3993,0.9192,-5.5197,69.0662,200.6997,123.5068
21.68,-0.7508,0.8271,-4.4517,72.075,208.039,133.3236
21.7,-1.1017,0.7816,-3.3291,74.7537,218.1503,145.6889
21.72,-1.4342,0.7529,-2.1936,76.7911,232.1216,161.2166
21.74,-1.7494,0.7531,-1.0526,77.7517,249.5686,179.5138
21.76,-2.3018,0.9078,1.1966,75.9246,283.6148,213.5662
21.78,-2.5184,1.0732,2.2705,73.7636,295.06,224.049
21.8,-2.6908,1.2848,3.2966,71.1986,303.1704,230.9056
21.82,-2.8371,1.5248,4.2756,68.5405,308.6984,234.8661
21.84,-2.9419,1.7838,5.1912,65.9221,313.036,237.5615
21.86,-3.0157,2.4107,6.812,60.786,320.3844,241.6095
21.88,-3.0042,2.7662,7.515,58.4726,323.4285,243.4839
21.9,-2.9819,3.1229,8.1418,56.1563,326.6287,246.0766
21.92,-2.9137,3.4743,8.6803,54.3062,328.8016,247.4689
21.94,-2.7535,4.1129,9.5189,51.2753,332.7845,251.2616
21.96,-2.6637,4.3873,9.813,50.1801,334.2645,252.7846
21.98,-2.5753,4.5866,10.0224,49.4213,335.424,254.0265
22,-2.4749,4.7392,10.1466,49.0088,336.3423,255.0985
22.02,-2.3959,4.7874,10.1897,48.9957,336.9363,255.922
22.04,-2.3141,4.7801,10.1606,49.2732,337.3704,256.5366
22.06,-2.1626,4.4705,9.8671,50.944,337.494,256.8907
22.08,-2.0944,4.1946,9.6171,52.3052,337.136,256.6125
22.1,-1.9996,3.8431,9.2804,53.993,336.6022,256.169
22.12,-1.9212,3.4388,8.878,55.9755,335.736,255.4942
22.14,-1.6869,2.5054,7.7979,60.8236,333.0571,252.7643
22.16,-1.5854,2.0049,7.1379,63.6326,330.9665,250.6843
22.18,-1.4472,1.538,6.3839,66.6613,328.3495,248.2372
22.2,-1.2603,1.1185,5.5341,69.8855,325.2358,245.5774
22.22,-1.0656,0.732,4.6102,73.2192,321.0986,242.1429
22.24,-0.6003,0.116,2.5528,79.8107,305.4851,227.844
22.26,-0.3422,-0.0626,1.4512,82.5722,287.8728,210.8976
22.28,-0.0624,-0.1555,0.3007,84.0073,256.1624,179.8257
22.3,0.2273,-0.1313,-0.8672,83.1727,221.4937,145.7226
22.32,0.5188,-0.0015,-2.0417,80.6194,200.2928,124.9133
22.34,0.8033,0.2121,-3.2088,77.3461,189.1833,114.0932
22.36,1.3244,0.8682,-5.4344,70.3134,179.0313,104.6235
22.38,1.5463,1.2523,-6.4706,66.7391,176.6862,102.5795
22.4,1.7528,1.6665,-7.4365,63.2925,175.1625,101.1475
22.42,1.9757,2.1772,-8.5157,59.3018,174.012,99.6364
22.44,2.214,2.7978,-9.7139,54.6273,173.2496,98.8092
22.46,2.3112,3.0858,-10.207,52.6225,173.0654,98.7112
22.48,2.3826,3.3118,-10.5557,51.2231,173.0083,98.3705
22.5,2.4315,3.4593,-10.7622,50.4224,173.0285,97.7335
22.52,2.4569,3.5136,-10.8285,50.2129,173.0999,97.2137
22.54,2.4532,3.4683,-10.7564,50.5445,173.1939,97.1513
22.56,2.3688,3.1195,-10.1889,53.0371,173.4957,97.5529
22.58,2.287,2.8515,-9.7141,55.0295,173.7491,98.1214
22.6,2.1725,2.5436,-9.109,57.5054,174.1134,98.9745
22.62,2.0281,2.2106,-8.3789,60.4204,174.6701,100.3666
22.64,1.6446,1.5536,-6.5669,67.3786,176.7644,104.3706
22.66,1.4005,1.2594,-5.5046,71.2195,178.7337,107.4076
22.68,1.1345,1.0326,-4.362,75.2222,181.9222,111.6121
22.7,0.8449,0.8564,-3.1739,78.7573,187.68,118.3686
22.72,0.5297,0.7726,-1.9306,82.4682,198.9987,130.9703
22.74,-0.1023,0.8117,0.548,85.084,283.7672,216.6913
22.76,-0.3938,0.8975,1.7362,82.1465,310.0894,242.2641
22.78,-0.68,1.0339,2.8906,78.6279,320.0866,251.366
22.8,-0.9172,1.23,3.9772,75.1464,325.3159,255.7539
22.82,-1.1567,1.5065,5.02,71.6635,328.4246,258.1226
22.84,-1.5069,2.2157,6.8261,64.9384,333.4556,261.5517
22.86,-1.6573,2.6391,7.6125,61.4816,335.8156,263.6302
22.88,-1.7599,3.065,8.2928,58.7461,337.1241,264.4436
22.9,-1.8169,3.5066,8.8752,55.6279,339.5923,267.2172
22.92,-1.9083,3.9279,9.3874,53.1549,340.833,268.5869
22.94,-2.0094,4.6136,10.1204,49.6815,342.0382,269.9841
22.96,-2.0547,4.8593,10.361,48.5218,342.3052,270.3031
22.98,-2.0812,5.054,10.5231,47.6526,342.5271,270.4805
23,-2.1536,5.1772,10.6326,47.0683,342.4207,270.3809
23.02,-2.1363,5.1853,10.6316,47.021,342.3589,270.0959
23.04,-2.1798,5.0224,10.4871,47.7429,341.6403,268.8107
23.06,-2.1841,4.6865,10.2251,49.2372,340.6559,267.206
23.08,-2.1661,4.4761,10.028,50.2781,340.0918,266.2671
23.1,-2.1692,4.1532,9.7136,51.9184,339.0876,265.0192
23.12,-2.1157,3.7538,9.2932,53.9889,338.0465,263.8308
23.14,-2.0031,2.9041,8.2475,58.8006,335.3399,261.0033
23.16,-1.9077,2.4288,7.5859,61.7421,333.3875,258.0192
23.18,-1.7894,1.9769,6.8602,64.6292,331.7661,256.9463
23.2,-1.6321,1.5347,6.0382,67.7739,329.6617,254.8041
23.22,-1.4455,1.1291,5.1368,71.0134,327.1133,252.0126
23.24,-0.956,0.4914,3.1142,77.8139,317.9594,243.0947
23.26,-0.6672,0.251,2.009,81.2209,307.4965,232.414
23.28,-0.3445,0.1196,0.8695,84.0162,287.6104,212.5547
23.3,-0.0123,0.066,-0.2957,85.2099,246.4479,171.3057
23.32,0.3448,0.0959,-1.4818,83.5769,208.1665,133.4197
23.34,0.6978,0.2277,-2.6481,80.4814,189.9706,115.9904
23.36,1.3734,0.745,-4.8972,73.4759,175.9791,103.1933
23.38,1.6846,1.088,-5.9478,69.8251,172.8208,100.2523
23.4,1.9682,1.4455,-6.9195,66.2409,170.9165,98.7229
23.42,2.216,1.8011,-7.7894,62.9706,169.5049,98.1012
23.44,2.612,2.4865,-9.2048,57.5222,167.7987,97.6107
23.46,2.7612,2.7987,-9.7405,55.3008,167.4297,97.2057
23.48,2.8794,3.0611,-10.1682,53.4979,167.2919,96.8235
23.5,2.9595,3.2706,-10.4721,52.2556,167.1894,96.5608
23.52,3.0127,3.4183,-10.6742,51.485,167.1832,96.437
23.54,3.0272,3.4974,-10.7829,51.2973,167.3318,95.9133
23.56,2.9944,3.4378,-10.7104,51.7614,167.5372,95.5468
23.58,2.9239,3.3067,-10.5413,52.6429,167.8758,95.5313
23.6,2.8211,3.1238,-10.2788,53.8281,168.3364,95.9981
23.62,2.6871,2.8975,-9.9368,55.2689,168.9436,96.7294
23.64,2.5265,2.6398,-9.5192,56.9143,169.726,97.6239
23.66,2.1098,2.0505,-8.4398,61.0904,171.8237,100.399
23.68,1.854,1.7523,-7.7736,63.4251,173.4335,102.6049
23.7,1.5723,1.4672,-7.0318,65.7409,175.5944,105.0007
23.72,1.2679,1.2051,-6.2155,68.347,178.4104,107.8485
23.74,0.5907,0.786,-4.3639,74.0348,186.3831,117.0714
23.76,0.2215,0.6454,-3.3535,76.9674,193.2396,124.9154
23.78,-0.149,0.5674,-2.3082,79.8217,204.1159,136.6311
23.8,-0.5238,0.5499,-1.2388,82.0511,223.8058,156.9358
23.82,-0.885,0.5946,-0.1616,82.9131,253.2764,186.9788
23.84,-1.2286,0.7039,0.9037,81.7084,281.9285,215.816
23.86,-1.8386,1.0838,2.9438,76.3656,308.8386,242.2473
23.88,-2.0852,1.3351,3.897,73.4041,315.2246,248.1019
23.9,-2.302,1.6088,4.8006,70.4038,319.8223,252.1867
23.92,-2.4905,1.9018,5.6498,67.3886,323.3896,255.1999
23.94,-2.7164,2.5543,7.1327,61.6605,329.3126,260.0881
23.96,-2.8211,2.8942,7.7754,59.321,330.8225,261.1356
23.98,-2.8577,3.2539,8.3305,57.1365,332.523,262.3645
24,-2.8733,3.5783,8.8079,55.1331,333.8986,263.2359
24.02,-2.8833,3.8799,9.2235,53.4791,334.8064,263.5505
24.04,-2.8683,4.1432,9.5662,52.057,335.5872,263.8361
24.06,-2.795,4.5091,10.0454,50.0519,336.8195,264.3974
24.08,-2.7442,4.6092,10.1847,49.4705,337.2342,264.5161
24.1,-2.6974,4.6571,10.264,49.1657,337.5232,264.5556
24.12,-2.6257,4.6408,10.2726,49.2311,337.7455,264.5277
24.14,-2.5592,4.5619,10.2285,49.5726,337.8434,264.4659
24.16,-2.3806,4.1695,9.9297,51.3508,337.7629,263.876
24.18,-2.2723,3.8914,9.6918,52.6997,337.4831,263.1768
24.2,-2.1707,3.5311,9.3898,54.3781,336.9603,262.3142
24.22,-2.0598,3.1714,9.0272,56.1887,336.5358,261.8669
24.24,-1.9288,2.7688,8.5859,58.3631,335.7609,261.1145
24.26,-1.6367,1.9216,7.4801,63.2898,333.6641,259.1363
24.28,-1.4551,1.4919,6.8138,65.9798,332.4365,257.9716
24.3,-1.2666,1.061,6.0777,68.9008,330.5373,256.2062
24.32,-1.0524,0.6484,5.2593,71.955,327.8917,253.6322
24.34,-0.5607,-0.0196,3.4213,78.2324,318.6323,244.1896
24.36,-0.2765,-0.2784,2.3981,81.2899,308.6021,233.5646
24.38,0.0304,-0.4566,1.3227,83.8546,289.1433,213.3845
24.4,0.3372,-0.5421,0.2222,84.9597,253.2953,176.9718
24.42,0.6644,-0.514,-0.9039,83.8151,217.8994,140.9572
24.44,1.3134,-0.1567,-3.1577,78.2337,188.1256,109.7416
24.46,1.6271,0.1401,-4.2593,74.9353,181.9623,103.1704
24.48,1.9179,0.5029,-5.3156,71.5987,177.8583,99.0443
24.5,2.1855,0.9182,-6.3255,68.2364,175.0505,96.278
24.52,2.4244,1.3724,-7.2732,64.922,173.0771,94.2305
24.54,2.8169,2.2929,-8.9449,58.5383,170.8581,91.9693
24.56,2.9627,2.6922,-9.6362,55.7781,170.241,91.4846
24.58,3.1058,3.1126,-10.3412,52.8962,169.8324,91.5156
24.6,3.1707,3.3297,-10.6701,51.6122,169.7713,91.2638
24.62,3.2277,3.5597,-10.9927,50.4309,169.8738,90.7015
24.64,3.2471,3.7353,-11.2541,49.659,170.2177,90.1071
24.66,3.2086,3.6828,-11.2128,49.9497,170.4643,90.4156
24.68,3.1367,3.5588,-11.0714,50.6615,170.793,91.1006
24.7,3.0149,3.342,-10.7917,51.8999,171.3135,91.9065
24.72,2.8668,3.0844,-10.4487,53.3919,172.0101,92.6566
24.74,2.479,2.4635,-9.5313,57.168,174.0958,94.5443
24.76,2.2363,2.1215,-8.9622,59.4404,175.5868,96.0964
24.78,1.9647,1.7829,-8.3272,61.7263,177.6927,98.0784
24.8,1.6644,1.461,-7.6227,64.255,180.4103,100.7447
24.82,1.3381,1.1812,-6.8381,67.0191,183.8476,104.6307
24.84,0.6132,0.7951,-5.0233,72.7931,194.8368,117.7144
24.86,0.227,0.675,-4.0236,75.4671,203.6209,127.5114
24.88,-0.1631,0.5896,-2.9842,77.7778,215.9808,140.7524
24.9,-0.5497,0.5528,-1.9124,79.4453,233.4164,159.0561
24.92,-0.9251,0.5586,-0.8361,79.8159,253.7279,179.8851
24.94,-1.5926,0.743,1.287,77.1641,287.6132,213.7964
24.96,-1.8731,0.9151,2.3164,74.8811,298.3459,224.4786
24.98,-2.1062,1.1173,3.2995,72.4569,305.6891,231.7644
25,-2.3028,1.3519,4.2368,69.887,311.6027,237.6065
25.02,-2.4473,1.6288,5.1222,67.2904,316.5892,242.851
25.04,-2.6122,2.2235,6.6767,62.6746,323.8459,250.3453
25.06,-2.6299,2.5671,7.3452,60.3414,326.8935,253.7872
25.08,-2.623,2.8965,7.9333,58.4025,329.3628,256.742
25.1,-2.6081,3.2259,8.4457,56.4639,331.7417,260.0419
25.12,-2.5347,3.515,8.8559,55.0021,333.6528,262.5535
25.14,-2.3678,3.975,9.4478,52.7714,336.1967,265.4712
25.16,-2.2926,4.1188,9.64,52.0815,337.1328,266.585
25.18,-2.2123,4.1708,9.7525,51.7914,337.8246,267.2321
25.2,-2.0974,4.1952,9.7911,51.687,338.3934,267.4558
25.22,-2.0133,4.1293,9.7671,51.9465,338.6145,267.2933
25.24,-1.9039,3.9827,9.6638,52.6085,338.7477,266.9481
25.26,-1.6813,3.4944,9.2553,54.8658,338.3678,265.43
25.28,-1.5669,3.1532,8.9442,56.4794,337.8138,264.1989
25.3,-1.4361,2.7771,8.5573,58.389,337.1296,263.1029
25.32,-1.3159,2.3933,8.0981,60.4871,336.3231,262.1974
25.34,-1.1771,1.9798,7.5444,62.8688,335.231,261.0991
25.36,-0.8475,1.1573,6.16,68.3724,331.7874,257.5728
25.38,-0.6616,0.7884,5.3476,71.2817,329.3461,255.2485
25.4,-0.4642,0.4435,4.4473,74.3449,325.7923,251.9282
25.42,-0.2397,0.1703,3.4674,77.4454,320.4959,246.9777
25.44,0.2446,-0.1505,1.3083,83.1846,293.5087,220.921
25.46,0.4762,-0.1801,0.1807,84.6417,262.0663,189.8592
25.48,0.7243,-0.1375,-0.9876,83.928,225.4897,153.5237
25.5,0.9782,0.0019,-2.1621,81.5612,203.2817,131.4079
25.52,1.1991,0.1883,-3.3287,78.3749,191.7911,119.9451
25.54,1.4183,0.4642,-4.469,75.0016,185.3279,113.5277
25.56,1.7875,1.1788,-6.6063,68.0453,178.9386,107.5844
25.58,1.9305,1.5833,-7.5731,64.57,177.3818,106.4857
25.6,2.054,1.9964,-8.4531,61.2508,176.3699,105.9266
25.62,2.1502,2.3699,-9.2449,58.1266,175.8055,105.8588
25.64,2.285,3.0132,-10.5184,52.8663,175.2311,105.8528
25.66,2.3159,3.2941,-10.9704,50.9134,175.1577,106.0014
25.68,2.3254,3.5338,-11.2974,49.4445,175.1793,106.084
25.7,2.3149,3.6988,-11.5158,48.4108,175.3155,106.1119
25.72,2.2902,3.7856,-11.6339,47.8666,175.5273,106.0649
25.74,2.2443,3.7837,-11.6462,47.7751,175.8138,106.3328
25.76,2.0951,3.5692,-11.3652,48.9811,176.6437,107.1403
25.78,1.9907,3.3626,-11.0699,50.3155,177.2669,107.3913
25.8,1.8717,3.1126,-10.6885,51.984,177.9772,107.7357
25.82,1.7276,2.8128,-10.2158,53.9556,178.8564,108.6211
25.84,1.3817,2.1466,-9.0003,58.7449,181.1581,111.3746
25.86,1.185,1.8052,-8.2686,61.495,182.7725,112.7776
25.88,0.9706,1.4769,-7.4527,64.2916,184.9889,114.8212
25.9,0.7316,1.1707,-6.5466,67.3409,187.621,117.9844
25.92,0.4775,0.901,-5.5675,70.5353,191.2519,122.579
25.94,0.2146,0.6838,-4.5302,73.7529,196.4166,128.5766
25.96,-0.3154,0.4147,-2.3447,79.5385,216.8444,150.1344
25.98,-0.6453,0.381,-0.9314,81.7096,242.3276,176.996
26,-0.8336,0.4016,-0.0937,81.9491,261.1913,196.4198
26.02,-1.0541,0.5014,1.0072,80.9415,284.7524,220.2845
26.04,-1.2546,0.648,2.0805,78.847,301.3547,236.9495
26.06,-1.5808,1.0297,4.076,73.3273,319.487,255.0187
26.08,-1.6946,1.2726,4.9939,70.2672,324.9721,260.3058
26.1,-1.7756,1.5464,5.844,67.3786,328.5623,263.7017
26.12,-1.836,1.8186,6.6186,64.6502,331.4489,266.4768
26.14,-1.8702,2.4477,7.9242,59.7979,335.399,269.2659
26.16,-1.8498,2.7744,8.4481,57.7541,337.1066,270.7834
26.18,-1.8053,3.0999,8.884,55.8634,338.6113,272.1284
26.2,-1.7458,3.3983,9.2386,54.3534,339.6993,272.9602
26.22,-1.7157,3.6337,9.5223,53.1876,340.4681,273.5598
26.24,-1.6717,3.7986,9.723,52.3502,341.1078,274.1689
26.26,-1.549,3.9796,9.9031,51.5497,342.1262,275.2994
26.28,-1.4929,3.9688,9.8838,51.6968,342.3741,275.4613
26.3,-1.4282,3.8752,9.786,52.1807,342.4598,275.3925
26.32,-1.3623,3.6968,9.5909,53.1322,342.4175,274.7596
26.34,-1.2892,3.4582,9.3278,54.3431,342.1819,274.6534
26.36,-1.1778,2.7957,8.5786,57.9004,340.7398,273.0276
26.38,-1.109,2.3796,8.0735,60.0513,339.6395,271.6171
26.4,-1.0254,1.9139,7.471,62.7,338.1531,269.4091
26.42,-0.9569,1.4766,6.8065,65.2669,336.502,268.0029
26.44,-0.7524,0.6127,5.1852,71.2099,331.2682,263.2943
26.46,-0.6324,0.2623,4.2617,74.3167,327.3857,259.894
26.48,-0.4848,-0.0282,3.2585,77.4565,321.7215,254.7955
26.5,-0.3151,-0.2696,2.1739,80.6421,311.6136,245.3247
26.52,-0.1527,-0.4124,1.0589,83.3183,293.151,227.6665
26.54,0.0388,-0.4629,-0.0986,84.739,258.9845,194.3066
26.56,0.4397,-0.3552,-2.4806,81.0446,200.7737,137.5603
26.58,0.6443,-0.174,-3.6603,77.7771,190.2766,127.6535
26.6,0.8512,0.0802,-4.8265,74.2164,184.6015,122.2125
26.62,1.0543,0.4236,-5.9427,70.6898,181.1089,118.6799
26.64,1.4198,1.2698,-7.9895,63.724,177.4022,114.5899
26.66,1.5791,1.7532,-8.8947,60.4263,176.372,113.4206
26.68,1.7182,2.2408,-9.7116,57.2422,175.6376,112.6923
26.7,1.84,2.7099,-10.4317,54.246,175.0803,112.3945
26.72,1.9404,3.1285,-11.05,51.4985,174.65,112.4326
26.74,2.0733,3.7696,-11.9254,47.4481,174.0336,113.5266
26.76,2.1156,3.9783,-12.1705,46.2682,173.8514,113.7107
26.78,2.1498,4.0988,-12.3001,45.6506,173.7409,113.2531
26.8,2.1562,4.0893,-12.2828,45.7135,173.7095,113.0382
26.82,2.1392,3.9511,-12.1146,46.4715,173.773,113.0591
26.84,2.1129,3.7858,-11.898,47.5373,173.866,113.1148
26.86,1.9802,3.1632,-11.0371,51.4436,174.4148,113.141
26.88,1.8772,2.7852,-10.4454,53.9818,174.9119,113.2227
26.9,1.7478,2.3858,-9.7491,56.8786,175.6693,113.7047
26.92,1.5839,1.9823,-8.9375,60.1186,176.6909,114.7307
26.94,1.3946,1.5883,-8.0266,63.6187,178.1415,116.3114
26.96,0.9275,0.9083,-5.9171,71.2193,183.1825,122.178
26.98,0.5818,0.621,-4.4299,75.9171,189.7443,129.5685
27,0.3617,0.5247,-3.4863,78.8911,196.3867,136.8426
27.02,-0.0108,0.4689,-1.875,83.0545,219.2048,160.6285
27.04,-0.2459,0.4738,-0.8971,84.2104,245.0809,187.0972
27.06,-0.8089,0.6584,1.6566,80.5702,307.9364,249.8409
27.08,-1.0483,0.8284,2.868,77.1565,318.2975,259.384
27.1,-1.26,1.0556,4.0177,73.6342,323.8623,263.6677
27.12,-1.464,1.4409,5.3604,69.1597,328.5309,266.9248
27.14,-1.5678,1.7087,6.1103,66.5312,330.4623,268.2433
27.16,-1.7118,2.6688,8.0349,59.2473,335.3228,270.5496
27.18,-1.7803,3.1219,8.7507,55.5177,337.8815,273.1093
27.2,-1.7889,3.4446,9.2079,53.7265,338.8256,273.5075
27.22,-1.787,3.9233,9.7415,51.2855,340.2625,274.8864
27.24,-1.7842,4.3394,10.1666,49.2756,341.424,276.2004
27.26,-1.7492,5.0501,10.7453,46.486,342.9245,277.7962
27.28,-1.727,5.3263,10.9136,45.5224,343.4766,278.745
27.3,-1.732,5.4623,10.9971,45.1059,343.7211,279.3457
27.32,-1.6878,5.4964,10.9961,45.0885,343.8807,279.5838
27.34,-1.6876,5.4468,10.9429,45.3623,343.7654,279.404
27.36,-1.6558,5.0316,10.6026,47.139,343.0658,278.156
27.38,-1.6459,4.7145,10.3406,48.4827,342.4069,277.3258
27.4,-1.6225,4.3139,10.001,50.2916,341.4949,276.1926
27.42,-1.5928,3.8227,9.579,52.482,340.3371,274.7615
27.44,-1.5543,3.2979,9.0781,54.9112,339.0059,273.1689
27.46,-1.4511,2.2328,7.8182,60.384,335.8434,270.3531
27.48,-1.3643,1.7363,7.0466,63.4671,333.9925,269.0918
27.5,-1.2465,1.2711,6.178,66.8145,331.713,267.6585
27.52,-1.0915,0.8542,5.2135,70.3008,328.8477,265.7567
27.54,-0.6905,0.2315,3.0522,77.426,319.5171,258.3621
27.56,-0.4549,0.0329,1.8724,80.8545,309.4681,249.1064
27.58,-0.1913,-0.0919,0.6324,83.8494,287.9615,228.2177
27.6,0.1018,-0.0989,-0.6312,85.0239,247.0428,187.7293
27.62,0.3924,-0.0276,-1.9152,83.2084,209.2619,150.4113
27.64,0.9692,0.4136,-4.4354,76.1356,183.312,125.5727
27.66,1.2374,0.7602,-5.6367,72.1887,178.7552,121.3837
27.68,1.5372,1.2543,-7.0313,67.2723,175.5781,119.0116
27.7,1.6925,1.5475,-7.7942,64.3613,174.3263,118.3957
27.72,1.8829,1.9219,-8.7192,60.7831,173.2259,118.3501
27.74,2.0457,2.2669,-9.5126,57.5681,172.3657,118.3395
27.76,2.3134,2.9113,-10.6581,52.7645,171.3605,117.1745
27.78,2.4166,3.1532,-11.0166,51.1982,171.1447,116.1898
27.8,2.5022,3.3177,-11.2429,50.1823,170.9602,115.0153
27.82,2.5636,3.3841,-11.3497,49.6907,170.893,114.0757
27.84,2.6051,3.2872,-11.2154,50.2419,170.9559,113.036
27.86,2.5886,3.1216,-10.963,51.3405,171.1012,112.5355
27.88,2.5416,2.8924,-10.6164,52.7992,171.3192,112.2545
27.9,2.4685,2.626,-10.1757,54.6589,171.5598,112.2348
27.92,2.3595,2.316,-9.6412,56.8349,171.9507,112.5942
27.94,2.2208,1.9898,-9.0147,59.3574,172.5227,113.1789
27.96,1.855,1.3314,-7.506,65.2209,174.5029,115.0546
27.98,1.6254,1.0176,-6.6344,68.4535,176.2281,116.7261
28,1.369,0.7323,-5.6958,71.7895,178.8441,119.4172
28.02,1.0888,0.4881,-4.7037,75.1708,182.9905,123.6204
28.04,0.4791,0.1817,-2.5962,81.5364,202.5286,142.8918
28.06,0.1627,0.1369,-1.5053,83.7537,226.1565,166.4379
28.08,-0.1527,0.1507,-0.4147,84.1607,261.3975,201.6613
28.1,-0.4691,0.2157,0.6639,82.4872,289.6595,229.8415
28.12,-0.7512,0.358,1.7142,79.8108,305.7189,245.2191
28.14,-1.0787,0.6107,2.9685,76.0691,316.2517,254.5676
28.16,-1.4585,1.0938,4.5847,70.7295,324.4894,261.7916
28.18,-1.6274,1.4281,5.4262,67.8697,327.3655,263.9086
28.2,-1.7651,1.7395,6.1842,65.1308,329.8596,265.2199
28.22,-1.8875,2.0661,6.8875,62.3903,332.1862,267.0251
28.24,-2.0279,2.7101,8.0619,58.0361,335.0903,269.2188
28.26,-2.0841,3.0314,8.542,56.1662,336.2275,270.2828
28.28,-2.1053,3.3236,8.9358,54.5268,337.2798,271.3457
28.3,-2.1322,3.5976,9.2735,53.1658,338.0843,272.2256
28.32,-2.1119,3.8204,9.5289,52.0896,338.8512,272.9954
28.34,-2.0938,4.0918,9.8669,50.7198,339.7843,274.0643
28.36,-2.0533,4.1289,9.9325,50.5052,340.0908,274.3328
28.38,-2.0193,4.1169,9.9423,50.5394,340.2656,274.4938
28.4,-1.9721,4.0566,9.8938,50.8312,340.3581,274.4884
28.42,-1.9162,3.9238,9.7732,51.4664,340.346,274.3936
28.44,-1.7803,3.5327,9.3482,53.4482,340.0503,273.9873
28.46,-1.7006,3.2527,9.0342,54.9738,339.5283,273.4202
28.48,-1.6167,2.9396,8.6554,56.7337,338.9031,272.8423
28.5,-1.5128,2.6307,8.2122,58.6362,338.3128,272.4
28.52,-1.3864,2.2904,7.6881,60.7908,337.5631,271.9472
28.54,-1.0898,1.6014,6.3992,65.7542,335.5722,270.2503
28.56,-0.922,1.2822,5.6344,68.4578,334.2372,268.5572
28.58,-0.7257,0.9855,4.7886,71.301,332.59,267.1082
28.6,-0.5091,0.7321,3.8691,74.3249,330.3645,265.3331
28.62,-0.2682,0.5192,2.8724,77.4881,327.0432,262.3836
28.64,0.2398,0.251,0.7142,83.9257,308.9563,245.035
28.66,0.509,0.2056,-0.4353,86.3447,274.2823,210.6953
28.68,0.7775,0.2378,-1.6036,85.8108,217.1269,153.7058
28.7,1.0413,0.334,-2.7817,82.7499,191.8713,128.3815
28.72,1.2882,0.496,-3.9317,79.1456,182.5139,119.1322
28.74,1.7162,0.9535,-6.0488,71.9319,176.0954,113.2493
28.76,1.8953,1.2068,-6.9659,68.598,174.8373,112.0412
28.78,2.0461,1.4569,-7.7581,65.6433,174.1345,111.254
28.8,2.1692,1.7067,-8.4051,63.1979,173.702,110.7175
28.82,2.2612,1.9302,-8.895,61.3057,173.4008,110.3881
28.84,2.3659,2.1884,-9.4221,59.1975,172.9499,110.1078
28.86,2.3791,2.2069,-9.4636,59.0122,172.7877,110.0989
28.88,2.3695,2.1638,-9.378,59.3308,172.7359,110.1579
28.9,2.3389,2.0702,-9.1718,60.1295,172.7733,110.1999
28.92,2.2745,1.9023,-8.8137,61.5352,172.9908,110.2969
28.94,2.1895,1.7031,-8.385,63.174,173.4232,110.5828
28.96,1.9358,1.2525,-7.2745,67.2219,175.0655,112.147
28.98,1.7647,1.0243,-6.6136,69.5213,176.511,113.5729
29,1.5666,0.8019,-5.8991,71.9281,178.5551,115.7602
29.02,1.3381,0.587,-5.1366,74.4023,181.4119,118.9528
29.04,0.7958,0.2148,-3.493,79.4129,191.8503,130.7642
29.06,0.4937,0.1078,-2.6258,81.7901,202.4655,142.321
29.08,0.1773,0.0781,-1.739,83.7014,221.2996,161.8681
29.1,-0.153,0.1111,-0.8389,84.4561,250.6409,192.0543
29.12,-0.4869,0.1923,0.0638,83.6328,276.8554,219.112
29.14,-0.818,0.3138,0.9568,81.7664,295.7538,238.8879
29.16,-1.4489,0.6392,2.6729,76.7434,313.1089,256.1578
29.18,-1.7349,0.8506,3.4794,74.0382,317.0863,259.4097
29.2,-2.0013,1.0928,4.245,71.4418,319.5171,261.098
29.22,-2.2382,1.3822,4.9661,68.8344,321.5742,262.4621
29.24,-2.6483,1.9788,6.2599,64.0517,324.5089,263.782
29.26,-2.8159,2.2828,6.8332,61.8969,325.7325,264.4487
29.28,-2.968,2.5827,7.3563,59.9187,326.8506,265.2133
29.3,-3.088,2.868,7.8141,58.1423,327.9441,266.225
29.32,-3.1804,3.1463,8.212,56.5714,328.911,267.0882
29.34,-3.3176,3.6321,8.8343,53.8961,330.85,268.868
29.36,-3.3624,3.8098,9.0638,52.8211,331.5386,269.359
29.38,-3.3962,3.9389,9.2407,52.0885,331.9078,269.3304
29.4,-3.4047,4.0258,9.3602,51.5777,332.1815,269.249
29.42,-3.4151,4.0658,9.432,51.2844,332.2271,268.9341
29.44,-3.3872,4.016,9.409,51.4723,332.0038,267.9942
29.46,-3.3473,3.9185,9.3145,51.9301,331.7619,267.4034
29.48,-3.294,3.7642,9.1596,52.7117,331.3179,266.7296
29.5,-3.246,3.5803,8.9693,53.6619,330.7588,266.1115
29.52,-3.1668,3.3465,8.7192,54.842,330.1937,265.5613
29.54,-2.9726,2.7938,8.0536,57.8526,328.6871,264.223
29.56,-2.8463,2.48,7.6283,59.6191,327.8172,263.5227
29.58,-2.689,2.1535,7.1393,61.5578,326.8701,262.6786
29.6,-2.5112,1.8115,6.5873,63.7158,325.67,261.4909
29.62,-2.306,1.4541,5.9683,66.0444,324.1296,259.9097
29.64,-1.8238,0.7874,4.5479,71.0042,319.9683,256.2388
29.66,-1.5459,0.4896,3.7419,73.6757,316.6762,253.2818
29.68,-1.2401,0.2267,2.8704,76.4395,311.7724,248.4411
29.7,-0.9173,0.0142,1.9462,79.1888,304.125,240.9288
29.72,-0.5773,-0.1352,0.9806,81.7168,291.4194,228.4317
29.74,0.1245,-0.2279,-1.0422,83.9317,237.7124,175.4053
29.76,0.477,-0.1637,-2.0733,82.573,210.7324,148.7568
29.78,0.8197,-0.0271,-3.0958,80.1662,194.5077,132.8662
29.8,1.1482,0.1668,-4.0987,77.3185,185.2374,123.9669
29.82,1.4487,0.4105,-5.0608,74.2393,179.6298,118.7615
29.84,1.9748,1.0035,-6.8191,68.1515,173.6614,113.5517
29.86,2.1915,1.3109,-7.5861,65.3133,172.0375,112.4082
29.88,2.3717,1.6013,-8.2564,62.7328,170.9525,111.8375
29.9,2.5178,1.8629,-8.8204,60.503,170.2386,111.5587
29.92,2.6345,2.0873,-9.2751,58.6758,169.7923,111.2442
29.94,2.774,2.3852,-9.8378,56.3971,169.408,110.6221
29.96,2.7961,2.4412,-9.9484,55.9485,169.4533,110.3529
29.98,2.7874,2.434,-9.9542,55.9332,169.6431,110.1967
30,2.7485,2.3691,-9.8699,56.2513,169.9458,110.1523
30.02,2.6726,2.2348,-9.6881,56.9403,170.4941,110.2698
30.04,2.5585,2.0442,-9.4163,57.9517,171.2129,110.8203
30.06,2.1792,1.5203,-8.5117,61.3985,173.6571,113.0982
30.08,2.0206,1.3327,-8.1222,62.8786,174.8188,113.8725
30.1,1.777,1.0698,-7.5372,65.03,176.792,115.2812
30.12,1.5058,0.8044,-6.8844,67.3303,179.3176,117.2531
30.14,1.1247,0.4845,-5.9737,70.3768,183.659,120.9679
30.16,0.5357,0.1298,-4.5355,74.7712,193.3932,130.0161
30.18,0.1871,-0.0005,-3.6458,77.1467,202.5154,138.2948
30.2,-0.1672,-0.0723,-2.7145,79.0972,215.6146,150.4904
30.22,-0.517,-0.0972,-1.7565,80.3266,233.3404,167.4169
30.24,-1.2001,0.0059,0.2182,79.6407,272.4346,205.9652
30.26,-1.5033,0.1331,1.1957,77.985,287.1876,220.2215
30.28,-1.7833,0.3063,2.1602,75.8553,298.1407,231.2264
30.3,-2.0242,0.5284,3.0952,73.4719,306.0173,239.3776
30.32,-2.2254,0.7828,3.9843,71.0624,312.0347,245.6804
30.34,-2.5176,1.3926,5.6156,66.2407,320.796,255.2281
30.36,-2.6067,1.7019,6.3376,64.0636,323.7764,258.1501
30.38,-2.6485,2.0246,6.9989,61.7253,327.0543,261.4879
30.4,-2.6804,2.3367,7.6002,59.5839,329.3491,263.6046
30.42,-2.6808,2.6337,8.1424,57.4924,331.6698,265.766
30.44,-2.6332,3.142,9.0331,54.2807,334.4518,267.4444
30.46,-2.5884,3.3631,9.3812,52.9819,335.4603,267.6861
30.48,-2.5281,3.5472,9.6686,51.6621,336.818,268.6172
30.5,-2.46,3.7114,9.8986,50.5291,337.9247,269.3948
30.52,-2.3807,3.8354,10.0713,49.8943,338.5546,269.5498
30.54,-2.2207,3.9081,10.2517,49.3657,339.5279,270.0174
30.56,-2.1505,3.8743,10.2637,49.4781,339.8598,270.3673
30.58,-2.0656,3.8015,10.2174,49.8121,340.143,270.774
30.6,-1.9549,3.6641,10.0948,50.5043,340.447,271.4201
30.62,-1.8553,3.4908,9.9189,51.4181,340.6361,272.0994
30.64,-1.6446,2.9949,9.367,54.0717,340.7113,273.2905
30.66,-1.531,2.6828,8.989,55.8337,340.5787,273.8569
30.68,-1.4055,2.334,8.5381,57.8522,340.3687,274.3838
30.7,-1.2648,1.9757,8.0114,60.0341,340.1484,274.8953
30.72,-1.1126,1.5911,7.4063,62.4841,339.7162,275.0597
30.74,-0.949,1.1957,6.7253,65.1762,339.076,275.1202
30.76,-0.5678,0.479,5.1311,71.0735,337.038,274.3821
30.78,-0.3751,0.1629,4.2289,74.2103,335.2624,273.1239
30.8,-0.1375,-0.0914,3.2473,77.4466,332.7993,270.8925
30.82,0.1181,-0.2818,2.2094,80.7341,328.6275,266.674
30.84,0.3699,-0.4144,1.1314,83.9513,319.3145,257.0772
30.86,0.9168,-0.451,-1.1339,86.842,225.3432,161.5018
30.88,1.177,-0.3616,-2.2761,84.1464,194.7589,130.1077
30.9,1.4292,-0.1917,-3.4008,80.9225,184.773,119.5429
30.92,1.6646,0.0514,-4.4947,77.605,180.1035,114.4217
30.94,2.0598,0.6861,-6.5232,71.1172,175.9561,109.1581
30.96,2.2257,1.0468,-7.4412,67.9994,174.9085,107.4196
30.98,2.3604,1.4124,-8.271,65.0502,174.2141,106.2922
31,2.4699,1.7699,-9.002,62.3744,173.7224,105.6305
31.02,2.5531,2.1032,-9.6298,59.9944,173.3729,105.0965
31.04,2.6522,2.6226,-10.5703,56.2921,173.1091,104.3388
31.06,2.6649,2.8015,-10.8617,55.1433,173.1677,104.4741
31.08,2.6578,2.9171,-11.0338,54.4665,173.3071,104.5865
31.1,2.6278,2.9548,-11.0846,54.2676,173.504,104.9642
31.12,2.5798,2.9131,-11.0236,54.5021,173.7429,105.5813
31.14,2.4061,2.5986,-10.5199,56.5504,174.4912,107.7477
31.16,2.2861,2.3514,-10.0938,58.2324,175.0212,109.2064
31.18,2.1406,2.059,-9.5524,60.323,175.7033,110.9965
31.2,1.9635,1.7368,-8.892,62.809,176.5712,113.2008
31.22,1.7648,1.4085,-8.1287,65.6276,177.7802,115.6502
31.24,1.2985,0.8051,-6.3231,71.9756,182.0963,121.5189
31.26,1.0364,0.5663,-5.2971,75.3266,186.0326,126.054
31.28,0.7523,0.3686,-4.2096,78.6749,192.8243,133.3547
31.3,0.4607,0.2191,-3.0884,81.6196,205.0963,145.969
31.32,0.158,0.1439,-1.9286,83.9305,229.4285,170.8876
31.34,-0.4248,0.2021,0.3935,82.6557,293.1906,234.872
31.36,-0.6951,0.3291,1.5295,80.0113,308.248,249.8094
31.38,-0.9299,0.5134,2.6239,76.9611,317.4702,258.7251
31.4,-1.158,0.7452,3.6892,73.7903,322.9742,263.8406
31.42,-1.3481,0.996,4.6839,70.7298,326.5248,266.5144
31.44,-1.6155,1.6065,6.4948,64.7727,331.849,270.5106
31.46,-1.7014,1.9243,7.2914,62.0956,333.7756,271.792
31.48,-1.7605,2.2849,8.0231,59.4826,335.5229,272.7319
31.5,-1.7843,2.6513,8.6652,56.7561,337.5771,274.5393
31.52,-1.7861,3.0387,9.2304,54.5672,339.0016,275.6385
31.54,-1.7232,3.7736,10.1046,50.9661,341.4764,278.2732
31.56,-1.678,4.0803,10.4297,49.5681,342.4991,279.6152
31.58,-1.6314,4.3453,10.7017,48.3416,343.4333,280.8813
31.6,-1.5494,4.585,10.9051,47.3421,344.3211,282.0362
31.62,-1.4632,4.7294,11.0412,46.6856,345.07,282.8828
31.64,-1.3327,4.8078,11.1348,46.377,345.8395,283.7302
31.66,-1.2524,4.7088,11.0685,46.797,346.0056,283.8613
31.68,-1.1761,4.5719,10.9418,47.4511,346.0349,283.8252
31.7,-1.083,4.3458,10.7293,48.5321,345.9467,283.4988
31.72,-0.9896,4.056,10.4489,49.9244,345.7523,283.1324
31.74,-0.9261,3.7295,10.118,51.6038,345.2457,282.6086
31.76,-0.7239,2.8703,9.1836,55.9771,344.131,281.9534
31.78,-0.6708,2.3981,8.629,58.4019,343.2546,281.607
31.8,-0.5433,1.93,7.9611,61.1642,342.4641,281.2018
31.82,-0.418,1.4796,7.2247,64.1043,341.5241,280.7603
31.84,-0.2917,1.0112,6.394,67.25,340.323,280.3096
31.86,0.0145,0.261,4.5012,73.8165,337.2827,278.9504
31.88,0.1873,-0.0369,3.4317,77.3961,334.1254,276.239
31.9,0.4086,-0.2076,2.2987,81.1155,328.3409,270.5577
31.92,0.6303,-0.3036,1.1198,84.4913,317.0334,259.6312
31.94,0.8579,-0.3134,-0.0941,87.1452,279.4063,222.2278
31.96,1.3086,-0.1084,-2.5605,83.1273,187.8368,130.6424
31.98,1.5246,0.1179,-3.7725,79.5397,180.1673,122.9284
32,1.7248,0.4084,-4.9502,75.7859,176.7629,119.4594
32.02,1.9006,0.7484,-6.0626,72.0363,174.8141,117.5012
32.04,2.1651,1.4403,-7.9967,65.1321,173.1616,116.8356
32.06,2.2654,1.7554,-8.7873,62.1913,172.8042,116.8876
32.08,2.3354,2.0337,-9.4291,59.6947,172.6232,116.9117
32.1,2.3867,2.2883,-9.9097,57.8577,172.5186,116.9145
32.12,2.4246,2.4842,-10.2434,56.5579,172.4395,116.3493
32.14,2.4393,2.6159,-10.4872,55.59,172.5435,115.7051
32.16,2.4175,2.5677,-10.4101,55.9018,172.659,115.7755
32.18,2.3776,2.4579,-10.2155,56.6658,172.8432,115.9306
32.2,2.3115,2.2689,-9.863,58.0675,173.1385,116.0901
32.22,2.226,2.0411,-9.4306,59.7167,173.543,116.4797
32.24,1.99,1.5215,-8.2752,64.0187,174.6515,117.7986
32.26,1.8304,1.2452,-7.5662,66.5759,175.6424,118.975
32.28,1.6575,0.9994,-6.7747,69.4637,176.928,120.3294
32.3,1.4523,0.767,-5.9097,72.5004,178.9351,122.4631
32.32,1.227,0.5584,-4.9891,75.6059,181.9564,125.7419
32.34,0.9811,0.3843,-4.0175,78.4963,186.8154,130.7989
32.36,0.4477,0.1745,-1.9974,84.2162,212.9214,157.337
32.38,0.1717,0.1654,-0.9716,85.6194,247.97,192.5987
32.4,-0.1028,0.2142,0.0442,84.7326,286.3779,231.1251
32.42,-0.3697,0.3067,1.0347,82.4469,306.4562,251.1266
32.44,-0.6149,0.442,1.9942,79.7563,315.9271,260.468
32.46,-1.0363,0.7679,3.7822,74.2901,324.4738,268.0231
32.48,-1.2048,0.9671,4.605,71.6773,326.967,269.729
32.5,-1.3611,1.1621,5.3719,69.1623,328.6899,270.5751
32.52,-1.4696,1.415,6.0902,66.5453,330.9353,272.4161
32.54,-1.6477,1.9388,7.3307,61.9513,334.341,275.8401
32.56,-1.6855,2.2567,7.8528,59.9063,336.0361,277.6384
32.58,-1.7168,2.5576,8.3111,58.1548,337.4308,279.1669
32.6,-1.7293,2.8241,8.7057,56.6211,338.7327,280.6798
32.62,-1.7428,3.0679,9.0538,55.363,339.7734,281.987
32.64,-1.7213,3.4518,9.5851,53.2208,341.6717,284.4561
32.66,-1.7,3.5908,9.7725,52.4401,342.3796,285.3085
32.68,-1.6829,3.676,9.9087,51.9593,342.8877,285.8216
32.7,-1.6539,3.7058,9.9855,51.7358,343.2314,286.1204
32.72,-1.6263,3.6937,10.0077,51.7144,343.3851,286.3029
32.74,-1.5672,3.5748,9.9085,52.2314,343.3845,286.1796
32.76,-1.5264,3.4203,9.7584,52.9305,343.175,285.7767
32.78,-1.493,3.2555,9.5747,53.7172,342.876,285.2952
32.8,-1.4499,3.0313,9.3213,54.7859,342.4493,284.6196
32.82,-1.4052,2.7765,9.0156,56.0858,341.9057,283.9859
32.84,-1.3515,2.4975,8.6449,57.6422,341.2273,283.3749
32.86,-1.241,1.8879,7.7336,61.2416,339.5689,282.4814
32.88,-1.1652,1.5596,7.1773,63.3199,338.6712,282.0947
32.9,-1.0878,1.231,6.5648,65.5536,337.5942,281.6143
32.92,-0.9896,0.9105,5.8867,67.9455,336.4199,281.2393
32.94,-0.7435,0.3004,4.3428,73.2094,333.0319,279.311
32.96,-0.5865,0.0344,3.4756,76.0275,330.3681,276.9247
32.98,-0.4137,-0.1855,2.5581,78.8805,326.3764,273.0752
33,-0.2089,-0.3461,1.5853,81.7357,319.7943,266.3135
33.02,-0.0046,-0.4427,0.5814,84.4107,306.1052,252.407
33.04,0.4407,-0.4171,-1.4981,85.9274,224.4594,170.6194
33.06,0.6595,-0.3021,-2.5441,83.6085,198.544,144.8265
33.08,0.8732,-0.1175,-3.5744,80.7361,187.4013,133.8786
33.1,1.0843,0.1127,-4.5905,77.6466,181.7293,128.2938
33.12,1.274,0.3888,-5.5617,74.5514,178.4547,125.1978
33.14,1.6014,1.0355,-7.3321,68.5183,174.8993,122.2201
33.16,1.733,1.3703,-8.1043,65.694,173.9532,121.555
33.18,1.848,1.6832,-8.7929,63.1158,173.3054,120.9903
33.2,1.9443,1.9627,-9.3791,60.8742,172.8439,120.4736
33.22,2.0232,2.1912,-9.8596,59.0258,172.5846,119.985
33.24,2.1164,2.4889,-10.4586,56.7374,172.3628,119.2425
33.26,2.1321,2.5508,-10.5829,56.285,172.4119,118.9743
33.28,2.1269,2.5554,-10.5938,56.2756,172.5479,118.8009
33.3,2.1033,2.5061,-10.508,56.6374,172.7598,118.7465
33.32,2.056,2.395,-10.3122,57.4324,173.0778,118.9441
33.34,1.8901,2.0223,-9.6311,60.073,174.0059,120.3097
33.36,1.7766,1.7916,-9.1647,61.8242,174.6515,121.329
33.38,1.6418,1.5504,-8.6096,63.8805,175.4956,122.6307
33.4,1.4865,1.3064,-7.9634,66.2488,176.6353,124.2547
33.42,1.3017,1.0674,-7.2165,68.9635,178.1971,126.6157
33.44,0.8734,0.6304,-5.4646,74.1843,183.5903,133.1239
33.46,0.6265,0.466,-4.4688,76.9302,187.3,137.2507
33.48,0.3665,0.3484,-3.4197,79.7596,193.5819,143.7105
33.5,0.0923,0.2935,-2.3264,82.9772,207.0388,157.7252
33.52,-0.1984,0.2849,-1.208,85.1594,238.5537,189.9257
33.54,-0.4768,0.3255,-0.0941,84.9951,275.4727,227.0046
33.56,-0.9834,0.5081,2.0621,80.0534,314.6638,264.9208
33.58,-1.2183,0.6712,3.0957,77.0146,321.0471,270.4858
33.6,-1.4138,0.8877,4.0748,73.987,325.0183,273.3669
33.62,-1.6294,1.2098,5.2196,70.3297,328.2112,275.1571
33.64,-1.8486,1.7773,6.6601,65.4595,331.7187,277.5227
33.66,-1.9437,2.1293,7.3934,62.6215,333.9391,279.6734
33.68,-2.0189,2.5117,8.0495,59.8342,335.6817,281.7272
33.7,-2.064,2.8987,8.6254,57.218,337.4626,283.9393
33.72,-2.114,3.3638,9.2427,54.4722,339.2174,286.3227
33.74,-2.1356,3.6437,9.5619,52.7057,340.259,288.4369
33.76,-2.1377,4.2188,10.1829,49.88,341.8118,290.6774
33.78,-2.1229,4.4488,10.3771,48.9108,342.2923,291.325
33.8,-2.1011,4.6135,10.4962,48.3002,342.5971,291.2519
33.82,-2.0721,4.7159,10.5309,48.0293,342.6904,291.0207
33.84,-2.0586,4.7462,10.5084,48.0551,342.567,290.5377
33.86,-2.0091,4.5539,10.2327,49.1146,341.8084,288.3369
33.88,-1.9841,4.3242,9.9756,50.0852,341.2183,286.6937
33.9,-1.9603,4.0386,9.6537,51.3643,340.3797,285.3565
33.92,-1.9459,3.6909,9.2624,53.0603,339.171,283.6501
33.94,-1.8641,2.8567,8.22,57.1434,336.6779,279.9143
33.96,-1.8135,2.3985,7.5741,59.511,335.0591,278.4185
33.98,-1.7802,1.929,6.8457,62.1567,332.9901,276.3362
34,-1.7024,1.4807,6.0201,64.9533,330.7196,274.0424
34.02,-1.5988,1.0434,5.0939,68.0059,327.8313,271.2988
34.04,-1.3463,0.3386,3.0143,74.4238,319.018,263.4943
34.06,-1.1912,0.0855,1.8691,77.6546,311.0317,256.2825
34.08,-0.9728,-0.0595,0.6516,80.6702,297.9789,244.0411
34.1,-0.7636,-0.1074,-0.5863,82.8311,274.546,221.5791
34.12,-0.5352,-0.0572,-1.8465,83.141,241.2148,189.2773
34.14,-0.3017,0.0839,-3.0998,81.3125,214.0497,163.1732
34.16,0.1509,0.5526,-5.4958,74.7309,190.2341,141.0743
34.18,0.3788,0.8399,-6.6031,71.104,185.3264,136.5599
34.2,0.5906,1.1349,-7.6076,67.6516,182.2103,133.4473
34.22,0.7877,1.4217,-8.5024,64.4243,180.159,131.1378
34.24,1.1286,1.9784,-9.8842,59.2692,177.8822,128.6264
34.26,1.2715,2.2311,-10.3403,57.4997,177.2271,127.6859
34.28,1.3874,2.4219,-10.6288,56.3165,176.7313,126.914
34.3,1.4742,2.5213,-10.752,55.7718,176.3742,126.6287
34.32,1.5327,2.5086,-10.7142,55.8991,176.125,126.5617
34.34,1.57,2.1847,-10.1387,58.177,175.896,126.5257
34.36,1.5431,1.9196,-9.611,60.233,175.9856,126.6224
34.38,1.4787,1.6176,-8.9397,62.7693,176.305,127.0684
34.4,1.3788,1.3017,-8.1358,65.7217,176.8549,128.1127
34.42,1.2363,0.9854,-7.2087,69.0297,177.81,130.0193
34.44,0.8825,0.4625,-5.0815,76.315,182.153,135.4147
34.46,0.6628,0.2876,-3.9045,80.0233,187.4348,140.716
34.48,0.4254,0.1806,-2.6898,83.6857,200.2207,153.7745
34.5,0.1659,0.1409,-1.4465,86.3317,237.6678,191.4975
34.52,-0.1075,0.1729,-0.1906,85.4973,295.1436,249.2392
34.54,-0.6039,0.3565,2.2152,79.6531,324.1748,276.129
34.56,-0.8338,0.4965,3.3455,76.2425,328.7682,279.4662
34.58,-1.034,0.7313,4.4336,72.8553,331.8415,281.5965
34.6,-1.2274,1.0184,5.4553,69.498,333.8786,283.0854
34.62,-1.4101,1.3389,6.3832,66.1542,335.6214,284.3194
34.64,-1.6424,2.2058,7.9594,58.7337,339.6165,289.2547
34.66,-1.7291,2.6484,8.5963,55.9351,340.9952,290.3276
34.68,-1.798,3.087,9.1382,53.5437,341.991,291.9048
34.7,-1.857,3.5081,9.5819,51.4511,342.7924,293.3246
34.72,-1.883,3.857,9.9113,49.9722,343.4266,294.2677
34.74,-1.9258,4.1566,10.1619,48.7975,343.9083,295.1127
34.76,-1.9472,4.5529,10.3799,47.5611,344.5181,296.0308
34.78,-1.9443,4.5526,10.3545,47.6777,344.4841,295.9176
34.8,-1.9355,4.5228,10.2792,47.9715,344.3845,295.631
34.82,-1.9224,4.3493,10.1082,48.8109,344.0157,294.9457
34.84,-1.904,3.7827,9.563,51.3853,342.7129,292.9918
34.86,-1.8436,3.4,9.1569,53.2115,341.9213,291.6144
34.88,-1.8193,2.9817,8.6865,55.2877,340.8289,290.062
34.9,-1.7545,2.5448,8.1181,57.5725,339.6786,288.5516
34.92,-1.6869,2.0601,7.4484,60.2759,338.3108,287.0223
34.94,-1.5989,1.6259,6.7039,63.0167,336.8423,285.66
34.96,-1.3551,0.7804,4.9511,69.1892,333.006,282.337
34.98,-1.1816,0.4255,3.9507,72.4943,330.3846,280.0995
35,-0.9882,0.1143,2.8739,75.9386,326.3955,276.5359
35.02,-0.765,-0.1063,1.7408,79.3821,320.2234,270.6877
35.04,-0.2529,-0.268,-0.6465,85.3101,280.3556,231.3107
35.06,0.022,-0.2138,-1.865,85.4756,230.2782,181.4068
35.08,0.2971,-0.088,-3.0862,82.8991,199.4295,150.6894
35.1,0.5743,0.1363,-4.2709,79.433,186.6766,137.8986
35.12,0.8331,0.4127,-5.4001,75.7814,180.7746,132.1965
35.14,1.3059,0.9939,-7.3787,68.9153,175.6233,126.8901
35.16,1.5258,1.2544,-8.1779,66.0349,174.3228,125.1302
35.18,1.7155,1.4741,-8.8106,63.7047,173.4448,123.5475
35.2,1.8877,1.6706,-9.2726,62.0037,172.7415,121.8676
35.22,2.035,1.8208,-9.5606,60.9092,172.1065,120.2692
35.24,2.2429,1.8935,-9.6757,60.4112,170.9922,118.2198
35.26,2.3014,1.8248,-9.538,60.8893,170.5524,117.7843
35.28,2.341,1.69,-9.2489,61.8749,170.0901,117.3887
35.3,2.3509,1.5104,-8.8505,63.3167,169.6633,117.0504
35.32,2.3375,1.3174,-8.3651,65.0439,169.2632,116.8528
35.34,2.2069,0.8652,-7.1469,69.2446,168.8558,117.1293
35.36,2.0936,0.6313,-6.4355,71.6476,168.9603,117.6252
35.38,1.952,0.4249,-5.6543,74.2937,169.2329,118.2321
35.4,1.7738,0.2339,-4.8154,77.1344,170.2207,119.5647
35.42,1.559,0.0619,-3.927,80.1425,172.5949,122.2632
35.44,1.3184,-0.0818,-3.0015,83.0999,178.3,127.9879
35.46,0.7895,-0.3,-1.103,86.7774,225.4272,172.5719
35.48,0.5018,-0.3167,-0.1248,86.2568,281.5414,227.7134
35.5,0.2055,-0.2761,0.8447,83.7585,306.2652,251.4271
35.52,-0.0727,-0.1683,1.7925,80.8263,316.3651,260.2459
35.54,-0.3538,-0.0161,2.7172,77.8284,321.6339,264.2227
35.56,-0.8688,0.3831,4.4466,72.1354,326.92,267.585
35.58,-1.1001,0.6511,5.252,69.4237,328.7462,268.6124
35.6,-1.3004,0.9631,5.9992,66.82,330.2935,269.4167
35.62,-1.4713,1.267,6.6814,64.3962,331.5161,270.1808
35.64,-1.7776,1.9038,7.872,59.4526,334.2912,272.1122
35.66,-1.9087,2.2491,8.3941,57.0947,335.4218,272.7908
35.68,-2.0194,2.5487,8.8434,54.8603,336.461,273.5335
35.7,-2.1105,2.8326,9.2273,52.9051,337.2557,273.9547
35.72,-2.2075,3.0996,9.5606,51.3917,337.6952,273.9058
35.74,-2.2777,3.3389,9.8271,50.199,337.9814,273.7869
35.76,-2.383,3.7327,10.1918,48.2958,338.6486,274.299
35.78,-2.4459,3.8499,10.3011,47.7752,338.664,274.4771
35.8,-2.491,3.915,10.3537,47.492,338.661,274.6049
35.82,-2.5148,3.9413,10.3588,47.435,338.6416,274.6633
35.84,-2.5592,3.8462,10.2487,47.918,338.3379,274.48
35.86,-2.5878,3.6893,10.1035,48.6347,337.9381,274.2202
35.88,-2.5869,3.5076,9.9254,49.4757,337.5917,273.9202
35.9,-2.5838,3.297,9.7049,50.5643,337.0338,273.4965
35.92,-2.5531,3.0504,9.4306,51.746,336.5617,273.2594
35.94,-2.5298,2.7729,9.1166,53.1425,335.8914,272.8177
35.96,-2.4329,2.1195,8.3313,56.4974,334.3667,271.8579
35.98,-2.3564,1.7695,7.8662,58.5091,333.3,271.1448
36,-2.263,1.4022,7.349,60.739,332.0016,270.3083
36.02,-2.1428,1.0398,6.7811,63.0707,330.6594,269.3527
36.04,-1.8566,0.3325,5.5052,67.8665,327.6384,267.3042
36.06,-1.6796,-0.0021,4.7994,70.3621,325.6798,265.9137
36.08,-1.4847,-0.3038,4.0589,72.8977,323.2475,264.2385
36.1,-1.2646,-0.5792,3.275,75.4923,319.8232,261.4422
36.12,-1.033,-0.8229,2.46,78.0694,314.8737,256.9657
36.14,-0.7931,-1.0145,1.6234,80.4867,307.3231,249.6183
36.16,-0.2549,-1.2132,-0.1218,84.1888,274.8239,217.2848
36.18,0.0211,-1.2003,-1.0049,84.6373,246.9766,189.3496
36.2,0.3004,-1.1332,-1.8967,83.2551,218.332,159.8223
36.22,0.5674,-1.0062,-2.7692,81.3739,203.1059,144.1176
36.24,0.8282,-0.8357,-3.6243,79.288,194.0375,134.8204
36.26,1.2795,-0.4157,-5.2474,74.7333,184.171,125.203
36.28,1.476,-0.1712,-6.0078,72.4506,181.379,122.4339
36.3,1.649,0.0996,-6.7197,70.2583,179.3568,120.4335
36.32,1.7986,0.3891,-7.3762,68.1686,177.8011,118.9039
36.34,2.0154,0.9598,-8.5106,64.3719,175.8877,117.3749
36.36,2.0805,1.2189,-8.9784,62.7215,175.3306,117.0905
36.38,2.1221,1.4468,-9.3823,61.2574,174.9834,116.9313
36.4,2.1372,1.6383,-9.7158,60.0287,174.8392,116.9915
36.42,2.1287,1.7888,-9.9769,59.0628,174.8794,117.1854
36.44,2.0384,1.9552,-10.2645,58.0092,175.4771,117.8948
36.46,1.9617,1.9639,-10.2909,57.9357,176.0153,118.2886
36.48,1.8702,1.9258,-10.2452,58.136,176.6799,118.6786
36.5,1.7427,1.8325,-10.1082,58.6931,177.6628,119.3139
36.52,1.5956,1.6961,-9.8875,59.5156,178.7615,120.2271
36.54,1.253,1.3276,-9.2231,61.9239,181.6458,122.8053
36.56,1.0553,1.114,-8.7742,63.4813,183.5459,124.4968
36.58,0.8364,0.8919,-8.2419,65.2516,185.8691,127.0055
36.6,0.5996,0.6777,-7.6269,67.2073,188.6534,130.4468
36.62,0.3489,0.4766,-6.9321,69.3228,192.1741,134.7188
36.64,-0.1762,0.1676,-5.3233,73.3147,202.2948,146.1348
36.66,-0.4547,0.0951,-4.3991,75.602,210.2904,155.3385
36.68,-0.7364,0.0814,-3.4111,77.7726,221.7173,168.281
36.7,-1.0886,0.1097,-2.1184,79.5066,240.6251,188.8508
36.72,-1.2927,0.1428,-1.3245,79.9126,254.8256,203.915
36.74,-1.8037,0.2562,0.7934,77.9424,287.5559,237.1552
36.76,-1.9987,0.3594,1.819,75.9733,298.7001,247.8029
36.78,-2.1659,0.512,2.8121,73.6963,306.8186,255.2259
36.8,-2.3027,0.7239,3.7668,71.2773,312.9301,260.7012
36.82,-2.4187,0.981,4.6714,68.8288,317.4897,264.5296
36.84,-2.5416,1.5815,6.2919,64.1747,324.19,270.142
36.86,-2.546,1.8949,6.9942,62.0113,326.953,272.4361
36.88,-2.5441,2.2052,7.6307,59.98,329.1868,274.2018
36.9,-2.5317,2.509,8.2033,57.9682,331.3669,275.9816
36.92,-2.4775,2.8034,8.6945,56.0797,333.3986,277.9844
36.94,-2.4387,3.0669,9.1288,54.3523,335.1864,279.8646
36.96,-2.3206,3.4882,9.7781,51.9667,337.7452,282.5934
36.98,-2.2653,3.6628,10.0089,51.1448,338.6968,283.7563
37,-2.1819,3.7724,10.1597,50.6439,339.4957,284.5384
37.02,-2.1177,3.8459,10.2555,50.3871,340.0588,285.2049
37.04,-1.9768,3.8173,10.2458,50.6928,340.7788,286.1878
37.06,-1.9093,3.7194,10.1523,51.2196,340.9501,286.4366
37.08,-1.832,3.5318,9.9777,52.0879,340.9412,286.3205
37.1,-1.7307,3.3097,9.7351,53.1743,340.8824,286.0689
37.12,-1.6793,3.0276,9.4408,54.5308,340.4521,285.583
37.14,-1.6059,2.7086,9.0702,56.2354,339.8583,284.9839
37.16,-1.4522,1.9733,8.1102,60.2608,338.1803,283.7422
37.18,-1.3647,1.5798,7.5198,62.5759,337.037,282.916
37.2,-1.2697,1.1705,6.8473,65.121,335.4572,281.6402
37.22,-1.1501,0.7773,6.0996,67.8291,333.7068,280.1257
37.24,-0.8909,0.06,4.3819,73.667,328.3566,275.7757
37.26,-0.7173,-0.2107,3.4141,76.7349,324.2372,272.4712
37.28,-0.5348,-0.4144,2.3884,79.8084,317.7984,266.9857
37.3,-0.3326,-0.5331,1.3072,82.7454,306.1368,256.116
37.32,-0.1144,-0.5601,0.187,85.1195,281.006,231.5153
37.34,0.1209,-0.5055,-0.9681,85.6071,236.9184,187.7685
37.36,0.5646,-0.1834,-3.2857,80.6847,189.1425,141.0851
37.38,0.7752,0.0684,-4.4228,77.3315,182.0199,134.7204
37.4,0.9746,0.3571,-5.5319,73.7661,178.3384,131.5783
37.42,1.1481,0.6729,-6.5738,70.2597,176.2296,129.8619
37.44,1.4327,1.3114,-8.4181,63.7507,174.4451,129.0285
37.46,1.5379,1.6068,-9.1851,60.9149,174.0731,129.0434
37.48,1.6286,1.885,-9.8393,58.4753,173.9351,128.6944
37.5,1.6945,2.1387,-10.3692,56.4391,173.8973,128.3356
37.52,1.7323,2.3577,-10.7669,54.8535,173.9148,128.2291
37.54,1.7346,2.6266,-11.1847,53.1102,174.0581,128.6203
37.56,1.6994,2.6491,-11.2119,52.9571,174.1526,129.2048
37.58,1.652,2.5986,-11.1359,53.2316,174.3148,129.7145
37.6,1.5857,2.4809,-10.9434,54.0042,174.5451,130.1477
37.62,1.5007,2.2898,-10.6192,55.3264,174.9778,130.4552
37.64,1.2948,1.7978,-9.6828,58.9889,176.2136,130.9537
37.66,1.1706,1.509,-9.0638,61.3292,177.1648,131.2355
37.68,1.0314,1.2094,-8.3469,63.9828,178.4461,131.7463
37.7,0.8758,0.9168,-7.5338,66.8977,180.1872,132.6235
37.72,0.7128,0.644,-6.644,69.8058,182.4267,133.7887
37.74,0.3293,0.186,-4.6492,75.8592,190.1705,140.4507
37.76,0.1231,0.0311,-3.5726,79.1098,197.6963,147.999
37.78,-0.0805,-0.0756,-2.4736,81.9826,210.3207,160.663
37.8,-0.2853,-0.1339,-1.364,84.0911,233.7634,184.3084
37.82,-0.4933,-0.1224,-0.2416,84.5321,269.4366,220.0346
37.84,-0.8396,0.0755,1.9221,80.6351,314.0787,264.5458
37.86,-1.0375,0.2524,3.1923,77.247,323.8984,274.2499
37.88,-1.1291,0.403,3.9195,75.174,327.6949,278.1502
37.9,-1.2376,0.6345,4.847,72.4152,331.4489,282.2979
37.92,-1.3154,0.8994,5.7084,69.7258,334.2756,285.3097
37.94,-1.382,1.2027,6.5096,66.5499,337.1401,288.7538
37.96,-1.437,1.8251,7.8754,61.0414,340.746,292.7892
37.98,-1.4495,2.1651,8.452,58.4496,342.1098,294.6392
38,-1.4373,2.4813,8.9387,56.4953,343.1036,295.8348
38.02,-1.4444,2.7891,9.3568,54.7201,343.8446,296.7189
38.04,-1.418,3.3089,9.9492,51.9714,344.9983,298.1636
38.06,-1.3807,3.4631,10.1198,51.2473,345.3724,298.3998
38.08,-1.3538,3.5828,10.2233,50.7312,345.5824,298.3685
38.1,-1.3463,3.6135,10.2608,50.6148,345.6014,298.029
38.12,-1.3065,3.6182,10.2257,50.7074,345.6024,297.6483
38.14,-1.2608,3.3959,9.9338,51.8028,345.233,295.941
38.16,-1.2245,3.1658,9.6669,52.8769,344.8249,294.9835
38.18,-1.2032,2.8954,9.3342,54.1753,344.2527,293.5504
38.2,-1.1539,2.5614,8.9064,55.8006,343.528,292.3503
38.22,-1.1501,2.2174,8.4266,57.6663,342.541,290.9954
38.24,-1.085,1.407,7.184,62.4151,339.6596,287.5205
38.26,-1.0536,1.0294,6.4535,64.9424,337.8667,285.8424
38.28,-1.0158,0.6525,5.6366,67.6336,335.617,284.1002
38.3,-0.9905,0.2982,4.7438,70.4709,332.6771,282.2733
38.32,-0.93,0.0059,3.7675,73.4529,329.0034,280.2299
38.34,-0.8719,-0.2121,2.7386,76.4611,323.9582,277.1755
38.36,-0.7334,-0.47,0.5027,82.21,301.2246,258.01
38.38,-0.6399,-0.4676,-0.6673,84.0596,275.1476,233.3024
38.4,-0.5558,-0.3994,-1.8531,83.9722,239.3867,198.7723
38.42,-0.453,-0.246,-3.0433,81.9554,213.8269,174.3927
38.44,-0.3578,-0.0301,-4.2131,78.9914,200.3348,161.9221
38.46,-0.1787,0.5291,-6.4413,72.1415,188.7155,151.4084
38.48,-0.0997,0.8462,-7.4669,68.6758,186.1132,149.0033
38.5,-0.0294,1.1661,-8.4184,65.3415,184.4977,147.3384
38.52,0.0381,1.4996,-9.2763,62.2536,183.4081,145.919
38.54,0.0871,1.8251,-10.031,59.4327,182.7641,145.1667
38.56,0.1701,2.4574,-11.1946,54.8859,182.0853,143.7429
38.58,0.2011,2.7241,-11.601,53.2034,181.9556,143.0964
38.6,0.2228,2.9327,-11.8901,51.9554,181.9022,142.6375
38.62,0.2314,3.0645,-12.0656,51.1577,181.9177,142.5517
38.64,0.2123,3.0815,-12.0721,50.9986,182.021,142.8089
38.66,0.1976,2.9868,-11.9262,51.5815,182.1314,143.047
38.68,0.1729,2.7955,-11.6278,52.7937,182.2656,143.3426
38.7,0.1388,2.5534,-11.2467,54.3056,182.4627,143.8564
38.72,0.099,2.2641,-10.7694,56.1794,182.7381,144.7032
38.74,0.0504,1.9424,-10.1954,58.3787,183.0965,145.7736
38.76,-0.0588,1.2596,-8.784,63.461,184.0935,147.9243
38.78,-0.1273,0.9238,-7.9538,66.3548,184.9238,149.3456
38.8,-0.2038,0.6107,-7.0487,69.423,186.1228,151.1514
38.82,-0.2862,0.3187,-6.088,72.6177,188.1409,153.7516
38.84,-0.4616,-0.1452,-4.0224,78.8985,195.6865,161.4691
38.86,-0.5552,-0.3088,-2.9425,81.8827,204.7273,170.1172
38.88,-0.6493,-0.4212,-1.8487,84.3935,223.2174,188.2462
38.9,-0.7433,-0.478,-0.7538,85.5985,255.2436,220.0277
38.92,-0.8301,-0.4795,0.3309,84.7879,293.9576,258.243
38.94,-0.9002,-0.421,1.394,82.5327,315.2155,278.8527
38.96,-1.0611,-0.2346,3.3934,77.066,330.4792,293.4752
38.98,-1.0812,-0.0309,4.3122,74.3187,334.6436,297.1556
39,-1.0983,0.2137,5.1605,71.5016,337.5435,299.5838
39.02,-1.1295,0.4884,5.9493,68.5034,339.6718,301.6021
39.04,-1.1416,0.782,6.6629,66.1168,341.3536,302.8395
39.06,-1.1527,1.3769,7.877,61.6295,343.8531,304.6801
39.08,-1.1495,1.6938,8.3795,59.683,344.8255,305.3842
39.1,-1.1634,1.9265,8.7894,58.1687,345.4187,305.7676
39.12,-1.1453,2.1732,9.1213,56.8077,345.9752,306.1105
39.14,-1.153,2.5606,9.5658,54.8969,346.4469,306.0757
39.16,-1.1428,2.6793,9.6602,54.4232,346.4647,305.5219
39.18,-1.158,2.7425,9.6841,54.2442,346.196,304.5779
39.2,-1.1702,2.7571,9.6383,54.307,345.8198,303.4004
39.22,-1.1758,2.7039,9.5191,54.742,345.19,301.9245
39.24,-1.2382,2.3969,9.0194,56.301,343.3132,298.2922
39.26,-1.2571,2.165,8.6655,57.6619,341.9614,295.8775
39.28,-1.2988,1.8924,8.2431,59.2286,340.2897,293.3631
39.3,-1.3341,1.5688,7.7371,60.9969,338.4273,290.9339
39.32,-1.369,1.2422,7.1572,62.9506,336.2679,288.5867
39.34,-1.4,0.9049,6.4954,65.1496,333.7297,285.8611
39.36,-1.4389,0.2792,4.9387,69.8618,327.4262,280.172
39.38,-1.4318,0.009,4.0422,72.413,323.1056,276.554
39.4,-1.3966,-0.193,3.0776,75.017,317.6046,271.9181
39.42,-1.3616,-0.3456,2.0554,77.5796,309.5182,264.9595
39.44,-1.2067,-0.4387,-0.1369,81.7145,279.2184,236.7496
39.46,-1.1082,-0.3878,-1.2793,82.2804,254.3086,212.9275
39.48,-0.9925,-0.2688,-2.4352,81.3256,230.1244,189.7281
39.5,-0.8659,-0.0871,-3.5843,79.1732,212.9041,173.2635
39.52,-0.7247,0.1474,-4.7151,76.3224,201.9628,162.773
39.54,-0.5836,0.4182,-5.804,73.0915,195.1233,156.2352
39.56,-0.2974,1.0181,-7.7703,66.6933,188.0087,149.2802
39.58,-0.1606,1.3069,-8.6075,63.7898,186.069,147.2936
39.6,-0.0212,1.577,-9.3298,61.2178,184.626,145.3644
39.62,0.1142,1.823,-9.9254,59.0341,183.5375,143.5969
39.64,0.3499,2.2167,-10.69,56.1225,181.9231,141.1783
39.66,0.4482,2.3292,-10.8686,55.4017,181.2763,140.4397
39.68,0.5352,2.3643,-10.924,55.1529,180.7183,139.8425
39.7,0.6034,2.3272,-10.8638,55.3693,180.2792,139.4611
39.72,0.6589,2.2314,-10.6957,55.9864,179.9176,139.2752
39.74,0.7398,1.8457,-9.973,58.7182,179.4555,139.1101
39.76,0.7559,1.6008,-9.4761,60.5449,179.412,139.1349
39.78,0.7568,1.3293,-8.8931,62.6518,179.4997,139.3052
39.8,0.7392,1.0446,-8.2258,65.0125,179.7936,139.6807
39.82,0.7103,0.7653,-7.483,67.5957,180.3195,140.0516
39.84,0.6663,0.501,-6.6694,70.3765,181.2576,140.681
39.86,0.528,0.0653,-4.8548,76.4222,185.2661,144.2753
39.88,0.4312,-0.0952,-3.8727,79.5388,189.4958,148.542
39.9,0.3229,-0.2109,-2.8577,82.4246,196.8013,155.8041
39.92,0.2041,-0.2821,-1.8223,85.0833,213.0136,171.9434
39.94,-0.0447,-0.2924,0.2538,86.1364,287.8271,246.0821
39.96,-0.1584,-0.2154,1.2721,84.0177,315.2536,273.1133
39.98,-0.2647,-0.0947,2.2657,81.3339,326.8139,284.0316
40,-0.3701,0.0559,3.2236,78.5839,332.4994,289.0374
40.02,-0.4961,0.2498,4.1586,75.7639,335.789,291.9232
40.04,-0.6776,0.7285,5.8566,70.3896,339.5849,294.5086
40.06,-0.7619,1.0246,6.6203,67.818,340.7944,295.0914
40.08,-0.8291,1.3668,7.3177,64.9395,342.1143,296.0457
40.1,-0.8812,1.7126,7.9428,62.2524,343.2023,296.7251
40.12,-0.939,2.088,8.5193,59.8186,344.0593,297.2408
40.14,-1.0017,2.4092,9.0183,57.7521,344.5384,297.4482
40.16,-1.0829,3.0172,9.8224,54.0633,345.4182,298.2376
40.18,-1.1146,3.2774,10.1204,52.6225,345.7084,298.457
40.2,-1.1614,3.4853,10.3474,51.5893,345.7023,298.3278
40.22,-1.2085,3.6576,10.5035,50.7552,345.637,298.1758
40.24,-1.2652,3.835,10.5833,50.1234,345.2039,297.0677
40.26,-1.3005,3.8295,10.5301,50.2435,344.7714,296.2433
40.28,-1.3388,3.772,10.425,50.6427,344.2,295.3996
40.3,-1.3742,3.6189,10.2188,51.3555,343.5703,294.6547
40.32,-1.4107,3.4029,9.9712,52.4299,342.7422,293.6948
40.34,-1.4695,2.8012,9.2658,55.4931,340.6318,291.1955
40.36,-1.4964,2.4506,8.8083,57.3494,339.3733,289.933
40.38,-1.5215,2.073,8.2706,59.4506,337.7964,288.4776
40.4,-1.513,1.6862,7.6515,61.7467,336.2277,287.1512
40.42,-1.513,1.2931,6.9593,64.2088,334.2151,285.6185
40.44,-1.4804,0.92,6.183,66.7931,331.9339,283.8514
40.46,-1.336,0.2362,4.4048,72.3641,325.7524,278.3345
40.48,-1.2302,-0.039,3.4157,75.2816,320.7671,273.8998
40.5,-1.102,-0.2738,2.3664,78.1577,313.338,266.8213
40.52,-0.9422,-0.4467,1.2617,80.8491,301.1898,254.854
40.54,-0.5611,-0.5423,-1.0454,83.512,250.7133,204.6864
40.56,-0.3518,-0.4615,-2.2198,82.3099,222.687,177.0961
40.58,-0.1375,-0.3078,-3.3876,79.8738,205.0313,160.0074
40.6,0.0784,-0.0841,-4.5326,76.8737,194.8619,150.4511
40.62,0.2905,0.1916,-5.6397,73.5718,188.6555,144.6498
40.64,0.7051,0.8279,-7.6503,66.9632,182.0144,138.0085
40.66,0.8938,1.1399,-8.5151,63.9295,180.2106,136.0304
40.68,1.0749,1.4331,-9.275,61.2056,178.8967,134.4418
40.7,1.2401,1.7097,-9.9069,58.8689,177.8923,132.8654
40.72,1.3917,1.9588,-10.416,56.9254,177.1498,131.4237
40.74,1.5219,2.1794,-10.7924,55.4687,176.5672,130.4885
40.76,1.7268,2.4449,-11.1932,53.7439,175.6784,128.7725
40.78,1.7918,2.4733,-11.2228,53.5389,175.325,128.5141
40.8,1.8264,2.4319,-11.1489,53.7486,175.0649,128.6785
40.82,1.8478,2.3396,-10.9789,54.3273,174.8313,128.7244
40.84,1.8365,1.9764,-10.3008,56.8923,174.5851,128.9868
40.86,1.7938,1.7358,-9.8304,58.6497,174.6126,129.3598
40.88,1.7239,1.4678,-9.2656,60.7344,174.7492,130.1096
40.9,1.6265,1.1798,-8.615,63.1532,175.0329,131.2086
40.92,1.5107,0.8921,-7.8839,65.8297,175.6305,132.3439
40.94,1.2258,0.3682,-6.2022,71.0587,177.7375,134.091
40.96,1.0475,0.1433,-5.2613,74.17,180.1163,136.4107
40.98,0.851,-0.0417,-4.2673,77.3836,183.8366,140.3431
41,0.633,-0.1932,-3.2286,80.5016,190.1371,146.7455
41.02,0.4103,-0.2992,-2.1727,83.3866,202.9335,159.4915
41.04,-0.0573,-0.3223,-0.0162,85.6624,268.9875,224.9168
41.06,-0.284,-0.253,1.0469,83.8509,301.0247,256.452
41.08,-0.4854,-0.1372,2.0769,81.2091,315.8578,270.7024
41.1,-0.7076,-0.0058,3.0845,78.296,322.7755,276.7481
41.12,-0.8745,0.1811,4.0375,75.4681,327.2433,280.2346
41.14,-1.1768,0.7005,5.795,69.8905,332.5916,284.6142
41.16,-1.3126,1.0279,6.5833,67.0052,334.6729,286.4565
41.18,-1.418,1.3897,7.3006,64.0958,336.4305,287.9648
41.2,-1.5236,1.7415,7.954,61.3306,337.8577,289.1368
41.22,-1.614,2.0802,8.5304,58.7914,338.8765,290.0687
41.24,-1.7472,2.7656,9.4645,54.6479,340.3231,291.2882
41.26,-1.8081,3.0496,9.8094,52.9958,340.6656,291.3651
41.28,-1.8608,3.3223,10.0808,51.4937,340.9194,291.3576
41.3,-1.9163,3.5298,10.2814,50.5679,340.9138,290.9681
41.32,-1.959,3.7074,10.4076,49.8001,340.8013,290.4538
41.34,-2.0471,3.8449,10.4274,49.3544,340.0992,288.8007
41.36,-2.0804,3.8096,10.333,49.6314,339.5773,287.8294
41.38,-2.1529,3.7309,10.1829,50.038,338.8503,286.8519
41.4,-2.1857,3.5585,9.9302,50.915,338.0755,286.0664
41.42,-2.2154,3.3143,9.6154,52.2178,337.0562,284.929
41.44,-2.2807,2.6568,8.7742,55.5853,334.5482,280.5872
41.46,-2.2837,2.2824,8.23,57.5036,333.1282,279.4211
41.48,-2.2832,1.8935,7.6083,59.7156,331.3648,278.1194
41.5,-2.2616,1.4622,6.8897,62.4071,329.1479,275.5005
41.52,-2.1936,1.0648,6.0845,65.0452,326.946,273.481
41.54,-2.0154,0.3456,4.2287,70.8701,320.2982,268.5922
41.56,-1.8604,0.0649,3.1727,73.9584,315.233,264.1324
41.58,-1.6768,-0.1379,2.0555,76.9892,307.8015,257.3132
41.6,-1.4375,-0.2751,0.8598,79.8496,295.6455,245.5522
41.62,-1.1756,-0.3258,-0.3753,82.0174,275.2321,225.3818
41.64,-0.6076,-0.2045,-2.8936,81.142,218.8837,169.3138
41.66,-0.3082,-0.0491,-4.1449,78.2924,202.4018,152.7615
41.68,-0.0139,0.1682,-5.3389,74.9689,193.1417,143.2679
41.7,0.2815,0.4298,-6.4612,71.5305,187.6189,137.4146
41.72,0.5609,0.715,-7.4794,68.2042,184.1404,133.5386
41.74,1.088,1.3081,-9.1516,62.4344,180.0644,127.3285
41.76,1.3215,1.5927,-9.7799,60.1806,178.7867,125.0659
41.78,1.5295,1.8476,-10.2609,58.3881,177.7339,123.2014
41.8,1.71,2.0542,-10.5894,57.1032,176.7924,121.7388
41.82,1.8672,2.1894,-10.7779,56.3235,175.935,120.7359
41.84,2.1061,2.2082,-10.7646,56.184,174.474,119.0778
41.86,2.1893,2.1175,-10.5785,56.8117,173.8494,118.5577
41.88,2.2564,1.94,-10.2328,58.0552,173.2098,118.0882
41.9,2.2877,1.7288,-9.7962,59.6836,172.6914,117.7929
41.92,2.2897,1.4776,-9.2579,61.8111,172.2094,117.7995
41.94,2.2149,0.9108,-7.9181,66.7739,171.8395,117.7955
41.96,2.1333,0.6216,-7.1289,69.5186,172.1558,117.956
41.98,2.0248,0.3424,-6.2748,72.2855,172.9567,118.4737
42,1.8954,0.087,-5.3626,75.2206,174.3712,119.4729
42.02,1.74,-0.1546,-4.4073,78.2047,176.8921,121.4835
42.04,1.3679,-0.5407,-2.4079,84.0018,191.5192,135.0684
42.06,1.1705,-0.6622,-1.3922,86.4024,217.0927,159.8433
42.08,0.9612,-0.7324,-0.3759,86.8299,272.1929,214.1168
42.1,0.7534,-0.7457,0.6295,84.8406,306.2547,247.3985
42.12,0.5521,-0.7106,1.6076,82.1803,319.1733,259.6509
42.14,0.1777,-0.5183,3.4487,76.7189,329.192,268.4108
42.16,0.0125,-0.3539,4.2973,74.0444,331.9892,270.6807
42.18,-0.1429,-0.1263,5.1012,71.1597,335.0132,273.7042
42.2,-0.2692,0.1245,5.8339,68.4403,337.1792,276.107
42.22,-0.3939,0.4102,6.5129,65.7619,339.071,278.4581
42.24,-0.5816,1.0047,7.6525,61.3078,341.6288,281.9558
42.26,-0.6482,1.2981,8.1086,59.5276,342.468,283.0802
42.28,-0.7124,1.5528,8.4782,58.0952,343.0457,283.9386
42.3,-0.7523,1.7959,8.764,56.8988,343.5422,284.7521
42.32,-0.79,1.9912,8.9671,56.0356,343.8703,285.3874
42.34,-0.8338,2.2374,9.1326,55.208,344.1025,285.9626
42.36,-0.8516,2.2606,9.0984,55.2752,344.0078,285.9173
42.38,-0.8414,2.2339,8.9926,55.5872,343.9019,285.7115
42.4,-0.8557,2.1204,8.7976,56.3144,343.4833,285.2722
42.42,-0.8495,1.9426,8.5212,57.3311,342.9869,284.316
42.44,-0.8059,1.4333,7.7424,60.2946,341.5963,282.1789
42.46,-0.7682,1.119,7.2224,62.2821,340.3821,280.4936
42.48,-0.7123,0.7923,6.6153,64.5745,339.1259,278.4483
42.5,-0.6492,0.455,5.9262,66.8762,337.6125,276.8974
42.52,-0.577,0.116,5.1503,69.4034,335.5768,274.9295
42.54,-0.3609,-0.4579,3.3568,74.9515,329.6614,269.3901
42.56,-0.229,-0.6822,2.3422,77.919,324.4039,264.2101
42.58,-0.0749,-0.8216,1.2702,80.8486,316.0693,255.8284
42.6,0.0947,-0.8952,0.1402,83.5145,299.9568,239.6696
42.62,0.2741,-0.8863,-1.0251,85.1846,267.6157,207.2783
42.64,0.6386,-0.6224,-3.3792,82.1796,203.6593,143.5908
42.66,0.8181,-0.3756,-4.5413,79.0614,192.1142,132.1704
42.68,0.9985,-0.0618,-5.6769,75.6927,185.8704,125.9915
42.7,1.161,0.2987,-6.7572,72.2352,182.3001,122.4785
42.72,1.3135,0.6826,-7.7684,68.7949,180.0314,120.2315
42.74,1.5784,1.4189,-9.5182,62.5389,177.4705,118.0929
42.76,1.6974,1.7551,-10.2316,59.8735,176.6939,117.1305
42.78,1.8018,2.0686,-10.8138,57.6422,176.125,116.295
42.8,1.8955,2.3498,-11.2657,55.8244,175.6629,115.3371
42.82,1.973,2.5727,-11.5856,54.4907,175.3138,114.7238
42.84,2.0869,2.7837,-11.8627,53.2342,174.8611,114.425
42.86,2.1252,2.7704,-11.8292,53.3206,174.679,114.3311
42.88,2.1455,2.6868,-11.694,53.8315,174.5605,114.37
42.9,2.1491,2.5114,-11.4148,54.9073,174.4512,114.6936
42.92,2.1334,2.2883,-11.0453,56.3441,174.4005,115.0642
42.94,2.0387,1.7139,-10.0148,60.258,174.5335,116.4267
42.96,1.9582,1.3917,-9.354,62.7302,174.8094,117.2212
42.98,1.8568,1.0659,-8.5992,65.5407,175.3331,118.1985
43,1.7301,0.7467,-7.7497,68.6193,176.1719,119.3637
43.02,1.5861,0.4417,-6.826,71.9229,177.5236,121.0034
43.04,1.2277,-0.0896,-4.7797,78.6429,183.7059,127.8494
43.06,1.0241,-0.2807,-3.6833,81.9568,191.152,135.4756
43.08,0.8139,-0.4206,-2.5687,84.76,208.1016,152.1787
43.1,0.5954,-0.491,-1.4366,86.3998,250.788,194.6902
43.12,0.3788,-0.5032,-0.3103,85.1273,297.0918,240.8293
43.14,-0.0343,-0.3017,1.8876,79.1798,325.4865,268.9786
43.16,-0.2401,-0.1311,2.9212,76.0575,329.9027,273.3799
43.18,-0.4116,0.1146,3.9038,73.0046,333.0282,276.2797
43.2,-0.5529,0.4012,4.8193,70.1157,335.372,278.222
43.22,-0.6922,0.7271,5.6879,67.2765,337.1171,279.8939
43.24,-0.8874,1.3936,7.1946,62.2264,339.641,281.9667
43.26,-0.9458,1.7427,7.8355,59.9058,340.7209,282.7939
43.28,-1.0239,2.0819,8.4111,57.8403,341.3925,283.0909
43.3,-1.0725,2.4113,8.9049,55.9952,342.0381,283.2389
43.32,-1.0812,2.7383,9.3166,54.3587,342.7413,283.3212
43.34,-1.1234,3.2344,9.9464,51.9145,343.495,283.5195
43.36,-1.1318,3.4053,10.1691,51.0156,343.8326,283.7513
43.38,-1.1147,3.5404,10.3247,50.3694,344.1789,283.8219
43.4,-1.1279,3.611,10.4435,49.9804,344.3085,283.8517
43.42,-1.0671,3.6356,10.4679,49.878,344.6431,284.1313
43.44,-1.0641,3.5177,10.3985,50.3486,344.5825,284.2723
43.46,-1.0087,3.3663,10.2382,51.0961,344.5802,284.2881
43.48,-0.9929,3.1662,10.0416,52.0249,344.3286,284.2237
43.5,-0.9556,2.9154,9.7702,53.2075,344.0597,284.1525
43.52,-0.948,2.658,9.4599,54.581,343.6162,284.1885
43.54,-0.7905,1.9881,8.5488,58.4704,342.5588,283.6463
43.56,-0.7213,1.6363,7.9951,60.6686,341.8987,283.2705
43.58,-0.6297,1.2587,7.3595,63.0596,341.1056,282.8057
43.6,-0.525,0.8826,6.6479,65.6634,340.1813,282.2068
43.62,-0.4062,0.547,5.8718,68.3575,339.1576,281.6455
43.64,-0.1235,-0.1158,4.0696,74.4646,335.2794,278.0824
43.66,0.0524,-0.382,3.0568,77.6335,332.1342,274.8865
43.68,0.2197,-0.5748,1.9974,80.8061,326.5573,269.4615
43.7,0.4171,-0.6795,0.8808,83.8957,315.6514,258.7319
43.72,0.6593,-0.6975,-0.5675,86.7502,271.8896,215.4602
43.74,0.8044,-0.6411,-1.4482,86.4044,226.3605,170.3204
43.76,1.1641,-0.2945,-3.7934,80.4613,185.3548,130.5953
43.78,1.32,-0.0218,-4.9312,76.9099,180.2737,126.2975
43.8,1.4571,0.297,-6.0127,73.3789,177.6158,124.4421
43.82,1.5756,0.6253,-7.023,69.9126,176.2048,123.4263
43.84,1.7479,1.2179,-8.7134,63.9232,175.1129,123.2994
43.86,1.8133,1.4683,-9.3603,61.6215,174.8886,123.109
43.88,1.8629,1.6807,-9.8699,59.7903,174.8628,122.5249
43.9,1.8908,1.8574,-10.2349,58.452,174.9637,122.0913
43.92,1.8987,1.9866,-10.4565,57.6391,175.1173,121.9855
43.94,1.8864,2.0453,-10.5477,57.3048,175.3547,122.0821
43.96,1.8233,1.9673,-10.3974,57.9168,175.9686,122.3992
43.98,1.7626,1.8232,-10.1464,58.8855,176.4754,122.7388
44,1.6863,1.6463,-9.8071,60.1321,177.004,123.3785
44.02,1.5897,1.4413,-9.376,61.6726,177.5941,124.4659
44.04,1.331,0.9731,-8.2538,65.5622,179.2204,127.8616
44.06,1.1843,0.744,-7.5667,67.9291,180.3381,129.5802
44.08,1.0245,0.526,-6.7958,70.5669,182.0278,131.5806
44.1,0.8455,0.3162,-5.9496,73.3753,184.5599,134.2926
44.12,0.6467,0.1283,-5.0322,76.2821,188.4164,138.4371
44.14,0.2391,-0.1334,-3.0664,81.9254,205.7181,155.5201
44.16,0.0226,-0.2021,-2.0371,84.0503,226.9083,176.2771
44.18,-0.1937,-0.2246,-0.9975,84.6703,260.4062,209.3902
44.2,-0.4051,-0.2068,0.0377,83.4474,288.5929,236.9787
44.22,-0.6078,-0.1633,1.0562,81.2123,305.3227,252.4815
44.24,-0.9397,0.0667,3.0041,75.9454,320.6022,265.6419
44.26,-1.0775,0.2639,3.9272,73.2244,324.808,268.9839
44.28,-1.1924,0.5021,4.794,70.6376,327.8441,271.1258
44.3,-1.2822,0.7742,5.6072,68.1315,330.3304,273.044
44.32,-1.3684,1.0672,6.3729,65.7233,332.4666,275.0006
44.34,-1.4015,1.366,7.0659,63.4781,334.4246,276.6221
44.36,-1.4442,1.9553,8.2892,59.4145,337.6641,279.3333
44.38,-1.4379,2.2103,8.7958,57.696,338.9523,280.1046
44.4,-1.4223,2.4584,9.2388,55.9546,340.3266,281.2334
44.42,-1.3975,2.6957,9.6215,54.2733,341.5268,282.7774
44.44,-1.3071,3.1139,10.1902,52.0722,343.1945,284.7765
44.46,-1.2371,3.2813,10.3778,51.3021,343.906,285.7233
44.48,-1.1959,3.3841,10.5117,50.7595,344.3803,286.5493
44.5,-1.136,3.431,10.5691,50.4868,344.8293,287.0431
44.52,-1.0794,3.4165,10.5644,50.5784,345.0246,286.9982
44.54,-0.9387,3.2756,10.347,51.5593,345.3431,287.3521
44.56,-0.8708,3.0899,10.1189,52.5536,345.2815,287.3794
44.58,-0.788,2.8663,9.831,53.7832,345.2726,287.315
44.6,-0.7105,2.5715,9.4662,55.3964,345.0168,286.8709
44.62,-0.5991,2.2618,9.0213,57.2597,344.809,286.2868
44.64,-0.42,1.4865,7.908,61.7147,343.955,285.2516
44.66,-0.31,1.0658,7.2235,64.2982,343.3238,284.85
44.68,-0.1749,0.6575,6.4564,67.1307,342.5243,284.1354
44.7,-0.0271,0.2396,5.5991,70.2155,341.4207,282.7759
44.72,0.1312,-0.1202,4.6868,73.2822,340.071,281.2115
44.74,0.5097,-0.749,2.6417,79.9364,334.6144,275.4241
44.76,0.7056,-0.9835,1.5409,83.3225,327.2789,268.1913
44.78,0.9152,-1.124,0.4022,86.4163,306.5237,247.2516
44.8,1.1922,-1.1357,-1.0613,87.1108,220.7196,160.8588
44.82,1.3568,-1.045,-1.936,85.1437,194.504,134.2824
44.84,1.767,-0.5844,-4.241,78.5635,176.8725,115.9196
44.86,1.9467,-0.2592,-5.3407,75.1519,173.9441,112.9351
44.88,2.1105,0.1012,-6.3946,71.7309,172.2849,111.4417
44.9,2.2539,0.478,-7.3905,68.3918,171.3747,110.9585
44.92,2.38,0.8694,-8.3032,65.189,170.7978,110.8618
44.94,2.4872,1.2519,-9.1245,62.2422,170.5025,111.172
44.96,2.643,1.9369,-10.4198,57.3697,170.2431,112.1049
44.98,2.6958,2.212,-10.8814,55.5657,170.2209,112.5699
45,2.7293,2.4247,-11.2074,54.2565,170.2361,112.9538
45.02,2.7478,2.5659,-11.4005,53.4943,170.3091,113.2781
45.04,2.7405,2.593,-11.3952,53.5368,170.5413,113.0379
45.06,2.7098,2.4789,-11.2202,54.2808,170.7345,112.9694
45.08,2.6232,2.1911,-10.7701,56.1364,171.1138,113.3545
45.1,2.555,1.9891,-10.4265,57.5381,171.3705,113.6276
45.12,2.4355,1.6832,-9.8667,59.8172,171.8751,114.1561
45.14,2.1155,1.0147,-8.4272,65.3471,173.5952,115.6484
45.16,1.9051,0.6721,-7.5583,68.5269,175.1296,117.5687
45.18,1.6657,0.3493,-6.6027,71.7395,177.3068,120.2118
45.2,1.4011,0.0578,-5.5785,74.622,180.8219,123.812
45.22,1.1139,-0.1802,-4.489,77.8979,185.9561,129.0517
45.24,0.4888,-0.4672,-2.1774,84.038,215.2851,159.1449
45.26,0.1692,-0.5027,-0.9898,85.2846,254.4771,198.7543
45.28,-0.1549,-0.4761,0.1979,83.9065,292.0583,236.6138
45.3,-0.4524,-0.375,1.3616,81.1575,310.8727,255.4042
45.32,-0.7329,-0.2166,2.4932,78.0219,320.0651,264.4287
45.34,-1.2097,0.2618,4.6136,71.6374,328.7927,272.6841
45.36,-1.4102,0.5734,5.5884,68.5397,331.2442,274.9205
45.38,-1.5572,0.9309,6.4866,65.5427,333.3412,276.5846
45.4,-1.6897,1.3095,7.3217,62.4388,335.2353,278.4099
45.42,-1.7954,1.6865,8.0778,59.5407,336.6765,279.7621
45.44,-1.8976,2.4797,9.3302,54.6975,338.9503,281.3784
45.46,-1.9173,2.8743,9.833,52.5483,339.9817,282.3345
45.48,-1.9247,3.2434,10.2489,50.7339,340.7661,282.9259
45.5,-1.9212,3.5653,10.58,49.3012,341.3316,283.3433
45.52,-1.8795,3.8172,10.8292,48.2138,341.9178,283.7452
45.54,-1.8182,4.1369,11.1091,46.9601,342.5912,284.4018
45.56,-1.7702,4.1628,11.135,46.8943,342.7782,284.5272
45.58,-1.7222,4.1591,11.1011,47.0522,342.9219,284.5436
45.6,-1.6809,4.0431,11.0017,47.6209,342.9006,284.3676
45.62,-1.6121,3.8306,10.8003,48.58,342.7884,284.117
45.64,-1.4883,3.239,10.22,51.2772,342.3399,283.7297
45.66,-1.3944,2.8279,9.8011,53.3045,341.8246,283.0514
45.68,-1.3188,2.4004,9.3212,55.5632,341.0672,282.2292
45.7,-1.2043,1.94,8.7438,58.066,340.4076,281.6597
45.72,-1.108,1.465,8.0941,60.6985,339.5107,281.0455
45.74,-0.8094,0.5626,6.5186,66.6267,337.4185,279.3608
45.76,-0.6313,0.1599,5.6067,69.7947,336.065,278.0643
45.78,-0.4254,-0.2081,4.608,73.1192,334.0986,275.7959
45.8,-0.1947,-0.532,3.5292,76.5381,331.0238,271.8646
45.82,0.0746,-0.7734,2.3859,79.9997,326.1262,266.0569
45.84,0.6366,-0.9816,-0.0163,86.1569,288.4638,227.6872
45.86,0.9163,-0.9373,-1.251,86.4475,227.9174,166.843
45.88,1.2012,-0.7927,-2.4945,83.8019,194.8612,133.462
45.9,1.4625,-0.552,-3.7101,80.4067,183.2915,121.7252
45.92,1.7134,-0.2391,-4.8952,76.8233,177.8705,116.4808
45.94,2.1368,0.5231,-7.0904,69.6012,173.4165,112.5302
45.96,2.3089,0.9093,-8.0623,66.213,172.484,111.79
45.98,2.4582,1.2715,-8.9307,63.0871,171.9256,111.5299
46,2.5817,1.5998,-9.6818,60.3651,171.732,111.5074
46.02,2.6837,1.9074,-10.2907,58.1632,171.6757,111.0968
46.04,2.7623,2.179,-10.7555,56.471,171.7251,110.4947
46.06,2.8367,2.5151,-11.2687,54.5399,171.9509,109.5593
46.08,2.831,2.5525,-11.329,54.2824,172.1028,109.7546
46.1,2.7968,2.5046,-11.2699,54.4887,172.3199,110.1944
46.12,2.7438,2.398,-11.1067,55.1408,172.577,110.5976
46.14,2.5233,1.9593,-10.3582,58.1433,173.3829,112.3219
46.16,2.3686,1.6712,-9.836,60.1863,173.9988,113.8503
46.18,2.1872,1.3516,-9.2191,62.4037,174.9332,115.5138
46.2,1.9816,1.0206,-8.5085,64.9154,176.2127,117.2527
46.22,1.7509,0.7002,-7.704,67.6395,178.0208,119.1808
46.24,1.2194,0.1003,-5.8713,72.8657,184.546,125.0728
46.26,0.92,-0.1636,-4.8584,75.9087,190.203,130.7503
46.28,0.6084,-0.3865,-3.8014,78.7911,199.0959,139.7317
46.3,0.291,-0.5469,-2.7116,81.2707,213.8252,154.6038
46.32,-0.0239,-0.6353,-1.606,82.7844,237.1148,177.7875
46.34,-0.6035,-0.5756,0.5927,81.2746,288.404,228.9069
46.36,-0.8863,-0.4857,1.6553,78.9254,302.2584,242.6963
46.38,-1.1275,-0.3542,2.6669,76.3438,310.856,251.0783
46.4,-1.3461,-0.1581,3.6443,73.4105,317.7982,258.0347
46.42,-1.5187,0.0672,4.5496,70.6308,322.3887,262.5107
46.44,-1.7834,0.6312,6.1606,64.9475,329.4063,270.117
46.46,-1.8738,0.9636,6.8681,62.3452,331.9232,272.8663
46.48,-1.9353,1.2503,7.4819,60.0666,333.9294,275.0947
46.5,-1.9803,1.5847,8.0524,57.7881,335.8652,277.4015
46.52,-2.0168,1.8552,8.5332,55.8124,337.2806,279.2081
46.54,-2.0514,2.3373,9.2866,53.1269,338.9,280.2486
46.56,-2.0501,2.4926,9.5474,52.0675,339.6378,281.0139
46.58,-2.0536,2.6024,9.7365,51.4161,339.943,281.2928
46.6,-2.0343,2.7272,9.8709,50.8873,340.3358,281.6664
46.62,-2.0256,2.8012,9.9366,50.6204,340.5224,281.8156
46.64,-2.0241,2.8172,9.9387,50.6489,340.5841,281.8231
46.66,-1.9988,2.6996,9.7604,51.4202,340.4278,281.5256
46.68,-1.9886,2.5239,9.5553,52.2866,340.1006,281.0616
46.7,-1.957,2.3641,9.3108,53.2505,339.7379,280.551
46.72,-1.9291,2.1387,8.9957,54.6145,339.1067,279.832
46.74,-1.8625,1.6124,8.1714,57.7639,337.567,278.7098
46.76,-1.8079,1.3473,7.6614,59.5719,336.6035,278.1171
46.78,-1.7374,1.0702,7.0795,61.5782,335.5445,277.5155
46.8,-1.6782,0.7671,6.4304,63.8004,334.1229,276.6363
46.82,-1.5586,0.4752,5.6915,66.204,332.8969,275.317
46.84,-1.4401,0.2072,4.899,68.7122,331.2802,274.0038
46.86,-1.136,-0.2526,3.1408,74.133,326.3878,269.2665
46.88,-0.946,-0.428,2.1813,76.9704,322.3424,265.0113
46.9,-0.7624,-0.5857,1.175,79.8171,315.2966,258.0082
46.92,-0.5479,-0.6568,0.1424,82.433,303.5812,246.4586
46.94,-0.1085,-0.6047,-1.9732,84.9596,245.2142,188.6212
46.96,0.1135,-0.4846,-3.0322,83.4162,214.5922,158.1974
46.98,0.3211,-0.3188,-4.071,80.6667,198.5724,142.4974
47,0.5316,-0.079,-5.063,77.9053,190.2214,134.7664
47.02,0.7202,0.1656,-6.0152,74.9074,185.317,130.4271
47.04,1.0719,0.6964,-7.7182,69.2397,179.9691,125.4913
47.06,1.2262,0.9503,-8.446,66.7152,178.4903,124.0865
47.08,1.3656,1.192,-9.0759,64.4678,177.3696,122.9396
47.1,1.4828,1.4093,-9.5983,62.5549,176.5586,122.1205
47.12,1.5849,1.6076,-10.0052,61.0587,175.9314,121.4491
47.14,1.7385,1.886,-10.4996,59.111,174.9971,119.9953
47.16,1.7818,1.9444,-10.5833,58.7399,174.7226,119.7622
47.18,1.8088,1.947,-10.5696,58.7502,174.5217,119.6391
47.2,1.8173,1.8978,-10.4691,59.0968,174.4185,119.6605
47.22,1.8075,1.7829,-10.2568,59.8485,174.3963,119.8484
47.24,1.732,1.4381,-9.5776,62.3187,174.5881,120.3182
47.26,1.6654,1.2164,-9.1244,63.9339,174.9042,120.9298
47.28,1.5764,0.9793,-8.5919,65.8198,175.3557,121.7775
47.3,1.4724,0.7356,-7.9928,67.8857,175.9878,122.7597
47.32,1.3504,0.4949,-7.3289,70.1832,176.8824,123.8763
47.34,1.0564,0.0509,-5.8348,75.0652,180.2369,127.3816
47.36,0.8872,-0.1389,-5.0154,77.6468,183.3752,130.5417
47.38,0.7083,-0.2941,-4.1572,80.2992,188.4863,135.5577
47.4,0.5191,-0.4219,-3.2718,82.821,197.8092,144.6137
47.42,0.3193,-0.5224,-2.3645,84.8027,215.557,161.9258
47.44,-0.091,-0.6154,-0.5223,85.0889,280.5518,225.9107
47.46,-0.2902,-0.5953,0.3929,83.268,301.335,246.2604
47.48,-0.4816,-0.5263,1.2939,80.9256,312.8464,257.071
47.5,-0.6585,-0.4246,2.1694,78.4578,319.4281,262.6793
47.52,-0.8284,-0.2913,3.0218,75.9743,323.6286,265.9945
47.54,-1.1259,0.0396,4.6159,71.1784,328.8613,269.6318
47.56,-1.242,0.245,5.3436,68.9157,330.7581,270.7982
47.58,-1.3394,0.4658,6.0174,66.8112,332.3839,271.6317
47.6,-1.4238,0.7109,6.6477,64.7287,333.8779,272.5623
47.62,-1.501,0.9577,7.2179,62.7557,335.2033,273.4959
47.64,-1.6041,1.4493,8.1797,59.3403,337.4196,275.0233
47.66,-1.6256,1.6939,8.5742,57.5196,338.7624,276.5148
47.68,-1.649,1.9127,8.9123,56.2405,339.4366,277.099
47.7,-1.6637,2.1174,9.1907,55.1323,340.035,277.8195
47.72,-1.6809,2.2902,9.4034,54.1892,340.4662,278.4692
47.74,-1.676,2.5224,9.6326,53.267,340.9012,278.9251
47.76,-1.6765,2.5596,9.654,53.1743,340.9203,278.9888
47.78,-1.6655,2.557,9.6143,53.2831,340.8921,278.9802
47.8,-1.6573,2.5088,9.5203,53.656,340.7206,278.851
47.82,-1.6501,2.3806,9.3278,54.3939,340.3657,278.6416
47.84,-1.6067,2.0419,8.7728,56.4472,339.5084,278.2742
47.86,-1.5805,1.7945,8.3824,57.963,338.6246,277.5429
47.88,-1.5509,1.5316,7.9279,59.6453,337.6372,276.714
47.9,-1.5001,1.2308,7.387,61.575,336.5121,275.6752
47.92,-1.4408,0.92,6.7731,63.6209,335.1651,274.2984
47.94,-1.2888,0.3019,5.3199,68.3201,331.7562,271.0096
47.96,-1.1887,0.0088,4.4776,70.9217,329.1819,268.579
47.98,-1.0675,-0.2464,3.564,73.6264,325.7972,265.3195
48,-0.9266,-0.4479,2.5863,76.4131,321.0586,260.7969
48.02,-0.7748,-0.59,1.5527,79.1908,313.8085,253.8497
48.04,-0.4163,-0.6714,-0.6513,83.8229,279.4258,220.1309
48.06,-0.2275,-0.6141,-1.7915,84.2707,245.6,186.6905
48.08,-0.0332,-0.4883,-2.936,82.7481,216.7965,158.417
48.1,0.1452,-0.3048,-4.0639,80.034,200.7482,143.0405
48.12,0.3195,-0.0664,-5.1629,76.9433,192.3129,135.4461
48.14,0.6338,0.5138,-7.2,70.5205,184.3552,128.6647
48.16,0.7715,0.8221,-8.1027,67.4761,182.3851,127.0219
48.18,0.8919,1.1265,-8.9018,64.6987,181.1045,126.0207
48.2,0.9927,1.4151,-9.5762,62.2972,180.2431,125.3829
48.22,1.0751,1.6713,-10.1134,60.3478,179.6619,124.92
48.24,1.168,2.0111,-10.7107,58.1165,179.0825,124.7876
48.26,1.1755,2.0536,-10.757,57.9301,179.0103,125.0805
48.28,1.1619,2.0038,-10.6494,58.3396,179.0985,125.5041
48.3,1.1242,1.8665,-10.3857,59.3856,179.3665,126.1622
48.32,1.0566,1.6319,-9.9259,61.0719,179.8727,126.9203
48.34,0.8609,1.0643,-8.6436,65.6375,181.7358,129.2212
48.36,0.7271,0.7592,-7.8196,68.432,183.3469,131.1604
48.38,0.5726,0.4668,-6.8929,71.445,185.6647,133.8198
48.4,0.4051,0.1995,-5.888,74.3997,188.9931,137.2444
48.42,0.2232,-0.0323,-4.8157,77.4267,193.997,142.2451
48.44,-0.1689,-0.3599,-2.5486,82.852,218.0755,166.0923
48.46,-0.3604,-0.4351,-1.386,84.4947,247.4174,195.3778
48.48,-0.566,-0.4635,-0.2186,84.008,282.3705,230.1796
48.5,-0.7414,-0.4211,0.9237,81.9195,305.2957,252.5792
48.52,-0.9048,-0.3357,2.0303,79.1945,317.1152,263.6308
48.54,-1.1804,0.012,4.1169,73.3609,328.2788,273.6151
48.56,-1.2799,0.266,5.071,70.5149,331.483,276.3029
48.58,-1.3541,0.5559,5.9558,67.7245,334.0431,278.2395
48.6,-1.421,0.9047,6.7796,64.3748,336.8747,281.4845
48.62,-1.4638,1.2531,7.5208,61.3351,338.8743,283.8543
48.64,-1.5239,1.9707,8.751,56.2741,341.7557,287.4871
48.66,-1.5304,2.3457,9.2241,54.2608,342.681,288.6417
48.68,-1.5587,2.6737,9.5955,52.7735,343.2042,289.1614
48.7,-1.5407,2.9819,9.8452,51.5988,343.6777,289.606
48.72,-1.5515,3.2234,9.9961,50.8433,343.8503,289.8364
48.74,-1.585,3.4707,10.0079,50.3847,343.5897,289.3804
48.76,-1.6085,3.4574,9.891,50.6698,343.1487,288.7399
48.78,-1.6246,3.3547,9.6626,51.3866,342.4868,287.7814
48.8,-1.6926,3.1525,9.3511,52.3772,341.4143,286.4179
48.82,-1.7488,2.8469,8.9463,53.8272,340.052,284.7675
48.84,-1.8758,2.1021,7.8583,57.5691,336.226,280.4208
48.86,-1.9373,1.6742,7.1655,59.9137,333.6535,277.7299
48.88,-1.9876,1.2269,6.37,62.4468,330.6568,274.6713
48.9,-1.9984,0.8044,5.4645,65.1699,327.2545,271.3108
48.92,-1.9965,0.3888,4.4655,68.0632,322.9723,267.2975
48.94,-1.8852,-0.2491,2.2148,74.1201,310.1733,255.4706
48.96,-1.7705,-0.4533,0.9805,76.9922,299.3925,245.2312
48.98,-1.6302,-0.5678,-0.2979,79.2783,283.141,229.4977
49,-1.4258,-0.5633,-1.6104,80.4841,260.7665,207.4844
49.02,-1.2064,-0.4654,-2.9245,79.9385,236.0696,183.0371
49.04,-0.9675,-0.2854,-4.2209,77.8308,216.8535,164.038
49.06,-0.3708,0.3602,-6.9398,70.7869,195.0565,142.1973
49.08,-0.1669,0.6131,-7.7415,68.3171,191.3078,138.3224
49.1,0.1066,0.9495,-8.7078,65.1718,187.7652,134.5039
49.12,0.3834,1.2823,-9.5343,62.3235,184.9745,130.8472
49.14,0.8963,1.8699,-10.6856,58.2072,181.3206,126.4779
49.16,1.1344,2.0768,-11.014,56.9661,179.8926,124.5975
49.18,1.3539,2.1951,-11.1831,56.3308,178.7128,123.1899
49.2,1.5647,2.225,-11.2083,56.1774,177.496,121.2762
49.22,1.7439,2.1676,-11.1069,56.534,176.4474,119.646
49.24,2.0639,1.8259,-10.4956,58.6926,174.5166,117.0391
49.26,2.1813,1.5826,-10.032,60.3743,173.617,116.1031
49.28,2.2687,1.3022,-9.4735,62.5231,172.6769,115.6083
49.3,2.3363,1.0074,-8.84,64.7733,171.7811,114.7648
49.32,2.3751,0.7009,-8.1336,67.1219,170.9877,114.0872
49.34,2.3672,0.1056,-6.5369,72.2194,169.7732,112.8423
49.36,2.3266,-0.167,-5.6634,74.9925,169.3268,112.0949
49.38,2.2516,-0.4197,-4.7424,77.9029,169.1495,111.7869
49.4,2.1571,-0.6517,-3.8031,80.8024,169.5084,111.8368
49.42,2.0347,-0.8368,-2.8317,83.8039,170.7218,112.5536
49.44,1.7442,-1.0787,-0.8736,89.3245,233.5459,173.9038
49.46,1.5738,-1.149,0.0905,87.3033,328.6736,268.131
49.48,1.4095,-1.1315,1.0586,84.3854,336.8583,275.436
49.5,1.2202,-1.1264,1.9783,81.651,338.3075,275.899
49.52,1.0534,-1.0365,2.8737,78.8626,339.9489,276.338
49.54,0.6985,-0.7635,4.5648,72.4725,344.1592,279.7578
49.56,0.5215,-0.5914,5.3344,69.4859,345.5599,280.8965
49.58,0.3821,-0.3257,6.0646,66.3693,347.1772,282.2223
49.6,0.2376,-0.101,6.7159,64.2501,347.3063,281.3617
49.62,0.1081,0.1802,7.3199,62.054,347.6559,281.219
49.64,0.0076,0.4861,7.8558,59.8832,348.2422,281.664
49.66,-0.2252,1.1082,8.7867,56.2893,348.6667,281.4996
49.68,-0.2933,1.3523,9.1297,54.9129,348.8053,281.3116
49.7,-0.4105,1.5411,9.4397,53.6961,348.7044,281.3599
49.72,-0.5059,1.7249,9.6865,52.6396,348.6333,281.683
49.74,-0.5808,1.8565,9.8659,51.8862,348.5652,282.1621
49.76,-0.6942,2.1138,10.051,50.8662,348.4177,283.0557
49.78,-0.7532,2.1673,10.0474,50.8238,348.2927,283.2629
49.8,-0.7892,2.1475,9.9742,51.0735,348.1109,283.3755
49.82,-0.8427,2.0584,9.8345,51.6685,347.7904,283.4809
49.84,-0.8937,1.754,9.3398,53.5324,347.2421,283.4257
49.86,-0.8926,1.545,8.9967,54.8598,346.9813,283.23
49.88,-0.909,1.2491,8.587,56.5956,346.3941,282.7105
49.9,-0.8878,0.9402,8.0993,58.5333,345.9897,282.3505
49.92,-0.8651,0.5978,7.5353,60.6526,345.4838,281.9346
49.94,-0.746,-0.0644,6.2079,65.4192,344.1592,280.0378
49.96,-0.6695,-0.4014,5.4386,68.08,343.2031,278.6649
49.98,-0.5736,-0.7255,4.5972,70.8821,342.0233,277.2784
50,-0.4364,-0.9916,3.692,73.7345,340.678,275.7122
50.02,-0.2939,-1.2221,2.731,76.7304,338.578,273.3682
50.04,0.0506,-1.5009,0.6734,82.8239,329.5273,263.8408
50.06,0.2413,-1.5368,-0.4016,85.752,315.5645,249.7341
50.08,0.4446,-1.493,-1.4958,87.7172,266.2848,200.2918
50.1,0.6553,-1.371,-2.6043,86.2946,204.4433,138.1626
50.12,0.8574,-1.1738,-3.7012,83.3421,186.8346,120.2337
50.14,1.2553,-0.5727,-5.8086,77.0966,176.7376,109.5963
50.16,1.431,-0.2085,-6.7994,74.0084,174.8688,107.6792
50.18,1.586,0.1798,-7.7391,70.9752,173.8442,106.7532
50.2,1.7215,0.5921,-8.6161,68.0391,173.2738,106.2833
50.22,1.865,1.1312,-9.6093,64.5438,172.8791,105.8448
50.24,2.0141,1.86,-10.7825,60.171,172.7493,105.8269
50.26,2.0814,2.3015,-11.4517,57.5414,172.8589,106.4415
50.28,2.1082,2.5237,-11.7798,56.2131,172.9537,106.9661
50.3,2.1306,2.7604,-12.1284,54.7898,173.1215,107.7778
50.32,2.1375,2.9306,-12.3658,53.7993,173.2482,108.4516
50.34,2.1024,3.0394,-12.4914,53.2774,173.5477,109.8329
50.36,2.0665,2.978,-12.3922,53.6934,173.6758,110.4546
50.38,2.0095,2.8222,-12.1688,54.651,173.8727,111.4782
50.4,1.9355,2.5843,-11.8352,55.9792,174.1357,112.625
50.42,1.8527,2.3018,-11.4086,57.6977,174.4237,113.6212
50.44,1.6387,1.6181,-10.2676,62.0909,175.4268,115.4446
50.46,1.5099,1.2455,-9.5645,64.6819,176.2316,116.4679
50.48,1.3642,0.8696,-8.778,67.5084,177.3621,117.869
50.5,1.2045,0.4938,-7.9227,70.4494,179.0271,119.8125
50.52,1.0296,0.1319,-7.0032,73.5074,181.5156,122.4545
50.54,0.6523,-0.5018,-5.0193,79.6531,191.8614,132.3124
50.56,0.4576,-0.7399,-3.973,82.4983,203.7236,143.4471
50.58,0.2549,-0.9295,-2.9131,84.619,227.1231,165.8924
50.6,0.0509,-1.0456,-1.8351,85.1092,264.8701,202.8955
50.62,-0.1441,-1.1024,-0.7712,83.5886,295.1531,232.3791
50.64,-0.326,-1.0825,0.2742,81.1484,311.2416,247.6772
50.66,-0.6584,-0.8809,2.2598,75.7226,325.2101,260.7585
50.68,-0.8086,-0.7154,3.1771,73.1255,328.8599,264.1957
50.7,-0.9204,-0.4879,4.0361,70.6406,331.8355,267.025
50.72,-1.0185,-0.2596,4.8256,68.3277,334.1695,269.2068
50.74,-1.1492,0.2362,6.2124,64.1071,337.9709,272.7731
50.76,-1.2014,0.4567,6.7944,62.2783,339.3552,273.8947
50.78,-1.2179,0.6872,7.3022,60.6003,340.6981,275.1372
50.8,-1.2421,0.9018,7.7377,59.1193,341.6695,276.1061
50.82,-1.2498,1.1047,8.0985,57.8155,342.5681,276.9419
50.84,-1.2571,1.3963,8.591,56.0621,343.4984,277.6098
50.86,-1.2587,1.4931,8.7299,55.516,343.7531,277.8051
50.88,-1.2459,1.5549,8.7893,55.2431,343.8954,277.9009
50.9,-1.2557,1.5675,8.7752,55.289,343.7843,277.7603
50.92,-1.2469,1.5387,8.6886,55.5619,343.6221,277.4494
50.94,-1.2493,1.295,8.2317,57.1665,342.7503,276.2989
50.96,-1.2579,1.111,7.8994,58.3953,342.0157,275.6725
50.98,-1.2556,0.8747,7.4774,59.9833,341.0698,274.8567
51,-1.259,0.6173,6.9832,61.7776,339.8683,273.8354
51.02,-1.2524,0.3322,6.4044,63.7546,338.5858,272.8124
51.04,-1.1759,-0.2511,4.9906,68.3781,335.3032,270.0851
51.06,-1.1228,-0.5295,4.1648,70.9348,333.0457,268.1061
51.08,-1.0389,-0.7586,3.2655,73.6215,330.2116,265.6386
51.1,-0.9365,-0.9438,2.2946,76.4606,326.0207,261.9685
51.12,-0.8111,-1.0577,1.2681,79.3205,319.5713,256.1708
51.14,-0.494,-1.0817,-0.9186,84.3672,286.6902,224.6402
51.16,-0.3125,-0.9874,-2.0509,85.0934,248.5443,187.1068
51.18,-0.1186,-0.827,-3.19,83.5576,215.143,154.2601
51.2,0.0763,-0.6093,-4.3129,80.7832,197.9517,137.6215
51.22,0.2727,-0.3388,-5.4094,77.5902,189.2298,129.4206
51.24,0.6532,0.3254,-7.4426,71.0601,181.0968,122.4369
51.26,0.831,0.6841,-8.3457,68.0036,179.007,121.1669
51.28,0.9901,1.0313,-9.1471,65.1719,177.5527,120.5308
51.3,1.142,1.3594,-9.8449,62.6278,176.4242,119.8808
51.32,1.2785,1.6521,-10.4244,60.4381,175.5741,119.3078
51.34,1.4892,2.1031,-11.17,57.5087,174.4785,118.9121
51.36,1.5649,2.2281,-11.3328,56.8333,174.0724,118.6623
51.38,1.6213,2.2628,-11.3623,56.7059,173.7641,118.2743
51.4,1.6537,2.2069,-11.2723,57.0543,173.5751,117.8189
51.42,1.6649,2.0684,-11.0631,57.9166,173.4946,117.3384
51.44,1.648,1.8424,-10.6939,59.3575,173.5454,116.9922
51.46,1.5337,1.2961,-9.6644,63.2488,174.1911,116.8639
51.48,1.4387,0.9906,-9.0052,65.6338,174.8546,117.1381
51.5,1.3201,0.6811,-8.2642,68.2388,175.8344,117.6543
51.52,1.1817,0.3828,-7.4524,71.0471,177.266,118.5198
51.54,0.8401,-0.1464,-5.6351,77.1305,182.8726,123.4861
51.56,0.648,-0.3543,-4.6548,80.1659,188.6587,129.1218
51.58,0.4344,-0.5162,-3.6292,83.0513,199.5565,140.0765
51.6,0.2188,-0.6191,-2.5782,85.4457,223.5818,164.5344
51.62,0.0003,-0.6687,-1.5147,85.9993,266.7024,207.9698
51.64,-0.4204,-0.6048,0.5891,81.9429,315.4048,256.6618
51.66,-0.6141,-0.5011,1.6109,79.1082,323.8894,265.1865
51.68,-0.7805,-0.3513,2.5919,76.2546,328.8156,270.0566
51.7,-0.9334,-0.1766,3.5274,73.4566,331.9128,272.9231
51.72,-1.0501,0.041,4.4142,70.7829,334.3343,274.7982
51.74,-1.2474,0.5514,6.0147,65.6759,337.4584,276.7049
51.76,-1.3405,0.8282,6.7293,63.3094,338.6344,277.2439
51.78,-1.3852,1.1171,7.3641,61.1527,339.7981,277.5316
51.8,-1.4306,1.4137,7.9393,59.1478,340.7917,277.9665
51.82,-1.4188,1.7131,8.4244,57.2916,341.9223,278.6827
51.84,-1.474,2.2411,9.2167,54.1367,343.4178,279.8262
51.86,-1.4731,2.4543,9.4961,53.0612,343.9201,280.2541
51.88,-1.4641,2.65,9.7046,52.1726,344.3507,280.8576
51.9,-1.4577,2.7844,9.8405,51.5557,344.6478,281.4063
51.92,-1.4496,2.8716,9.9064,51.2506,344.7661,281.5823
51.94,-1.4069,2.8531,9.8156,51.5634,344.7318,281.2062
51.96,-1.3852,2.749,9.6493,52.2126,344.4798,280.9451
51.98,-1.3744,2.5957,9.4184,53.1352,344.1759,280.8778
52,-1.3559,2.3706,9.1151,54.4692,343.5876,280.4117
52.02,-1.3163,2.1185,8.7397,56.0387,342.9884,279.699
52.04,-1.258,1.4345,7.7521,59.9838,341.131,277.8689
52.06,-1.234,1.0661,7.15,62.1744,340.035,277.0401
52.08,-1.1452,0.6733,6.4399,64.6807,338.9467,275.7103
52.1,-1.0609,0.2867,5.6545,67.3164,337.5609,274.2391
52.12,-0.9274,-0.0618,4.785,70.1247,336.0712,272.6807
52.14,-0.6836,-0.6417,2.8521,76.1337,330.188,267.1821
52.16,-0.4989,-0.8356,1.7719,79.2762,324.9348,261.9518
52.18,-0.333,-0.9685,0.6597,82.3459,314.9638,252.08
52.2,-0.1362,-1.0161,-0.4972,84.9802,293.3072,230.6403
52.22,0.0744,-0.9703,-1.6728,85.9725,249.0093,186.7481
52.24,0.476,-0.6463,-4.0102,81.296,194.2989,132.967
52.26,0.6778,-0.3758,-5.1503,77.9827,186.4708,125.503
52.28,0.8538,-0.0565,-6.2371,74.5945,182.4187,121.9732
52.3,1.0233,0.3084,-7.2613,71.2792,179.9105,120.0471
52.32,1.1741,0.6832,-8.2064,68.0587,178.3513,119.0826
52.34,1.4255,1.4011,-9.7605,62.5124,176.5812,118.4322
52.36,1.5232,1.6892,-10.3317,60.3768,176.0148,118.1246
52.38,1.6049,1.9044,-10.7462,58.8065,175.6492,117.8048
52.4,1.6681,2.0401,-10.9857,57.9033,175.3539,117.4542
52.42,1.7073,2.0826,-11.04,57.7597,175.2224,117.3449
52.44,1.7345,1.8966,-10.6939,59.1622,175.1404,116.7194
52.46,1.7126,1.6564,-10.241,60.9097,175.2667,116.71
52.48,1.6682,1.3783,-9.6899,62.9535,175.5437,116.8959
52.5,1.601,1.0724,-9.0184,65.3518,176.0113,117.2602
52.52,1.5142,0.7607,-8.2398,68.0726,176.6745,117.9846
52.54,1.2732,0.1669,-6.4244,74.1286,179.3749,121.133
52.56,1.1198,-0.097,-5.4195,77.4455,182.0812,124.188
52.58,0.9525,-0.3141,-4.3615,80.6865,186.9075,129.2576
52.6,0.7702,-0.4884,-3.2726,83.838,197.1807,139.7908
52.62,0.5907,-0.6072,-2.1682,86.4511,225.1371,167.6114
52.64,0.2084,-0.6999,0.0252,84.3038,315.287,257.3078
52.66,0.0283,-0.6691,1.0825,81.4147,326.0657,267.8109
52.68,-0.1449,-0.5636,2.1091,78.4064,331.4391,272.8298
52.7,-0.2972,-0.3987,3.0824,75.4539,334.6129,275.627
52.72,-0.4651,-0.2076,4.0013,72.6556,336.458,277.0956
52.74,-0.6789,0.3162,5.6327,67.3624,339.6417,279.5396
52.76,-0.7759,0.5998,6.3549,64.915,340.8674,280.563
52.78,-0.8593,0.8639,6.9994,62.7117,341.8636,281.1548
52.8,-0.9273,1.1294,7.5786,60.7831,342.6274,281.3152
52.82,-1.0028,1.3787,8.1033,59.0275,343.2722,281.3398
52.84,-1.0778,1.8481,8.9322,55.9779,344.495,281.8168
52.86,-1.1209,2.071,9.2577,54.6826,344.9357,282.01
52.88,-1.1189,2.2248,9.4892,53.8071,345.2277,281.9873
52.9,-1.1326,2.3437,9.6677,53.1501,345.363,281.8273
52.92,-1.1536,2.4488,9.8003,52.6226,345.4068,281.7267
52.94,-1.1441,2.5355,9.8699,52.2528,345.495,281.6474
52.96,-1.1643,2.4858,9.8337,52.4642,345.3284,281.4583
52.98,-1.1496,2.4046,9.7282,52.8927,345.2356,281.2856
53,-1.1455,2.2738,9.5641,53.5368,345.0098,281.0263
53.02,-1.1378,2.0808,9.3458,54.4816,344.7372,280.7632
53.04,-1.0831,1.6032,8.7182,57.1124,343.7998,279.9368
53.06,-1.0363,1.3224,8.3106,58.6776,343.2794,279.5873
53.08,-0.9983,1.0186,7.8455,60.3864,342.6212,279.2297
53.1,-0.9469,0.688,7.3129,62.3423,341.8603,278.7173
53.12,-0.8777,0.3575,6.716,64.408,341.02,278.2024
53.14,-0.7228,-0.3324,5.3129,69.1274,338.3535,276.213
53.16,-0.6168,-0.6196,4.5176,71.6495,336.6574,274.8976
53.18,-0.4767,-0.8781,3.6379,74.3484,334.4028,272.9805
53.2,-0.3404,-1.0924,2.7089,77.1129,331.0387,269.9993
53.22,-0.1913,-1.261,1.7266,79.9698,325.7439,265.1462
53.24,0.1418,-1.4143,-0.3402,85.1276,297.3348,237.7828
53.26,0.3127,-1.3955,-1.4113,86.2541,256.4698,197.3824
53.28,0.4927,-1.3096,-2.503,84.9635,216.0627,157.2759
53.3,0.6644,-1.1435,-3.5836,82.3909,197.3927,138.762
53.32,0.8365,-0.9169,-4.6558,79.3727,188.7544,130.2577
53.34,0.9844,-0.6311,-5.6843,76.3271,184.2254,126.1964
53.36,1.2445,0.1066,-7.6098,70.2785,179.6465,122.4126
53.38,1.3535,0.5349,-8.4866,67.3343,178.4258,121.3991
53.4,1.4399,0.9785,-9.2905,64.5418,177.5883,120.9231
53.42,1.5034,1.4066,-10.0242,61.8709,177.1052,120.9763
53.44,1.5724,2.1595,-11.2357,57.2929,176.642,121.8046
53.46,1.583,2.4521,-11.7045,55.4606,176.5856,122.3312
53.48,1.577,2.6707,-12.0752,53.9918,176.6286,122.8595
53.5,1.5577,2.8177,-12.3376,52.9289,176.7298,123.3517
53.52,1.5202,2.8889,-12.485,52.3936,176.8953,124.0427
53.54,1.4225,2.8514,-12.4457,52.5685,177.3739,124.7363
53.56,1.3547,2.7377,-12.2666,53.3008,177.758,125.1402
53.58,1.2699,2.5452,-11.9711,54.4858,178.2495,125.6176
53.6,1.1812,2.3079,-11.5997,55.9477,178.7928,126.2305
53.62,1.078,2.0169,-11.1454,57.6854,179.4994,127.0505
53.64,0.8449,1.3547,-9.9978,61.8871,181.4553,129.0936
53.66,0.7161,1.0132,-9.3046,64.3443,182.8084,130.3205
53.68,0.5776,0.6721,-8.5395,66.9616,184.6165,132.1088
53.7,0.43,0.3466,-7.7061,69.7455,187.0345,134.6067
53.72,0.2803,0.0415,-6.819,72.5826,190.2925,137.78
53.74,-0.032,-0.4805,-4.9206,78.0876,201.939,148.6631
53.76,-0.1816,-0.6627,-3.9212,80.5921,212.8481,159.0923
53.78,-0.3381,-0.7951,-2.9058,82.5026,230.6585,176.6246
53.8,-0.4829,-0.8704,-1.8913,83.331,256.0269,201.5972
53.82,-0.627,-0.8963,-0.8849,82.7399,280.7879,225.82
53.84,-0.8514,-0.7691,1.0611,79.0594,310.7808,254.4633
53.86,-0.9526,-0.6487,1.9825,76.7583,318.2269,261.3432
53.88,-1.0378,-0.4923,2.8648,74.4363,323.4619,266.0806
53.9,-1.1025,-0.2986,3.6996,72.1345,327.3737,269.4371
53.92,-1.1498,-0.0908,4.4783,69.9499,330.3894,271.7693
53.94,-1.2144,0.3511,5.8723,65.8745,334.7384,274.6723
53.96,-1.2403,0.5613,6.4746,64.0664,336.3051,275.8645
53.98,-1.2508,0.8051,7.0283,62.2603,337.8666,277.1894
54,-1.255,1.026,7.5154,60.5965,339.2023,278.2509
54.02,-1.2354,1.2352,7.9361,59.1356,340.3975,279.003
54.04,-1.2343,1.5578,8.6148,56.844,341.8516,279.5528
54.06,-1.2113,1.6927,8.8718,55.9533,342.465,279.6985
54.08,-1.208,1.7848,9.0779,55.2968,342.8362,279.632
54.1,-1.196,1.8434,9.2218,54.7564,343.1858,279.5672
54.12,-1.1923,1.8683,9.3168,54.4523,343.3533,279.3423
54.14,-1.1782,1.8093,9.3387,54.4966,343.452,278.7632
54.16,-1.1581,1.7439,9.2765,54.7855,343.4566,278.5966
54.18,-1.1658,1.5919,9.1417,55.3425,343.2302,278.4122
54.2,-1.1554,1.4397,8.969,56.0527,343.0653,278.3624
54.22,-1.1406,1.2491,8.7391,56.9624,342.8056,278.269
54.24,-1.1094,0.7812,8.1105,59.3931,341.9671,277.9896
54.26,-1.0741,0.5394,7.7119,60.8132,341.4918,277.8311
54.28,-1.0372,0.277,7.256,62.4345,340.8153,277.4939
54.3,-0.9844,0.0164,6.744,64.1786,340.0689,277.179
54.32,-0.9302,-0.2627,6.1776,66.0854,339.0175,276.7506
54.34,-0.7601,-0.7532,4.8746,70.2088,336.5058,275.228
54.36,-0.6561,-0.9657,4.1399,72.487,334.6706,273.7833
54.38,-0.5301,-1.144,3.3521,74.8336,332.3498,271.8923
54.4,-0.3919,-1.2799,2.5202,77.2265,329.2362,269.3076
54.42,-0.2394,-1.3778,1.638,79.7015,324.6704,265.1388
54.44,-0.0749,-1.4147,0.728,82.1422,317.5809,258.4189
54.46,0.282,-1.35,-1.1722,86.0822,274.5979,216.1351
54.48,0.4619,-1.2468,-2.1358,85.9665,231.965,173.8521
54.5,0.6371,-1.0996,-3.0964,84.1397,204.8317,147.0603
54.52,0.8151,-0.9022,-4.0449,81.697,192.0192,134.516
54.54,1.1291,-0.4065,-5.8556,76.3666,181.8562,124.7239
54.56,1.2702,-0.1143,-6.6978,73.7197,179.5112,122.3496
54.58,1.3985,0.1894,-7.49,71.1061,178.017,120.6597
54.6,1.5122,0.4973,-8.2184,68.6672,177.007,119.4545
54.62,1.6093,0.7946,-8.8813,66.3892,176.3771,118.782
54.64,1.7514,1.339,-9.9609,62.547,175.7057,118.256
54.66,1.7996,1.5695,-10.371,61.0385,175.5576,118.0809
54.68,1.8333,1.7608,-10.6885,59.8474,175.4725,117.9364
54.7,1.8499,1.9002,-10.9063,59.0142,175.4629,117.9259
54.72,1.8485,1.9817,-11.02,58.5683,175.4907,118.087
54.74,1.7958,1.9546,-10.9366,58.8635,175.7445,119.0672
54.76,1.7403,1.8435,-10.7206,59.7086,176.0136,119.8148
54.78,1.67,1.6705,-10.389,60.9402,176.388,120.4857
54.8,1.5827,1.4552,-9.9485,62.5957,176.8945,121.4115
54.82,1.4709,1.1966,-9.394,64.6254,177.6671,122.8014
54.84,1.2004,0.6176,-7.9816,69.5913,180.1046,126.0836
54.86,1.0397,0.3259,-7.1377,72.4079,182.0383,128.0681
54.88,0.8583,0.0516,-6.2115,75.383,185.0237,131.3069
54.9,0.6613,-0.1928,-5.2184,78.4007,189.7995,136.5528
54.92,0.4517,-0.3974,-4.1742,81.3579,197.9661,144.7655
54.94,0.0165,-0.6956,-2.0071,85.3322,244.041,190.4627
54.96,-0.2011,-0.7783,-0.9131,84.9218,281.8359,228.0046
54.98,-0.4034,-0.8107,0.1614,83.1777,301.5237,246.8295
55,-0.605,-0.7733,1.2255,80.6106,315.4026,260.5485
55.02,-0.7879,-0.6622,2.2478,77.7607,323.0897,267.9598
55.04,-0.948,-0.4964,3.2183,74.903,327.8503,272.4303
55.06,-1.2004,-0.0639,4.9764,69.571,333.5504,276.8334
55.08,-1.3081,0.1728,5.7633,67.0916,335.4346,278.1194
55.1,-1.4091,0.5014,6.6584,64.0133,337.725,279.895
55.12,-1.4644,0.7125,7.1473,61.9786,339.3205,281.6371
55.14,-1.5694,1.2681,8.2494,57.5269,341.8329,284.1477
55.16,-1.6172,1.5367,8.6877,55.7731,342.6206,284.9726
55.18,-1.6553,1.7687,9.0352,54.3985,343.0714,285.4183
55.2,-1.6639,2.0056,9.3035,53.2256,343.535,285.9868
55.22,-1.6988,2.1866,9.4883,52.3909,343.6086,286.029
55.24,-1.7457,2.4355,9.6223,51.6829,343.4508,285.2651
55.26,-1.7402,2.4598,9.5662,51.7751,343.3,284.8877
55.28,-1.7546,2.4543,9.4612,52.0277,343.0403,284.58
55.3,-1.752,2.3386,9.2428,52.7966,342.5815,283.9524
55.32,-1.759,2.1727,8.963,53.7332,342.0274,283.1447
55.34,-1.7471,1.6475,8.1817,56.7926,340.2884,280.7842
55.36,-1.7225,1.3164,7.6714,58.704,339.2565,279.336
55.38,-1.6875,0.9631,7.0832,60.8416,338.1029,277.827
55.4,-1.6341,0.5895,6.4123,63.2795,336.5442,275.887
55.42,-1.5489,0.2236,5.6576,65.8691,334.8044,273.9209
55.44,-1.3317,-0.4531,3.9219,71.6934,329.3068,268.197
55.46,-1.1821,-0.7139,2.9529,74.6586,325.6353,264.8506
55.48,-1.0083,-0.9157,1.9269,77.6164,320.4873,260.2611
55.5,-0.8189,-1.0543,0.8524,80.5052,312.1361,252.4681
55.52,-0.5842,-1.1116,-0.2667,83.1493,297.1147,237.9897
55.54,-0.0968,-1.0062,-2.5556,84.5236,229.5465,171.3994
55.56,0.2159,-0.7818,-3.9741,81.7018,200.9082,143.4961
55.58,0.4023,-0.5962,-4.8043,79.4839,192.2748,135.3517
55.6,0.6421,-0.3059,-5.8766,76.2452,185.4568,129.1041
55.62,0.8766,0.0352,-6.8939,73.0371,181.3417,125.5217
55.64,1.2878,0.7226,-8.6665,67.0032,176.8465,122.1004
55.66,1.465,1.0324,-9.379,64.4485,175.5323,120.929
55.68,1.6288,1.2937,-9.9572,62.3543,174.5721,119.6265
55.7,1.7622,1.4865,-10.376,60.8085,173.8933,118.4087
55.72,1.8733,1.6187,-10.6289,59.8967,173.3696,117.2432
55.74,1.9948,1.6431,-10.6533,59.8475,172.7837,116.044
55.76,2.0102,1.5454,-10.4653,60.5515,172.6685,115.8571
55.78,1.9951,1.3549,-10.0934,61.9126,172.6431,115.7926
55.8,1.9522,1.1304,-9.6331,63.5769,172.7911,115.9225
55.82,1.8795,0.8757,-9.064,65.5749,173.072,116.2866
55.84,1.636,0.331,-7.6298,70.4684,174.4159,118.5125
55.86,1.4737,0.0612,-6.7947,73.2525,175.7722,120.4083
55.88,1.2857,-0.182,-5.8885,76.2254,177.8421,122.8256
55.9,1.0858,-0.3938,-4.9328,79.2528,181.3069,126.4556
55.92,0.8507,-0.5782,-3.9241,82.2668,188.0603,133.4619
55.94,0.3336,-0.7957,-1.815,86.8191,246.5448,192.9846
55.96,0.0809,-0.8175,-0.7531,85.7955,294.8686,241.0931
55.98,-0.1697,-0.8185,0.2853,83.4956,311.6772,256.7139
56,-0.4011,-0.7533,1.3129,80.6658,321.8981,265.6874
56.02,-0.6476,-0.6668,2.3204,77.7647,326.6193,269.135
56.04,-1.0558,-0.3892,4.1952,72.1388,331.4818,271.1033
56.06,-1.2432,-0.1798,5.0763,69.4218,333.1211,271.4904
56.08,-1.403,0.0464,5.8877,66.7503,334.67,271.9392
56.1,-1.5272,0.3401,6.6378,63.6817,337.0248,273.9981
56.12,-1.6373,0.6457,7.3145,61.06,338.6523,275.2238
56.14,-1.8114,1.3179,8.4619,56.6742,340.7317,277.2263
56.16,-1.8433,1.6416,8.9041,54.9029,341.5229,278.1712
56.18,-1.8741,1.9487,9.2824,53.4189,342.153,278.9899
56.2,-1.8917,2.2296,9.5873,52.132,342.7635,279.8947
56.22,-1.8982,2.4332,9.8183,51.2372,343.1803,280.6124
56.24,-1.8703,2.6963,10.0569,50.1533,343.7913,282.1458
56.26,-1.8774,2.743,10.0813,50.0403,343.8774,282.4459
56.28,-1.8639,2.7187,10.035,50.2442,343.8719,282.4948
56.3,-1.8144,2.6448,9.9135,50.7056,343.8929,282.3827
56.32,-1.7755,2.4675,9.7003,51.6227,343.6778,282.0895
56.34,-1.6467,1.9651,9.0933,54.1367,342.9874,280.9194
56.36,-1.5954,1.6115,8.6961,55.8667,342.2687,279.7305
56.38,-1.5147,1.2148,8.2134,57.8419,341.4495,278.3775
56.4,-1.4207,0.8491,7.6787,59.9228,340.6022,277.1274
56.42,-1.3139,0.4294,7.0548,62.2886,339.4422,275.7433
56.44,-1.0498,-0.3564,5.5926,67.4888,336.682,273.1347
56.46,-0.8881,-0.6934,4.7585,70.3097,334.9458,271.6068
56.48,-0.7094,-0.9955,3.8547,73.2988,332.574,269.5793
56.5,-0.5064,-1.2413,2.8854,76.3495,329.4613,266.9636
56.52,-0.2813,-1.4036,1.8685,79.3525,325.1003,263.278
56.54,0.2099,-1.5235,-0.2919,85.1049,300.6631,240.2118
56.56,0.4671,-1.471,-1.4077,86.7122,258.0958,198.2345
56.58,0.7297,-1.3528,-2.5364,85.5065,209.3023,149.9214
56.6,0.9836,-1.1535,-3.6524,82.7641,189.3036,130.4961
56.62,1.2277,-0.8944,-4.7558,79.6144,180.9962,122.8465
56.64,1.6634,-0.1928,-6.8322,73.1446,174.1246,116.9216
56.66,1.8499,0.2203,-7.7905,69.9305,172.6292,115.9043
56.68,2.0096,0.6537,-8.6734,66.8571,171.6301,115.4922
56.7,2.1437,1.0705,-9.4841,63.9285,171.067,115.4833
56.72,2.2596,1.4682,-10.2151,61.217,170.6828,115.3524
56.74,2.4265,2.1388,-11.4065,56.6166,170.2898,115.0744
56.76,2.4659,2.3932,-11.8418,54.8811,170.3212,115.7852
56.78,2.4841,2.6022,-12.1589,53.6126,170.3895,116.4647
56.8,2.4818,2.7543,-12.3526,52.8203,170.5286,116.8604
56.82,2.4571,2.836,-12.4225,52.5231,170.7172,117.108
56.84,2.3455,2.7485,-12.2211,53.3753,171.1778,117.9462
56.86,2.2388,2.542,-11.9174,54.6207,171.584,118.8251
56.88,2.1159,2.2731,-11.5234,56.2135,172.0459,119.7553
56.9,1.9721,1.9472,-11.0229,58.1913,172.6092,120.5839
56.92,1.8011,1.577,-10.415,60.5315,173.3997,121.4868
56.94,1.3813,0.8006,-8.8861,66.1624,176.0207,124.2917
56.96,1.1332,0.428,-7.9795,69.3411,178.1798,126.5044
56.98,0.8634,0.0786,-6.9943,72.6307,181.3514,129.5207
57,0.5795,-0.2384,-5.9478,75.9503,186.3182,134.0947
57.02,0.28,-0.5131,-4.8477,79.153,194.5652,141.8857
57.04,-0.344,-0.9098,-2.5479,83.6649,235.7918,182.0081
57.06,-0.6421,-1.0007,-1.3772,83.5202,268.4545,214.0669
57.08,-0.9352,-1.0195,-0.2086,81.654,290.7042,235.3765
57.1,-1.2042,-0.9645,0.9402,79.025,305.3581,248.7873
57.12,-1.4421,-0.8328,2.0545,76.1042,314.2223,256.2955
57.14,-1.8604,-0.3847,4.1727,69.5418,325.7848,267.2124
57.16,-1.9992,-0.0677,5.1375,66.0916,329.946,271.8036
57.18,-2.1105,0.2863,6.0277,62.9861,332.8259,274.869
57.2,-2.1953,0.6712,6.8409,60.2351,334.9961,276.9509
57.22,-2.2456,1.0621,7.5641,57.759,336.7726,278.6541
57.24,-2.2797,1.84,8.7623,53.4691,339.5765,281.6648
57.26,-2.2833,2.197,9.2428,51.6678,340.6032,282.8704
57.28,-2.2531,2.5396,9.6422,50.0899,341.5587,283.7273
57.3,-2.2304,2.7799,9.9499,48.9474,342.1902,284.0886
57.32,-2.1987,2.9977,10.1914,47.9977,342.6948,284.3024
57.34,-2.1276,3.2224,10.447,46.9822,343.2436,284.3918
57.36,-2.0781,3.2466,10.4674,46.8914,343.3831,284.2408
57.38,-2.0507,3.1937,10.4328,47.1078,343.3488,283.9018
57.4,-2.011,3.0924,10.3371,47.5934,343.2769,283.4277
57.42,-1.965,2.9001,10.1522,48.3988,343.1351,283.074
57.44,-1.8831,2.3721,9.6175,50.7399,342.5451,282.5976
57.46,-1.8378,2.0434,9.2496,52.2961,342.1436,282.4662
57.48,-1.7733,1.6893,8.8086,54.0859,341.6718,282.4296
57.5,-1.7127,1.3082,8.2949,56.1119,341.0779,282.5338
57.52,-1.625,0.9101,7.6983,58.3745,340.3713,282.6251
57.54,-1.5275,0.5103,7.029,60.8383,339.5537,282.6673
57.56,-1.2544,-0.2198,5.4641,66.2965,337.5779,282.1299
57.58,-1.0733,-0.543,4.564,69.2972,336.234,281.3069
57.6,-0.8931,-0.8281,3.6032,72.4311,334.1239,279.8067
57.62,-0.6737,-1.047,2.5764,75.7036,331.2719,277.5045
57.64,-0.1908,-1.3003,0.3814,82.4223,316.6549,263.7172
57.66,0.0579,-1.3181,-0.7605,85.1969,296.7151,244.5124
57.68,0.327,-1.2586,-1.9258,86.4555,249.2928,197.7981
57.7,0.5783,-1.1241,-3.0814,84.7886,206.696,156.2428
57.72,0.82,-0.9135,-4.2197,81.8786,189.6217,140.4513
57.74,1.2552,-0.3093,-6.3925,75.3478,177.658,131.2154
57.76,1.4415,0.0654,-7.4004,72.0701,175.104,130.2226
57.78,1.6074,0.4691,-8.3377,68.8716,173.4064,129.7593
57.8,1.7544,0.8782,-9.1949,65.8167,172.3176,129.4936
57.82,1.8788,1.2703,-9.9528,63.0302,171.6264,129.3886
57.84,2.0511,1.9034,-11.0979,58.6854,171.1171,129.68
57.86,2.1008,2.1035,-11.4537,57.3439,171.1364,129.7016
57.88,2.1245,2.2126,-11.6486,56.6462,171.2522,129.5522
57.9,2.1185,2.2245,-11.6768,56.5927,171.451,129.3372
57.92,2.0797,2.1472,-11.5486,57.1298,171.7055,129.3947
57.94,1.8891,1.7133,-10.7928,60.1605,172.5885,130.4163
57.96,1.753,1.4077,-10.2146,62.3513,173.2148,130.8961
57.98,1.5901,1.0658,-9.5157,64.9111,174.0695,131.4183
58,1.3924,0.7034,-8.7046,67.7891,175.4014,132.5762
58.02,1.1647,0.3476,-7.7933,70.9346,177.3848,134.6615
58.04,0.6526,-0.2779,-5.736,77.5671,185.2007,141.799
58.06,0.3773,-0.5287,-4.6242,80.8114,193.7879,149.6055
58.08,0.0981,-0.7241,-3.479,83.6991,211.3001,166.2847
58.1,-0.1958,-0.863,-2.3066,85.2326,246.4032,200.7112
58.12,-0.4824,-0.9322,-1.127,84.3924,284.6135,238.2852
58.14,-1.0146,-0.8701,1.1891,79.051,316.7164,269.0298
58.16,-1.247,-0.7263,2.3013,75.6826,323.7988,275.7054
58.18,-1.4571,-0.5107,3.362,72.2879,328.2464,279.8889
58.2,-1.6196,-0.2343,4.3543,69.125,331.3115,282.6207
58.22,-1.7645,0.0973,5.2818,65.9086,333.8428,285.1346
58.24,-1.9597,0.839,6.8782,60.2636,337.254,288.5881
58.26,-2.0213,1.2224,7.5441,57.8504,338.5238,289.6481
58.28,-2.0615,1.6057,8.1208,55.6671,339.538,290.522
58.3,-2.0888,1.9552,8.6008,53.7401,340.372,291.1304
58.32,-2.115,2.2487,8.9937,52.14,340.9339,291.5309
58.34,-2.1376,2.7168,9.5186,49.8359,341.6584,291.8714
58.36,-2.1469,2.8542,9.6516,49.2356,341.7858,291.6691
58.38,-2.1386,2.9025,9.6992,48.9931,341.8116,291.3212
58.4,-2.1556,2.8886,9.6816,49.0465,341.6136,290.8724
58.42,-2.1502,2.8155,9.5918,49.3827,341.4211,290.5281
58.44,-2.1416,2.4389,9.1663,51.1027,340.6417,289.6106
58.46,-2.1382,2.1724,8.8595,52.4092,340.0924,289.074
58.48,-2.1309,1.8716,8.4865,53.9202,339.437,288.6307
58.5,-2.0927,1.5436,8.0363,55.6792,338.79,288.2834
58.52,-2.0503,1.1938,7.5197,57.6375,337.9866,287.9706
58.54,-2.0091,0.831,6.9385,59.7991,337.0456,287.5408
58.56,-1.8197,0.1304,5.5574,64.6963,334.882,286.4437
58.58,-1.6829,-0.1822,4.7657,67.3822,333.5385,285.7026
58.6,-1.5431,-0.4659,3.9198,70.2045,331.6104,284.5012
58.62,-1.3655,-0.7161,3.0081,73.1766,329.1628,282.6319
58.64,-0.9453,-1.0723,1.0532,79.5458,318.7446,272.8212
58.66,-0.7041,-1.1694,0.0193,82.8324,303.9682,257.7543
58.68,-0.4445,-1.1785,-1.0308,85.0113,278.4565,232.6899
58.7,-0.1983,-1.1267,-2.0762,85.3896,239.4649,194.3885
58.72,0.0617,-1.0035,-3.1225,83.8174,208.7128,164.1605
58.74,0.574,-0.5772,-5.1482,78.4783,184.9759,141.2872
58.76,0.8155,-0.301,-6.1046,75.5426,180.1672,136.8337
58.78,1.0427,-0.0005,-7.0078,72.6339,177.117,134.024
58.8,1.2496,0.3082,-7.8489,69.8068,175.1488,132.4032
58.82,1.4414,0.6148,-8.6177,67.154,173.7272,131.2292
58.84,1.7705,1.1742,-9.9048,62.5476,171.8719,129.1395
58.86,1.9013,1.4125,-10.4107,60.6652,171.2686,128.4996
58.88,2.0074,1.621,-10.8147,59.128,170.8003,128.1509
58.9,2.0894,1.7901,-11.1132,57.9467,170.4437,128.0343
58.92,2.1458,1.9138,-11.2992,57.1829,170.1673,128.1991
58.94,2.176,1.9758,-11.3178,57.0012,169.7511,129.3433
58.96,2.1592,1.9057,-11.1718,57.5754,169.5816,129.8904
58.98,2.1167,1.7432,-10.8757,58.6097,169.4522,130.3233
59,2.0506,1.5296,-10.4882,60.0462,169.4091,130.5778
59.02,1.9644,1.2694,-10.0009,61.8499,169.4951,130.7244
59.04,1.7119,0.6579,-8.7342,66.4274,170.2919,131.179
59.06,1.5479,0.3423,-7.972,69.1113,171.1632,131.8464
59.08,1.363,0.0362,-7.1375,71.9537,172.4872,132.5095
59.1,1.1606,-0.2539,-6.2424,74.9063,174.5885,133.5948
59.12,0.937,-0.5093,-5.289,77.9774,178.0443,136.065
59.14,0.4275,-0.9022,-3.2577,83.9507,197.3352,154.2273
59.16,0.1637,-1.0291,-2.2141,86.0522,227.3771,183.4558
59.18,-0.0999,-1.0902,-1.1593,86.0297,275.6063,230.6961
59.2,-0.3595,-1.0854,-0.1098,83.9342,304.6411,258.8553
59.22,-0.6157,-1.0127,0.9248,81.1318,317.5833,271.5313
59.24,-1.0839,-0.6674,2.9043,74.7609,329.343,283.6549
59.26,-1.3264,-0.3549,4.0345,70.9546,332.8327,287.2404
59.28,-1.4665,-0.1391,4.6736,68.8096,334.2487,288.7078
59.3,-1.6026,0.1776,5.4589,66.1964,335.9408,290.2435
59.32,-1.7228,0.4953,6.1729,63.7809,337.2568,291.483
59.34,-1.9137,1.1281,7.3919,59.5884,339.2662,293.3546
59.36,-1.9909,1.4307,7.8969,57.7591,340.0612,293.9787
59.38,-2.0571,1.7109,8.3316,56.2234,340.7123,294.259
59.4,-2.0834,1.9476,8.6777,54.9168,341.3119,294.3066
59.42,-2.1202,2.16,8.963,53.8388,341.6938,294.4946
59.44,-2.1836,2.4606,9.3375,52.3777,342.0637,294.2976
59.46,-2.1997,2.5295,9.4272,52.0049,342.0936,293.776
59.48,-2.2234,2.553,9.464,51.8428,341.9769,292.9935
59.5,-2.2331,2.531,9.4429,51.8695,341.7806,292.1451
59.52,-2.2447,2.4749,9.3706,52.1492,341.44,291.3564
59.54,-2.2597,2.1892,9.0164,53.3763,340.4551,289.5991
59.56,-2.2658,1.9763,8.7578,54.3452,339.7692,288.5918
59.58,-2.2198,1.74,8.424,55.5341,339.1786,287.6494
59.6,-2.2462,1.4615,8.0567,56.9415,338.1422,286.4973
59.62,-2.2237,1.1454,7.61,58.5978,337.132,285.532
59.64,-2.1344,0.4975,6.5406,62.3181,335.0366,284.2359
59.66,-2.0743,0.1533,5.907,64.4699,333.7356,283.5117
59.68,-1.9618,-0.1664,5.2036,66.789,332.5516,282.8334
59.7,-1.8631,-0.4683,4.4469,69.2551,330.795,281.6994
59.72,-1.726,-0.7396,3.6174,71.8788,328.5741,280.1746
59.74,-1.3621,-1.1096,1.7946,77.3847,321.4155,274.3713
59.76,-1.149,-1.2191,0.8144,80.1768,314.3259,267.93
59.78,-0.9177,-1.2691,-0.2011,82.792,301.4419,255.655
59.8,-0.6683,-1.2616,-1.2404,84.7154,275.9308,230.5946
59.82,-0.4054,-1.1901,-2.2932,84.8904,237.7387,192.641
59.84,0.1259,-0.873,-4.385,80.6864,195.0121,150.7757
59.86,0.3847,-0.6298,-5.3935,77.8695,186.8083,143.1845
59.88,0.6294,-0.3467,-6.3652,74.9163,181.7593,138.8508
59.9,0.8623,-0.0254,-7.2852,71.9802,178.3804,136.3017
59.92,1.0706,0.3127,-8.1429,69.1237,176.0189,135.1242
59.94,1.4322,0.999,-9.648,63.803,172.7672,134.099
59.96,1.5873,1.3221,-10.2806,61.4437,171.5959,133.6653
59.98,1.7182,1.6116,-10.819,59.3697,170.6994,133.3974
60,1.8306,1.8647,-11.2623,57.626,169.9765,133.1289
60.02,1.9201,2.071,-11.6009,56.2761,169.4435,132.8528
60.04,2.0302,2.3135,-11.9677,54.7957,168.9365,132.4298
60.06,2.0533,2.343,-11.9996,54.6744,168.9185,132.2118
60.08,2.0574,2.3098,-11.9427,54.9038,169.0065,131.9155
60.1,2.0371,2.2149,-11.7964,55.5227,169.2027,131.7046
60.12,1.9912,2.0403,-11.5358,56.5244,169.5268,131.6219
60.14,1.8508,1.5795,-10.8093,59.317,170.3917,131.3626
60.16,1.7578,1.3002,-10.3292,61.1102,170.9781,130.9853
60.18,1.6433,0.997,-9.7705,63.164,171.7583,130.8969
60.2,1.5099,0.6814,-9.1384,65.4304,172.7339,131.1297
60.22,1.353,0.3667,-8.4279,67.9178,173.9694,131.9722
60.24,1.1815,0.0609,-7.6503,70.5558,175.5687,133.1068
60.26,0.816,-0.4562,-5.9154,76.2294,180.5919,136.1682
60.28,0.6016,-0.6563,-4.958,79.1931,185.3437,140.8366
60.3,0.3805,-0.8054,-3.9614,82.1162,193.8772,149.716
60.32,0.1642,-0.9021,-2.9404,84.7225,210.8394,166.7141
60.34,-0.2654,-0.9765,-0.8831,85.4297,288.6496,244.2254
60.36,-0.4601,-0.9354,0.1329,83.2362,311.1894,266.4784
60.38,-0.6327,-0.8338,1.1278,80.5268,322.0889,277.1993
60.4,-0.8268,-0.705,2.1053,77.7797,327.6447,282.8006
60.42,-0.9783,-0.5369,3.0296,75.1285,331.1893,286.1443
60.44,-1.2438,-0.1269,4.7461,69.9747,335.6012,289.9458
60.46,-1.3417,0.1071,5.5205,67.4904,337.2479,291.1787
60.48,-1.4595,0.3467,6.2493,65.113,338.3537,291.7733
60.5,-1.5003,0.6205,6.8916,62.7935,339.6678,292.4799
60.52,-1.5494,0.8973,7.4759,60.6759,340.6874,292.8839
60.54,-1.6447,1.4388,8.4352,57.0031,342.0735,293.3993
60.56,-1.6969,1.6736,8.8028,55.5096,342.4584,293.5972
60.58,-1.7323,1.8977,9.0915,54.2607,342.7784,293.7315
60.6,-1.7389,2.0966,9.2942,53.2976,343.0699,293.6082
60.62,-1.7673,2.264,9.4252,52.5633,343.176,293.46
60.64,-1.8032,2.4622,9.4551,52.0576,343.0328,293.0228
60.66,-1.814,2.4521,9.3567,52.3127,342.7556,292.6963
60.68,-1.8726,2.3829,9.1909,52.8249,342.2187,292.1649
60.7,-1.8712,2.2403,8.9178,53.6772,341.7947,291.588
60.72,-1.8864,2.0399,8.5938,54.7818,341.2289,290.9868
60.74,-1.9049,1.4768,7.718,57.7853,339.733,289.5854
60.76,-1.901,1.1337,7.1631,59.6715,338.7888,288.663
60.78,-1.8908,0.7834,6.5316,61.7688,337.6445,287.5065
60.8,-1.8219,0.4262,5.8097,64.1464,336.4914,286.2554
60.82,-1.751,0.0745,5.0099,66.7626,334.9513,284.5315
60.84,-1.525,-0.5214,3.2017,72.5094,330.3979,279.4483
60.86,-1.3788,-0.7537,2.2064,75.6447,326.3513,275.4652
60.88,-1.192,-0.9039,1.1616,78.8445,320.0103,269.3925
60.9,-1.0151,-1.0106,0.0877,81.9033,307.971,257.8217
60.92,-0.8082,-1.0523,-1.0246,84.3795,280.6149,230.4763
60.94,-0.3311,-0.9015,-3.2644,82.004,206.214,155.3616
60.96,-0.0962,-0.7364,-4.3435,79.2665,193.7576,143.3175
60.98,0.1469,-0.5245,-5.3711,76.3397,186.5659,136.2403
61,0.3779,-0.304,-6.3296,73.4199,182.2483,131.7953
61.02,0.6013,-0.0691,-7.1975,70.6841,179.4037,128.8634
61.04,0.9885,0.3758,-8.5953,66.1008,176.004,125.2846
61.06,1.1528,0.5724,-9.1074,64.2971,174.8748,123.8978
61.08,1.2976,0.7467,-9.4805,62.994,173.9585,122.874
61.1,1.4093,0.8681,-9.7085,62.1671,173.3313,122.1865
61.12,1.4997,0.9308,-9.8013,61.7962,172.8201,121.5768
61.14,1.611,0.8419,-9.5522,62.6164,172.1627,120.6217
61.16,1.623,0.7245,-9.2955,63.4869,172.0609,120.4042
61.18,1.6172,0.5493,-8.8869,64.8769,171.9974,120.2794
61.2,1.5826,0.3463,-8.3683,66.6333,172.0136,120.319
61.22,1.5196,0.1217,-7.7554,68.6634,172.1988,120.7251
61.24,1.3352,-0.3092,-6.2901,73.4488,173.0068,122.1629
61.26,1.2091,-0.5038,-5.4577,76.0992,173.9591,123.3168
61.28,1.076,-0.6613,-4.5787,78.9608,175.2897,124.888
61.3,0.9201,-0.8026,-3.6626,81.7921,178.3179,127.8578
61.32,0.7541,-0.9023,-2.7203,84.596,184.5108,133.8266
61.34,0.3999,-0.9942,-0.807,88.2091,277.5788,226.7507
61.36,0.2173,-0.9911,0.1413,86.0898,321.2338,270.2614
61.38,0.0478,-0.9337,1.0754,83.3016,332.5867,281.2896
61.4,-0.1363,-0.859,1.9874,80.4571,336.8606,285.1885
61.42,-0.3011,-0.7457,2.858,77.433,339.5025,287.8585
61.44,-0.5933,-0.3893,4.4753,71.9697,342.1781,290.4047
61.46,-0.7249,-0.1773,5.1936,69.6236,342.707,290.497
61.48,-0.8324,0.0801,5.8571,67.3811,343.2552,290.4691
61.5,-0.922,0.343,6.4543,65.0309,344.0993,291.154
61.52,-1.001,0.6126,6.992,63.0572,344.5651,291.3236
61.54,-1.1224,1.0887,7.8757,59.6803,345.3215,292.1618
61.56,-1.1567,1.2938,8.2078,58.3308,345.7183,292.5591
61.58,-1.2072,1.5219,8.5334,56.998,345.9789,292.7575
61.6,-1.2142,1.6406,8.6651,56.406,346.1556,292.9016
61.62,-1.2467,1.7377,8.7849,55.9181,346.1911,293.1656
61.64,-1.2523,1.8173,8.7979,55.7012,346.3167,294.0573
61.66,-1.2452,1.7603,8.7037,56.0644,346.2509,294.2052
61.68,-1.2502,1.6254,8.5139,56.7536,346.0344,294.2547
61.7,-1.207,1.4572,8.2511,57.7139,345.9423,294.3968
61.72,-1.2024,1.2193,7.9313,58.9297,345.5372,294.3792
61.74,-1.1219,0.6203,7.035,62.1698,344.5873,293.9772
61.76,-1.0442,0.2847,6.4623,64.1206,344.0089,293.5293
61.78,-0.95,-0.0581,5.8024,66.2838,343.2522,293.3295
61.8,-0.8612,-0.3881,5.0717,68.5878,342.208,293.3979
61.82,-0.7394,-0.7093,4.2478,71.2236,341.016,293.3762
61.84,-0.389,-1.2298,2.3623,77.1875,338.0007,292.2388
61.86,-0.1766,-1.413,1.3249,80.4254,335.5184,290.5092
61.88,0.0696,-1.5329,0.2314,83.8543,330.2491,285.5902
61.9,0.3179,-1.5694,-0.88,87.1687,313.0659,268.4929
61.92,0.581,-1.5214,-2.0083,88.2219,216.1534,171.5083
61.94,1.123,-1.1727,-4.2456,81.7623,173.2349,128.2367
61.96,1.3826,-0.8965,-5.321,78.1843,170.5359,125.1288
61.98,1.6238,-0.5762,-6.3511,74.3686,169.5697,123.5578
62,1.8428,-0.209,-7.3186,71.2254,168.7961,122.8475
62.02,2.0411,0.184,-8.2182,68.2081,168.3123,122.3885
62.04,2.37,0.9662,-9.7717,62.7372,167.9362,121.8502
62.06,2.5025,1.3139,-10.4089,60.3912,167.8825,121.3522
62.08,2.6124,1.6148,-10.9355,58.4146,167.845,120.7398
62.1,2.7043,1.8559,-11.3595,56.8289,167.8576,120.0768
62.12,2.7724,2.037,-11.6603,55.6982,167.8421,119.269
62.14,2.8109,2.1466,-11.8374,55.0274,167.8468,118.6717
62.16,2.8155,2.1659,-11.8533,55.0392,167.9512,118.3333
62.18,2.7861,2.0798,-11.7148,55.6177,168.0238,118.2771
62.2,2.7266,1.9061,-11.4378,56.7328,168.1563,118.2696
62.22,2.6518,1.6949,-11.0938,58.0861,168.3222,118.4165
62.24,2.4366,1.1517,-10.1694,61.5902,168.9685,119.3421
62.26,2.2967,0.8446,-9.5991,63.6664,169.5002,120.0092
62.28,2.1444,0.5393,-8.9633,65.944,170.1743,120.728
62.3,1.9737,0.2344,-8.2644,68.3602,171.1144,121.6143
62.32,1.7909,-0.0569,-7.511,70.9092,172.4135,122.5394
62.34,1.396,-0.5694,-5.8516,76.2589,176.7253,125.1279
62.36,1.1887,-0.7785,-4.9624,78.9451,180.7523,127.7366
62.38,0.9716,-0.9453,-4.0367,81.6803,187.5249,133.0553
62.4,0.7552,-1.0603,-3.0873,84.2562,200.651,144.92
62.42,0.5268,-1.1299,-2.1135,86.1692,230.213,173.6253
62.44,0.0845,-1.1366,-0.1628,84.1446,307.9016,250.6809
62.46,-0.115,-1.0694,0.7908,81.4585,321.4903,264.1227
62.48,-0.2874,-0.9554,1.7111,78.5779,328.8701,271.5128
62.5,-0.4754,-0.798,2.6171,75.4691,333.6957,276.7967
62.52,-0.6242,-0.6015,3.4656,72.7705,336.3518,279.4653
62.54,-0.8614,-0.1534,5.0049,67.7827,339.7199,283.0699
62.56,-0.9482,0.0962,5.6836,65.5253,340.9539,284.4453
62.58,-1.0098,0.366,6.295,63.4072,342.0977,285.6738
62.6,-1.0738,0.6226,6.8449,61.5254,342.9232,286.6718
62.62,-1.0974,0.8794,7.3196,59.8224,343.7815,287.7545
62.64,-1.1349,1.3247,8.0759,57.0257,344.9383,289.5464
62.66,-1.1329,1.4928,8.3436,56.0297,345.4001,290.1175
62.68,-1.1229,1.6483,8.5475,55.2316,345.8225,290.5429
62.7,-1.0914,1.7416,8.6721,54.8065,346.157,290.7654
62.72,-1.0415,1.8107,8.7343,54.5935,346.4929,290.9963
62.74,-0.96,1.7651,8.6816,54.9074,346.7945,291.1992
62.76,-0.8932,1.6595,8.5501,55.4759,346.9832,291.3421
62.78,-0.8573,1.5129,8.3754,56.2396,346.9089,291.3221
62.8,-0.7661,1.326,8.1278,57.2247,347.0372,291.5601
62.82,-0.6906,1.1076,7.8296,58.3904,346.9915,291.9258
62.84,-0.5391,0.5616,7.0432,61.4295,346.6866,292.609
62.86,-0.4543,0.2456,6.5493,63.3554,346.4456,292.6155
62.88,-0.3662,-0.0401,6.0096,65.296,346.2048,292.9785
62.9,-0.2414,-0.3557,5.3798,67.5299,346.0888,293.4055
62.92,-0.1342,-0.6609,4.6998,69.8444,345.7603,293.7149
62.94,0.1485,-1.147,3.1564,74.766,345.6335,294.1271
62.96,0.3021,-1.3165,2.3054,77.3884,345.7616,294.0971
62.98,0.4698,-1.4325,1.4073,80.2051,345.8266,293.8346
63,0.6405,-1.4748,0.4792,83.0492,345.8494,293.4807
63.02,0.8188,-1.4672,-0.4825,85.8952,346.1529,293.5055
63.04,1.1663,-1.2983,-2.4367,88.2777,164.9033,111.8846
63.06,1.3333,-1.1462,-3.4115,85.2213,166.2606,112.9019
63.08,1.4851,-0.9598,-4.3711,82.0519,167.2224,113.5164
63.1,1.6507,-0.715,-5.3148,78.6089,167.9459,113.4621
63.12,1.784,-0.4447,-6.2078,75.5698,168.0076,113.3979
63.14,2.0044,0.1405,-7.818,70.2805,167.9274,114.3395
63.16,2.1027,0.4308,-8.5223,67.8862,167.9225,114.5575
63.18,2.1887,0.6999,-9.138,65.7385,167.9068,114.9512
63.2,2.2685,0.9401,-9.6639,63.8669,167.8331,115.5095
63.22,2.335,1.1398,-10.0868,62.335,167.691,116.2429
63.24,2.4667,1.4274,-10.6399,60.242,167.0903,116.626
63.26,2.5257,1.5056,-10.7679,59.7111,166.7023,116.5648
63.28,2.576,1.5403,-10.7964,59.5433,166.2909,116.6195
63.3,2.6125,1.5229,-10.738,59.7022,165.9168,116.6752
63.32,2.6417,1.4618,-10.6022,60.1604,165.5425,116.5575
63.34,2.6671,1.1915,-10.0423,62.094,164.7219,115.7505
63.36,2.6531,1.0048,-9.66,63.4253,164.3803,115.1922
63.38,2.6272,0.7952,-9.2145,64.9952,164.1027,114.5648
63.4,2.5731,0.5623,-8.6932,66.8218,163.8973,113.8584
63.42,2.5133,0.3256,-8.1225,68.8038,163.7343,112.436
63.44,2.338,-0.1472,-6.8188,73.2708,163.9302,109.2302
63.46,2.2129,-0.3702,-6.0877,75.5008,165.0137,108.7101
63.48,2.0659,-0.5686,-5.3099,78.1317,166.5021,108.7447
63.5,1.9094,-0.7375,-4.4975,80.7885,168.6346,109.2525
63.52,1.7324,-0.8786,-3.6496,83.5153,172.6784,112.1973
63.54,1.3426,-1.1139,-1.9061,88.3653,224.9251,163.1557
63.56,1.1433,-1.1908,-1.0286,87.4569,304.9489,242.7133
63.58,0.943,-1.2172,-0.1518,84.9289,324.9753,262.5147
63.6,0.7614,-1.2026,0.7001,82.2447,332.1266,269.574
63.62,0.5823,-1.1433,1.529,79.6428,335.6433,273.0471
63.64,0.2645,-0.8901,3.0835,74.8991,339.3278,276.8755
63.66,0.1255,-0.7022,3.8027,72.6249,340.7494,278.4994
63.68,-0.0051,-0.4999,4.468,70.4609,341.7828,279.8909
63.7,-0.0978,-0.2742,5.0769,68.4442,342.9077,281.2386
63.72,-0.1969,-0.0536,5.6318,66.587,343.6578,282.1507
63.74,-0.3426,0.3898,6.5671,63.0257,345.17,284.2891
63.76,-0.4083,0.5857,6.9416,61.678,345.4926,284.7055
63.78,-0.4448,0.7538,7.2486,60.5886,345.9021,285.0645
63.8,-0.482,0.9085,7.4937,59.6423,346.1107,285.3961
63.82,-0.4991,1.027,7.6688,58.9411,346.3489,285.6608
63.84,-0.5443,1.1419,7.8368,58.3417,346.44,285.8943
63.86,-0.555,1.1324,7.823,58.4119,346.3955,285.9503
63.88,-0.5632,1.1066,7.7591,58.605,346.3403,286.0391
63.9,-0.5561,1.0373,7.6177,59.1069,346.3029,286.2798
63.92,-0.554,0.9055,7.4062,59.8396,346.0934,286.6422
63.94,-0.5194,0.5902,6.8004,61.9378,345.5985,287.3958
63.96,-0.4823,0.3964,6.3901,63.3351,345.3697,287.6396
63.98,-0.4248,0.1688,5.888,64.5676,345.6467,288.1618
64,-0.367,-0.0613,5.3255,66.2956,345.8521,288.1475
64.02,-0.2931,-0.3141,4.6812,68.4034,345.7665,287.8419
64.04,-0.0905,-0.746,3.1955,73.1261,345.8466,287.1819
64.06,0.0276,-0.9345,2.3615,75.8098,345.6729,286.8631
64.08,0.1455,-1.0811,1.4836,78.6168,345.3615,286.597
64.1,0.288,-1.1627,0.5623,81.4076,345.1675,286.3426
64.12,0.4356,-1.2045,-0.395,84.379,344.4011,285.4039
64.14,0.7345,-1.1176,-2.3583,89.2217,196.8232,137.6208
64.16,0.8697,-1.0071,-3.3414,85.7411,176.2549,116.8449
64.18,1.0105,-0.8506,-4.318,82.092,174.4973,114.7193
64.2,1.137,-0.6421,-5.2452,79.1401,172.8555,113.201
64.22,1.2542,-0.4139,-6.1296,76.2706,172.0539,112.4328
64.24,1.4607,0.0672,-7.7027,71.1378,171.2755,112.082
64.26,1.5456,0.3038,-8.3616,68.959,171.0482,112.3515
64.28,1.6209,0.522,-8.9301,67.0544,170.9297,112.6357
64.3,1.6871,0.7156,-9.3984,65.4463,170.7935,112.5964
64.32,1.7434,0.8798,-9.7597,64.1923,170.6962,112.5845
64.34,1.8087,1.0696,-10.1347,62.8525,170.5102,112.7838
64.36,1.822,1.0907,-10.1485,62.8033,170.3692,112.9079
64.38,1.8183,1.06,-10.0589,63.1177,170.2593,112.9996
64.4,1.8008,0.9771,-9.855,63.8238,170.1814,112.9766
64.42,1.7662,0.8443,-9.5282,64.9867,170.1002,112.7652
64.43999,1.644,0.4768,-8.6171,68.139,170.3501,112.6247
64.46,1.5484,0.2559,-8.0278,70.1333,170.7812,112.9319
64.48,1.4385,0.0351,-7.361,72.3857,171.3976,113.3278
64.5,1.3132,-0.1816,-6.6256,74.8046,172.4328,113.9734
64.52,1.1731,-0.3922,-5.8397,76.8873,174.8333,115.5846
64.54,0.8358,-0.7116,-4.0941,82.5484,183.3504,123.8895
64.56,0.657,-0.8242,-3.1844,85.3067,195.6239,136.0766
64.58,0.4758,-0.8845,-2.2522,87.4078,232.7862,172.9448
64.6,0.2896,-0.9303,-1.328,86.8297,294.652,234.6278
64.62,0.1054,-0.9346,-0.4056,84.3718,319.693,259.6194
64.64,-0.2396,-0.85,1.3595,78.6576,333.9914,273.7915
64.66,-0.4036,-0.7638,2.1879,76.0574,336.2482,275.7808
64.68,-0.5216,-0.6196,2.9637,73.4046,338.5506,277.8949
64.7,-0.6623,-0.4607,3.7004,70.9607,339.8313,279.1406
64.72,-0.7773,-0.2886,4.3667,68.8159,340.7494,279.8094
64.74,-0.9309,0.137,5.516,65.018,342.3709,281.092
64.76,-1.0026,0.3472,5.9992,63.4113,342.9555,281.6429
64.78,-1.0283,0.5289,6.3994,62.0379,343.4355,282.0627
64.8,-1.0803,0.7085,6.7658,60.7534,343.8834,282.5269
64.82,-1.1051,0.8496,7.0551,59.7134,344.1947,282.8148
64.84,-1.1474,1.0306,7.4401,58.3272,344.5388,283.2848
64.86,-1.1491,1.0821,7.5333,57.9686,344.6757,283.5323
64.88,-1.1686,1.0871,7.5611,57.8891,344.6155,283.7609
64.9,-1.1376,1.063,7.4985,58.0932,344.6934,284.1526
64.92,-1.1226,1.0196,7.3855,58.5543,344.7213,284.7855
64.93999,-1.0716,0.8253,6.8899,60.1858,344.5905,286.4018
64.96,-1.044,0.6682,6.535,61.4002,344.4107,287.0583
64.98,-0.98,0.4952,6.0977,62.8923,344.3524,287.6572
65,-0.9417,0.3219,5.6109,64.5333,344.1009,288.0952
65.02,-0.8887,0.1007,5.0354,66.4956,343.6736,288.169
65.04,-0.7269,-0.3431,3.6657,70.8289,342.5912,288.1989
65.06,-0.6368,-0.5495,2.8865,73.178,341.5878,287.9829
65.08,-0.5414,-0.7285,2.0571,75.704,340.0619,287.5416
65.1,-0.4384,-0.8796,1.1759,78.3463,337.7649,286.3441
65.12,-0.3266,-0.9898,0.2488,81.1972,333.9554,283.2476
65.14,-0.0683,-1.06,-1.7205,86.8026,303.0053,253.0244
65.16,0.064,-1.0163,-2.7374,87.2406,229.2206,179.0759
65.18,0.1983,-0.9073,-3.7572,84.2724,195.1815,144.5202
65.2,0.3281,-0.7272,-4.7506,81.1039,185.66,134.767
65.22,0.4476,-0.5031,-5.7095,78.0986,181.4773,130.5922
65.24,0.665,0.0234,-7.4598,72.4991,177.7782,126.6298
65.26,0.7569,0.2918,-8.2191,70.0312,176.9192,125.5418
65.28,0.8398,0.54,-8.8908,67.8038,176.4341,124.5955
65.3,0.9087,0.7597,-9.4617,65.8896,176.1217,123.8888
65.32,0.9687,0.9463,-9.9284,64.3182,175.9649,123.2958
65.34,1.0476,1.1927,-10.5245,62.2696,175.9382,122.7413
