time,pos_x,pos_y,pos_z,rot_x,rot_y,rot_z
20.34,-4.3053,-7.3418,-6.2453,13.592,221.3461,266.1139
20.36,-4.3065,-7.3389,-6.2417,13.622,221.3285,266.1308
20.38,-4.3106,-7.3429,-6.2337,13.6216,221.2703,266.1727
20.4,-4.3092,-7.3463,-6.203,13.7462,221.1892,266.2692
20.42,-4.3094,-7.3464,-6.1774,13.8447,221.143,266.3377
20.44,-4.3081,-7.3536,-6.1553,13.8993,221.1354,266.3941
20.46,-4.3044,-7.3599,-6.1323,13.9734,221.1651,266.4539
20.48,-4.3005,-7.3626,-6.1094,14.0524,221.1902,266.4887
20.5,-4.2875,-7.3692,-6.0791,14.1521,221.2808,266.5253
20.52,-4.2856,-7.372,-6.0689,14.1702,221.3206,266.5345
20.54,-4.2823,-7.373,-6.0657,14.1761,221.3564,266.5266
20.56,-4.2787,-7.3727,-6.068,14.1653,221.3826,266.5015
20.58,-4.2762,-7.3719,-6.0758,14.1316,221.4016,266.4633
20.6,-4.2748,-7.3732,-6.108,13.9885,221.4064,266.3655
20.62,-4.2762,-7.3679,-6.1239,13.9348,221.4047,266.314
20.64,-4.2796,-7.3633,-6.1407,13.837,221.3876,266.2563
20.66,-4.2852,-7.3602,-6.161,13.7248,221.2636,266.1982
20.68,-4.288,-7.3539,-6.1824,13.6476,221.01,266.1767
20.7,-4.2981,-7.3559,-6.2016,13.5684,220.509,266.2092
20.72,-4.3018,-7.3567,-6.2009,13.5659,220.316,266.2677
20.74,-4.3093,-7.3558,-6.1928,13.563,219.9693,266.367
20.76,-4.3223,-7.338,-6.1691,13.533,219.2506,266.4444
20.78,-4.3274,-7.308,-6.1199,13.6204,218.1553,266.6666
20.8,-4.3132,-7.2549,-6.0135,14.1383,217.2678,266.9731
20.82,-4.2003,-7.0954,-5.5791,16.75,216.3032,268.0797
20.84,-4.1036,-7.0385,-5.257,18.6482,215.5402,268.7941
20.86,-3.9821,-7.0041,-4.8606,20.7978,214.536,269.5435
20.88,-3.8446,-6.9802,-4.3801,23.059,213.6671,270.2787
20.9,-3.6955,-6.9476,-3.8207,25.5274,213.0013,271.11
20.92,-3.4034,-6.8096,-2.4869,31.1348,212.9067,273.4067
20.94,-3.2777,-6.6925,-1.7331,34.1011,213.5415,274.9764
20.96,-3.1696,-6.5417,-0.9445,37.396,214.6952,276.8604
20.98,-3.0859,-6.3614,-0.1411,40.224,216.1373,278.9608
21,-2.9796,-5.891,1.4494,45.7318,221.007,284.4244
21.02,-2.9508,-5.6196,2.2037,47.6534,224.0921,287.6503
21.04,-2.9358,-5.3335,2.9212,49.1948,227.6053,291.2115
21.06,-2.9246,-5.0511,3.5875,50.2762,231.655,295.0833
21.08,-2.9144,-4.7564,4.1918,50.96,235.7273,298.8966
21.1,-2.8838,-4.2359,5.1239,51.3257,242.2675,305.0425
21.12,-2.8627,-4.0066,5.4533,51.3062,244.3091,307.0939
21.14,-2.8385,-3.847,5.6489,51.3139,245.0995,308.0186
21.16,-2.7952,-3.7509,5.7393,51.4015,245.0995,308.1396
21.18,-2.7531,-3.7283,5.7274,51.3422,244.2476,307.3734
21.2,-2.6461,-3.9759,5.371,50.6295,240.7444,303.4684
21.22,-2.5795,-4.2348,5.01,49.643,238.6918,300.55
21.24,-2.5119,-4.6036,4.5145,47.8558,236.1508,296.7488
21.26,-2.436,-5.0556,3.8734,45.672,233.5656,292.7077
21.28,-2.3491,-5.565,3.0782,43.151,231.144,288.4645
21.3,-2.1598,-6.6221,0.9887,36.5238,227.2403,279.503
21.32,-2.0638,-7.0799,-0.3025,32.6412,225.7345,274.9355
21.34,-1.9864,-7.4275,-1.7234,28.2766,224.3723,270.3119
21.36,-1.9448,-7.6215,-3.239,23.8605,222.9727,265.9166
21.38,-1.9518,-7.6149,-4.7878,19.3278,221.8204,261.5513
21.4,-2.0262,-7.4133,-6.3107,14.9231,220.4641,257.8656
21.42,-2.3476,-6.5922,-9.0945,6.367,218.2301,251.8784
21.44,-2.5761,-6.0747,-10.2955,2.021,218.2416,249.3514
21.46,-2.84,-5.5472,-11.3491,358.0222,218.6905,247.2418
21.48,-3.1234,-5.0524,-12.2336,354.1288,219.9055,245.2193
21.5,-3.7142,-4.2375,-13.4706,348.8369,223.913,241.6619
21.52,-4.0126,-3.937,-13.8249,347.1199,225.8825,240.5652
21.54,-4.2862,-3.7405,-14.0167,346.1556,228.3542,239.6317
21.56,-4.5259,-3.6435,-14.073,345.8513,230.4604,239.0214
21.58,-4.7184,-3.6409,-14.0191,346.0097,231.9004,239.0164
21.6,-4.9591,-3.8808,-13.6519,346.836,232.4964,240.5496
21.62,-5.0019,-4.1145,-13.3527,347.3029,231.4148,242.208
21.64,-4.992,-4.3956,-12.9874,347.8542,229.362,244.3525
21.66,-4.9418,-4.7127,-12.551,348.3402,225.8863,247.141
21.68,-4.8501,-5.0582,-12.038,349.4,221.963,250.4299
21.7,-4.5729,-5.803,-10.7285,354.2381,215.7959,256.4603
21.72,-4.4108,-6.1725,-9.9322,357.7663,213.7484,258.8471
21.74,-4.2413,-6.5193,-9.0531,1.542,212.0573,260.9713
21.76,-4.0647,-6.8253,-8.0987,5.3266,210.9606,262.7354
21.78,-3.8916,-7.0894,-7.0816,9.0725,210.34,264.3437
21.8,-3.5683,-7.4299,-4.9213,16.0747,210.5742,267.4241
21.82,-3.4227,-7.5009,-3.8206,19.5795,211.0439,269.1831
21.84,-3.2922,-7.5107,-2.7265,23.4244,211.5205,271.2431
21.86,-3.1671,-7.4647,-1.6569,27.753,212.3838,273.5129
21.88,-3.0454,-7.3776,-0.6198,32.0939,214.0588,275.7002
21.9,-2.9405,-7.2333,0.3876,35.9087,216.5331,278.3459
21.92,-2.7257,-6.837,2.2008,42.3186,223.638,284.7152
21.94,-2.6251,-6.5861,3.0187,44.1038,228.4185,288.3758
21.96,-2.5357,-6.3115,3.7418,45.3298,233.3611,292.2641
21.98,-2.4587,-5.9976,4.3852,45.9701,239.0529,296.7122
22,-2.3973,-5.6569,4.9348,45.997,244.8299,300.9491
22.02,-2.3294,-4.9217,5.7589,44.0798,258.749,309.7497
22.04,-2.3537,-4.6022,6.0297,45.0867,260.095,311.6929
22.06,-2.4052,-4.3174,6.2248,47.6813,257.6136,312.0524
22.08,-2.4557,-4.0669,6.3681,50.6699,255.0867,312.0111
22.1,-2.5304,-3.8537,6.483,52.2874,254.3431,312.6543
22.12,-2.7161,-3.5104,6.6415,52.1358,256.6638,315.155
22.14,-2.8149,-3.4007,6.6863,51.8526,257.4164,316.0533
22.16,-2.9051,-3.3385,6.7077,51.3598,258.3587,316.88
22.18,-2.9897,-3.3385,6.7121,50.5966,259.4595,317.5289
22.2,-3.1088,-3.4707,6.6436,49.0501,261.5623,318.115
22.22,-3.1561,-3.6183,6.5493,48.657,261.4785,317.5479
22.24,-3.1747,-3.7869,6.3961,48.59,260.6216,316.5549
22.26,-3.1923,-3.9951,6.2043,48.6762,259.1298,315.0284
22.28,-3.1741,-4.2362,5.9553,48.9703,257.194,313.0466
22.3,-3.1275,-4.5053,5.6551,49.3882,254.807,310.688
22.32,-2.9709,-5.1733,4.8908,49.8592,248.8552,304.7129
22.34,-2.8674,-5.5291,4.4343,49.9647,245.0671,300.8145
22.36,-2.72,-5.9094,3.8818,49.6418,241.1977,296.6638
22.38,-2.5866,-6.3074,3.2811,48.8673,236.9114,292.1672
22.4,-2.3214,-7.0323,1.8927,46.069,228.7964,283.2702
22.42,-2.1955,-7.3488,1.0964,44.0501,224.9523,279.0634
22.44,-2.0882,-7.6097,0.2554,41.7136,221.123,275.1057
22.46,-1.9864,-7.8128,-0.6161,39.3657,218.0622,271.5818
22.48,-1.9045,-7.9636,-1.5184,36.8009,215.5126,268.3491
22.5,-1.8345,-8.0583,-2.4445,34.0828,213.3599,265.4453
22.52,-1.7461,-8.0696,-4.3064,28.9207,211.2904,260.715
22.54,-1.7219,-7.9786,-5.2186,26.5282,210.8962,258.5654
22.56,-1.7166,-7.8837,-6.14,23.8467,210.6396,256.3755
22.58,-1.7172,-7.7305,-7.0492,21.254,210.3984,254.2211
22.6,-1.7522,-7.2805,-8.8112,15.9838,210.0284,249.9328
22.62,-1.7883,-6.9853,-9.6547,13.3099,210.0092,247.9367
22.64,-1.834,-6.6381,-10.4616,10.667,210.197,245.9429
22.66,-1.8965,-6.2675,-11.2424,7.8948,210.5634,244.0268
22.68,-1.9772,-5.8584,-11.9859,5.0028,210.8968,242.2269
22.7,-2.1952,-4.9854,-13.3484,359.0407,211.4216,239.4103
22.72,-2.3294,-4.5384,-13.9474,356.2425,211.7768,238.2898
22.74,-2.4782,-4.1022,-14.4762,353.6787,212.2899,237.2719
22.76,-2.6365,-3.6814,-14.942,351.4159,212.7611,236.411
22.78,-2.7997,-3.2952,-15.3421,349.1826,213.3464,235.6025
22.8,-3.1276,-2.6772,-15.9355,345.7903,214.007,234.907
22.82,-3.282,-2.4663,-16.1234,344.5957,214.4494,234.7395
22.84,-3.428,-2.3266,-16.2414,343.7011,214.8516,234.7736
22.86,-3.563,-2.2639,-16.2921,343.0438,215.1393,235.0586
22.88,-3.6793,-2.2779,-16.274,342.6834,215.4633,235.4525
22.9,-3.8785,-2.5359,-16.0437,342.3335,216.2749,236.8663
22.92,-3.9536,-2.7653,-15.8345,342.6379,216.4828,237.7774
22.94,-4.0116,-3.0464,-15.5623,343.3043,216.5324,238.8412
22.96,-4.0526,-3.3815,-15.2312,344.1415,216.4425,240.1003
22.98,-4.0765,-3.7592,-14.8373,344.9248,216.3876,241.5752
23,-4.0671,-4.619,-13.8503,347.2352,215.5345,244.8988
23.02,-4.0317,-5.0808,-13.2548,349.018,214.6657,246.792
23.04,-3.9683,-5.5475,-12.5914,351.0996,213.7061,248.6907
23.06,-3.8775,-6.032,-11.8557,353.4279,212.8259,250.545
23.08,-3.7616,-6.5165,-11.0469,356.0751,212.1594,252.3138
23.1,-3.4806,-7.4394,-9.2542,2.1095,210.4763,255.7333
23.12,-3.3082,-7.851,-8.2388,5.5534,209.6325,257.4885
23.14,-3.1779,-8.1772,-7.2484,8.8807,209.1322,259.1202
23.16,-3.0426,-8.4735,-6.1837,12.439,208.98,260.8701
23.18,-2.9203,-8.6865,-5.0879,16.2905,209.0275,262.7371
23.2,-2.726,-8.9062,-2.8745,25.0719,210.6961,266.9984
23.22,-2.6579,-8.9011,-1.7757,29.8125,212.6211,269.1976
23.24,-2.6137,-8.8225,-0.7096,33.9177,215.2195,272.2491
23.26,-2.5847,-8.672,0.3182,37.4178,218.7093,275.6591
23.28,-2.5718,-8.4539,1.2965,40.6372,222.9643,279.6372
23.3,-2.5245,-7.8542,3.0386,45.4086,233.3136,288.6614
23.32,-2.4871,-7.5015,3.7901,46.9184,239.1429,293.5447
23.34,-2.4494,-7.1177,4.4669,47.7033,245.2963,298.6899
23.36,-2.4048,-6.7292,5.0696,47.8231,251.5186,303.57
23.38,-2.3474,-6.3461,5.5782,47.4253,257.3703,307.9254
23.4,-2.2229,-5.6609,6.3574,47.8025,264.7475,313.6476
23.42,-2.1576,-5.3622,6.6438,47.9301,266.6934,315.6191
23.44,-2.0778,-5.1074,6.8644,47.5323,268.8449,317.2771
23.46,-2.0145,-4.9085,7.036,47.2361,270.2791,318.4394
23.48,-1.9508,-4.7724,7.1532,47.1171,271.3021,319.2373
23.5,-1.7928,-4.6783,7.2128,47.3853,271.8604,319.5077
23.52,-1.7397,-4.7257,7.1771,47.6035,271.5565,319.1204
23.54,-1.6766,-4.8309,7.0808,47.6502,271.0839,318.3252
23.56,-1.6074,-5.0137,6.9142,47.6172,270.2713,317.0329
23.58,-1.5634,-5.2361,6.7065,47.557,269.0398,315.4306
23.6,-1.5187,-5.8118,6.0841,47.1774,265.0219,310.8248
23.62,-1.5102,-6.1538,5.6518,46.9155,261.9535,307.6438
23.64,-1.5246,-6.5157,5.1515,46.6969,258.1206,303.8475
23.66,-1.5199,-6.8853,4.5412,46.514,253.175,299.2119
23.68,-1.5406,-7.2737,3.8538,46.0829,247.2363,293.8186
23.7,-1.5932,-7.9792,2.2061,43.4223,235.3329,283.252
23.72,-1.6268,-8.2662,1.2632,41,230.1815,278.4103
23.74,-1.649,-8.4819,0.2486,38.3884,226.4879,274.4147
23.76,-1.6714,-8.6318,-0.8252,35.4988,223.3886,270.7151
23.78,-1.6831,-8.7114,-1.9538,32.5767,220.8334,267.3256
23.8,-1.6983,-8.646,-4.3155,26.0101,216.1309,260.8049
23.82,-1.7016,-8.4851,-5.5166,22.7725,213.9064,257.9336
23.84,-1.7031,-8.2347,-6.7122,19.3365,211.71,255.2137
23.86,-1.7098,-7.9108,-7.8849,15.6343,209.7234,252.8709
23.88,-1.7279,-7.5159,-9.019,11.8283,207.8788,250.9151
23.9,-1.7793,-6.5596,-11.1662,4.2412,204.4192,248.0237
23.92,-1.812,-6.0232,-12.1519,0.6034,203.4982,246.7026
23.94,-1.8521,-5.4606,-13.0719,357.2167,203.7057,245.0132
23.96,-1.9133,-4.8915,-13.9227,353.8896,204.3485,243.2408
23.98,-1.9926,-4.3264,-14.708,350.642,205.3669,241.3905
24,-2.2173,-3.2605,-16.0449,344.649,208.2667,237.9307
24.02,-2.3623,-2.7911,-16.5652,342.1671,209.5584,236.7215
24.04,-2.516,-2.3783,-16.9812,340.1923,210.8494,235.5983
24.06,-2.6824,-2.0306,-17.2957,338.5189,211.7825,234.8812
24.08,-2.8565,-1.7632,-17.5107,337.1425,212.3745,234.5691
24.1,-3.211,-1.5074,-17.6572,335.5297,213.0913,234.9064
24.12,-3.3825,-1.5335,-17.6045,335.1919,213.6926,235.3088
24.14,-3.5284,-1.6498,-17.4921,334.9012,214.7628,235.6624
24.16,-3.6779,-1.8812,-17.2993,335.2337,215.2215,236.4999
24.18,-3.8033,-2.1946,-17.0482,335.894,215.0561,237.8905
24.2,-4.0015,-3.0601,-16.3307,337.9215,213.7279,241.685
24.22,-4.0709,-3.5858,-15.8487,339.3689,212.5745,243.9564
24.24,-4.1145,-4.1554,-15.2664,341.1797,211.3157,246.3108
24.26,-4.1317,-4.7562,-14.5694,343.3487,209.8243,248.8039
24.28,-4.1188,-5.3645,-13.7546,345.9467,208.1787,251.3339
24.3,-4.0173,-6.5308,-11.7846,352.6602,205.0599,256.053
24.32,-3.9402,-7.0624,-10.6578,356.6021,203.5582,258.1975
24.34,-3.8487,-7.5482,-9.4528,0.8291,202.3095,260.1801
24.36,-3.7433,-7.9663,-8.1717,5.5257,201.4677,262.1371
24.38,-3.6369,-8.3183,-6.839,10.4579,201.1677,263.9172
24.4,-3.5271,-8.5834,-5.4779,15.9312,201.086,265.6774
24.42,-3.3071,-8.8508,-2.7276,27.5626,203.5229,269.167
24.44,-3.1958,-8.829,-1.3944,33.0228,205.8315,271.37
24.46,-3.0906,-8.7096,-0.1189,37.6491,208.9553,274.1117
24.48,-2.9841,-8.4851,1.0862,41.9231,212.8897,277.3827
24.5,-2.7834,-7.7845,3.2274,48.6747,223.6753,286.0419
24.52,-2.6808,-7.3395,4.1408,51.1341,230.6631,291.7223
24.54,-2.5806,-6.8705,4.9498,52.6512,238.3139,298.0955
24.56,-2.5097,-6.3785,5.6727,53.1634,246.1041,304.7661
24.58,-2.4264,-5.8966,6.2925,52.9412,254.1427,311.0975
24.6,-2.2779,-5.0189,7.2296,54.1325,263.2759,318.9593
24.62,-2.1987,-4.6523,7.554,53.9755,266.3248,321.7476
24.64,-2.1469,-4.3439,7.8057,53.5876,268.8074,323.9797
24.66,-2.0854,-4.0839,7.9798,53.784,270.0488,325.4151
24.68,-2.0219,-3.9082,8.0823,54.0468,270.617,326.1904
24.7,-1.9333,-3.7737,8.1291,54.6672,270.2334,326.205
24.72,-1.8927,-3.792,8.0845,54.9682,269.4726,325.5779
24.74,-1.8792,-3.8882,8.0039,54.9932,268.5899,324.6558
24.76,-1.8427,-4.066,7.8484,54.821,267.9072,323.5706
24.78,-1.8195,-4.3039,7.6591,54.3091,267.115,322.0978
24.8,-1.7967,-4.9044,7.1348,53.667,263.6093,317.5887
24.82,-1.7995,-5.2651,6.7871,53.6165,260.4667,314.3115
24.84,-1.796,-5.6594,6.3692,53.668,256.4232,310.3162
24.86,-1.8105,-6.0799,5.8889,53.5134,251.7925,305.8083
24.88,-1.8241,-6.5116,5.3396,53.1051,247.0794,301.1982
24.9,-1.8429,-7.39,4.0188,51.3638,236.7291,291.398
24.92,-1.8597,-7.8058,3.2531,49.8766,231.5596,286.5556
24.94,-1.875,-8.1896,2.4107,47.9487,226.842,282.0412
24.96,-1.8786,-8.5226,1.5045,45.599,222.8033,277.7817
24.98,-1.898,-8.8064,0.5469,42.9209,219.5742,274.1093
25,-1.9491,-9.163,-1.5023,37.1551,213.9478,267.9624
25.02,-1.9777,-9.2377,-2.5686,34.1401,211.8731,265.3967
25.04,-2.0133,-9.2386,-3.6435,31.1153,210.0104,263.095
25.06,-2.05,-9.1593,-4.7141,28.0984,208.2086,260.8497
25.08,-2.09,-9.0224,-5.7768,25.1114,206.6849,258.8939
25.1,-2.1788,-8.5597,-7.8144,19.2391,204.3804,255.4504
25.12,-2.2333,-8.238,-8.8202,16.2309,203.5006,253.9343
25.14,-2.2633,-7.8969,-9.7112,13.5411,202.9596,252.5827
25.16,-2.2987,-7.5107,-10.6079,10.6565,202.4099,251.2491
25.18,-2.3365,-7.0981,-11.4598,7.73,202.0005,249.9471
25.2,-2.4053,-6.1781,-13.0113,2.0625,202.0262,247.1635
25.22,-2.445,-5.694,-13.6957,359.4071,202.427,245.7501
25.24,-2.4923,-5.2108,-14.3112,356.9195,202.9889,244.3994
25.26,-2.546,-4.7411,-14.8577,354.6791,203.6464,243.1187
25.28,-2.6081,-4.2952,-15.3306,352.6889,204.2892,241.961
25.3,-2.7568,-3.5368,-16.0634,349.3985,205.3864,240.2216
25.32,-2.8422,-3.2458,-16.3204,348.1432,205.8976,239.6278
25.34,-2.9337,-3.0267,-16.5046,347.1417,206.3695,239.2427
25.36,-3.0283,-2.8859,-16.6181,346.3659,206.8811,239.0267
25.38,-3.1245,-2.8284,-16.661,345.7806,207.3655,239.0441
25.4,-3.3003,-2.9525,-16.544,345.438,208.135,239.8314
25.42,-3.393,-3.1518,-16.3572,345.4359,208.6796,240.5711
25.44,-3.4669,-3.4122,-16.1095,345.147,209.3462,241.2268
25.46,-3.5333,-3.7305,-15.7881,345.0735,209.9072,242.283
25.48,-3.5846,-4.1063,-15.3918,345.3994,210.1538,243.4194
25.5,-3.6474,-4.984,-14.3616,347.9624,209.2751,246.5398
25.52,-3.6555,-5.4676,-13.7197,349.586,208.7109,248.3031
25.54,-3.6469,-5.9648,-12.9852,351.7264,208.0338,250.092
25.56,-3.6231,-6.4665,-12.1627,354.234,207.2956,251.9773
25.58,-3.5835,-6.9609,-11.2617,357.0392,206.5032,253.9097
25.6,-3.4709,-7.8755,-9.2447,3.4556,204.7111,257.9267
25.62,-3.3994,-8.2811,-8.1524,7.0448,203.7984,259.9286
25.64,-3.3217,-8.6224,-7.0119,10.9442,203.101,261.8622
25.66,-3.2441,-8.8933,-5.8337,15.1518,202.6792,263.7878
25.68,-3.1633,-9.086,-4.642,19.5893,202.7303,265.6137
25.7,-3.0153,-9.2185,-2.2734,29.2278,204.2435,269.2455
25.72,-2.9428,-9.1621,-1.1323,33.8758,205.9072,271.4201
25.74,-2.8669,-9.022,-0.0423,38.5095,208.2516,273.8958
25.76,-2.7867,-8.8139,0.9834,42.6595,211.2528,276.6366
25.78,-2.7135,-8.5507,1.9407,46.148,214.7832,279.9383
25.8,-2.5615,-7.8948,3.6165,51.7702,223.6617,287.7439
25.82,-2.485,-7.5381,4.3269,53.5285,229.4114,292.5322
25.84,-2.4112,-7.1449,4.9596,54.6493,235.9905,297.8409
25.86,-2.3213,-6.7801,5.491,54.8532,243.2035,303.4256
25.88,-2.2415,-6.4098,5.9514,54.3316,250.7021,308.9538
25.9,-2.0814,-5.8301,6.6158,54.0933,259.424,315.2028
25.92,-2.0188,-5.6279,6.8349,54.9977,259.6854,316.1106
25.94,-1.9508,-5.485,6.9856,55.035,260.8304,317.1188
25.96,-1.8913,-5.3946,7.0722,55.3416,261.1805,317.5049
25.98,-1.8507,-5.3685,7.1111,55.6838,261.2271,317.6185
26,-1.8298,-5.3981,7.0815,55.7737,260.9615,317.3149
26.02,-1.8278,-5.6222,6.8593,54.968,259.0176,314.9331
26.04,-1.8356,-5.8263,6.6417,54.3289,257.313,312.9428
26.06,-1.8598,-6.0766,6.3648,53.5992,255.3238,310.597
26.08,-1.8865,-6.357,6.0182,52.8659,253.2898,308.1175
26.1,-1.9287,-6.6762,5.6011,51.956,250.8351,305.2198
26.12,-2.0212,-7.4017,4.4807,49.8893,242.584,296.9685
26.14,-2.0812,-7.7526,3.8469,48.6853,237.2957,292.2053
26.16,-2.1509,-8.0948,3.1164,47.1927,231.2806,286.9924
26.18,-2.2111,-8.4209,2.3002,45.2312,225.8711,282.3466
26.2,-2.3295,-8.9495,0.4815,40.0345,217.6967,275.0397
26.22,-2.3789,-9.134,-0.514,37.1745,214.9998,272.2334
26.24,-2.4308,-9.2605,-1.553,34.1563,212.8567,269.7061
26.26,-2.4772,-9.317,-2.6338,31.0359,210.8978,267.3937
26.28,-2.5202,-9.3036,-3.749,27.8105,209.0558,265.2042
26.3,-2.5862,-9.0592,-6.0355,21.2037,206.0921,261.1036
26.32,-2.62,-8.8335,-7.1696,17.7348,204.8987,259.2324
26.34,-2.65,-8.5424,-8.2839,14.3153,203.8824,257.5147
26.36,-2.6846,-8.1931,-9.3542,10.8985,203.1645,255.8949
26.38,-2.7227,-7.7938,-10.3796,7.6108,202.7941,254.4038
26.4,-2.8324,-6.8654,-12.2709,0.5262,202.5351,251.7818
26.42,-2.9054,-6.3464,-13.1272,356.881,202.0633,251.0219
26.44,-2.9851,-5.7913,-13.9147,353.1746,201.6286,250.3748
26.46,-3.068,-5.2221,-14.628,349.3412,201.8495,249.2759
26.48,-3.1608,-4.6593,-15.2554,346.5197,202.3557,248.2135
26.5,-3.3713,-3.6113,-16.2689,341.9496,203.8186,246.1035
26.52,-3.483,-3.1593,-16.6576,340.0856,204.5377,245.2296
26.54,-3.5923,-2.7789,-16.968,338.5222,205.1659,244.534
26.56,-3.6953,-2.4854,-17.1982,337.2751,205.6928,244.0549
26.58,-3.7879,-2.2881,-17.3458,336.3561,206.0052,243.883
26.6,-3.9281,-2.2129,-17.3967,335.5923,206.0942,244.4001
26.62,-3.9698,-2.3184,-17.312,335.7461,205.9539,244.9448
26.64,-3.9967,-2.5397,-17.1312,336.3161,205.6385,245.7477
26.66,-4.0002,-2.8373,-16.8818,337.2299,205.2435,246.6298
26.68,-3.9828,-3.204,-16.5577,338.3709,204.7839,247.588
26.7,-3.8912,-4.1128,-15.6642,341.4224,203.406,249.8837
26.72,-3.8186,-4.6368,-15.0867,343.5184,202.6264,251.1054
26.74,-3.7336,-5.1965,-14.4138,345.9879,201.8304,252.3568
26.76,-3.6371,-5.7758,-13.648,348.7971,201.0431,253.6616
26.78,-3.5333,-6.358,-12.7838,351.9329,200.2683,254.9766
26.8,-3.4239,-6.9327,-11.8335,355.294,199.5561,256.3123
26.82,-3.2008,-7.9828,-9.6945,2.6037,198.118,259.123
26.84,-3.0968,-8.4292,-8.5298,6.5469,197.4659,260.6289
26.86,-2.9975,-8.8061,-7.3175,10.7612,196.9502,262.2436
26.88,-2.9106,-9.1035,-6.0724,15.2982,196.6422,263.9557
26.9,-2.7583,-9.4353,-3.5768,26.0519,196.7831,267.1009
26.92,-2.7005,-9.4817,-2.3503,31.2202,197.6482,268.7515
26.94,-2.6384,-9.4448,-1.1715,36.1885,199.275,270.573
26.96,-2.5843,-9.3222,-0.0477,40.5814,201.1813,272.6766
26.98,-2.5417,-9.1085,1.0406,44.6136,204.45,275.3289
27,-2.4431,-8.508,2.9754,50.9373,214.0742,282.9425
27.02,-2.3793,-8.1616,3.8126,53.6377,221.3684,288.4088
27.04,-2.3104,-7.7881,4.5596,55.3258,228.5472,294.1033
27.06,-2.2446,-7.4312,5.2078,56.2729,236.0241,300.2958
27.08,-2.1716,-7.0645,5.7654,56.4776,244.3087,306.5842
27.1,-2.0472,-6.4245,6.5947,55.9801,255.6452,315.0092
27.12,-1.9768,-6.1785,6.8511,57.5737,255.7654,315.9193
27.14,-1.9316,-5.9746,7.0349,57.9264,256.7651,317.1319
27.16,-1.8986,-5.8463,7.1555,58.0011,257.7714,318.0466
27.18,-1.8552,-5.7859,7.1966,58.1843,257.9307,318.2644
27.2,-1.8094,-5.8506,7.1205,57.8931,257.0774,317.1724
27.22,-1.7907,-5.9938,6.978,57.584,255.3649,315.3481
27.24,-1.7777,-6.2028,6.7708,56.9629,253.9398,313.528
27.26,-1.7697,-6.458,6.4965,56.154,252.362,311.3957
27.28,-1.7878,-6.7526,6.1694,55.1638,250.3997,308.9392
27.3,-1.8199,-7.4325,5.2507,52.9026,244.2666,302.0957
27.32,-1.8683,-7.8078,4.6803,51.6625,239.752,297.6768
27.34,-1.9034,-8.1701,4.0207,50.3559,234.4201,292.7041
27.36,-1.9366,-8.5537,3.2561,48.7421,228.4037,287.3934
27.38,-1.9975,-8.8834,2.4505,46.7908,222.6079,282.6382
27.4,-2.0805,-9.4405,0.5774,41.0634,212.7145,274.6252
27.42,-2.1434,-9.6429,-0.4279,37.7839,209.4601,271.8414
27.44,-2.1902,-9.7734,-1.4838,34.5986,207.2537,269.5617
27.46,-2.2455,-9.8361,-2.5655,31.4155,205.7621,267.6219
27.48,-2.302,-9.8451,-3.6779,28.07,204.6184,265.8381
27.5,-2.4244,-9.6318,-5.9239,21.3858,202.5221,262.615
27.52,-2.4921,-9.4261,-7.0341,17.9139,201.5341,261.1667
27.54,-2.5624,-9.1405,-8.116,14.4938,200.6736,259.8448
27.56,-2.6371,-8.7958,-9.1533,11.1529,199.9637,258.6682
27.58,-2.7091,-8.3919,-10.1338,8.0772,199.5366,257.5328
27.6,-2.8495,-7.4693,-11.9201,1.9866,199.4546,255.1405
27.62,-2.9129,-6.9581,-12.7282,359.0623,199.798,253.8496
27.64,-2.9755,-6.4209,-13.4762,356.0517,200.2346,252.5442
27.66,-3.0382,-5.8728,-14.1604,353.2098,200.8614,251.1338
27.68,-3.0997,-5.3213,-14.7706,350.6464,201.7494,249.6368
27.7,-3.2182,-4.2638,-15.7874,346.4155,204.213,246.3535
27.72,-3.2788,-3.7862,-16.1948,344.6936,205.613,244.6698
27.74,-3.342,-3.3566,-16.542,343.2112,206.8206,243.2081
27.76,-3.4076,-2.9906,-16.8256,341.9638,207.7153,242.0985
27.78,-3.4709,-2.6992,-17.0445,340.9502,208.4622,241.2484
27.8,-3.5794,-2.3749,-17.2791,339.272,209.8565,240.1069
27.82,-3.6172,-2.3579,-17.2919,338.7917,210.3793,239.9539
27.84,-3.6404,-2.4274,-17.2359,338.6753,210.6438,240.1391
27.86,-3.6498,-2.5892,-17.1031,338.8798,210.7772,240.5331
27.88,-3.6421,-2.8509,-16.8825,339.3588,210.7428,241.1974
27.9,-3.5762,-3.5661,-16.239,340.9725,210.4404,242.9962
27.92,-3.5231,-4.0156,-15.8073,342.3705,209.7475,244.3893
27.94,-3.4584,-4.5068,-15.3018,343.9977,208.8968,245.9282
27.96,-3.3848,-5.0382,-14.7196,345.9128,207.8807,247.5876
27.98,-3.3001,-5.5908,-14.0649,348.1373,206.8297,249.2861
28,-3.117,-6.7406,-12.5107,353.4092,204.5414,252.9029
28.02,-3.0254,-7.3219,-11.6082,356.3673,203.4767,254.7517
28.04,-2.9297,-7.8678,-10.6254,359.6114,202.6266,256.5197
28.06,-2.8337,-8.3614,-9.5695,3.0964,201.979,258.2209
28.08,-2.7403,-8.8042,-8.4514,6.7413,201.5142,259.8657
28.1,-2.5681,-9.4545,-6.0794,14.6074,201.8647,262.9268
28.12,-2.4784,-9.6476,-4.8042,19.1123,202.4141,264.626
28.14,-2.4201,-9.7451,-3.639,24.0371,203.002,266.2258
28.16,-2.3489,-9.758,-2.4475,29.3495,203.6291,268.0722
28.18,-2.2869,-9.6861,-1.2919,34.5733,204.2943,270.2321
28.2,-2.1805,-9.3058,0.8991,44.3657,207.2087,275.4694
28.22,-2.1183,-9.0259,1.8915,48.2426,210.4966,278.5646
28.24,-2.0582,-8.6908,2.8134,51.5234,214.4501,282.0966
28.26,-2.0121,-8.2992,3.6678,54.3357,218.8476,286.1317
28.28,-1.9376,-7.9066,4.3932,56.7984,223.3263,290.3981
28.3,-1.8332,-7.0913,5.6201,60.7965,234.4834,301.0156
28.32,-1.7759,-6.7118,6.1033,62.0744,240.3996,306.3867
28.34,-1.7276,-6.3732,6.4956,62.9167,245.3827,310.9518
28.36,-1.6614,-6.0577,6.7934,63.3736,249.4666,314.664
28.38,-1.6545,-5.8163,7.053,63.5521,252.1813,317.2882
28.4,-1.6281,-5.4915,7.3477,64.2052,253.6909,319.1345
28.42,-1.6184,-5.4221,7.4028,64.1926,253.5173,318.9953
28.44,-1.6261,-5.4234,7.4101,64.5877,252.5414,318.3387
28.46,-1.6401,-5.4838,7.3655,64.3699,251.8905,317.6224
28.48,-1.663,-5.6289,7.2471,63.5686,250.7788,316.1815
28.5,-1.7412,-6.0767,6.8296,61.8567,246.3461,311.3841
28.52,-1.7934,-6.3571,6.5309,60.7795,243.4866,308.3837
28.54,-1.8582,-6.675,6.1593,59.5218,240.4012,305.1162
28.56,-1.9362,-7.0003,5.7274,58.1195,237.3015,301.7591
28.58,-2.004,-7.362,5.2064,56.4681,233.8057,297.9944
28.6,-2.1622,-8.0949,3.9434,52.7001,225.1687,289.5838
28.62,-2.256,-8.4442,3.2081,50.4096,220.1434,285.0309
28.64,-2.3475,-8.7771,2.3991,47.7514,215.1247,280.7177
28.66,-2.4359,-9.0711,1.527,44.8929,210.7882,277.2888
28.68,-2.5207,-9.3124,0.5906,41.6699,207.0426,274.3263
28.7,-2.6795,-9.6327,-1.4221,34.9254,202.2098,270.0432
28.72,-2.7442,-9.696,-2.4937,31.6708,200.525,268.3973
28.74,-2.8051,-9.6962,-3.5883,28.4327,199.0039,266.9167
28.76,-2.8639,-9.6351,-4.6978,25.1737,197.6061,265.5894
28.78,-2.9122,-9.5026,-5.809,21.9531,196.3952,264.3936
28.8,-2.9927,-9.048,-7.987,15.5322,194.7507,262.3407
28.82,-3.0186,-8.7199,-9.0271,12.3639,194.1651,261.2829
28.84,-3.0406,-8.3486,-10.0285,9.1394,193.7003,260.3112
28.86,-3.0574,-7.9306,-10.9766,5.8858,193.5153,259.2947
28.88,-3.0707,-7.4739,-11.8725,2.5644,193.4861,258.276
28.9,-3.0989,-6.4622,-13.4759,356.0763,193.9083,256.1939
28.92,-3.1173,-5.9245,-14.1782,353.0353,194.4028,255.1347
28.94,-3.1439,-5.3831,-14.8088,350.1723,195.0073,254.0611
28.96,-3.1788,-4.8532,-15.373,346.9966,195.9575,252.7666
28.98,-3.2237,-4.3512,-15.8615,344.3604,197.0962,251.3156
29,-3.3393,-3.4801,-16.6299,340.8487,199.1898,249.0125
29.02,-3.4081,-3.1338,-16.914,339.5542,200.1664,248.0686
29.04,-3.4815,-2.8589,-17.1362,338.4882,201.0292,247.3439
29.06,-3.5567,-2.6593,-17.2943,337.6426,201.7745,246.8463
29.08,-3.6319,-2.5415,-17.3881,337.0177,202.4651,246.5445
29.1,-3.7662,-2.5382,-17.3883,336.3869,203.6651,246.4964
29.12,-3.8242,-2.6424,-17.2951,336.3886,204.0889,246.7335
29.14,-3.8727,-2.8301,-17.1308,336.5392,204.408,247.0989
29.16,-3.904,-3.0714,-16.9193,337.0727,204.3754,247.7782
29.18,-3.9208,-3.368,-16.6542,337.9906,203.9774,248.73
29.2,-3.9051,-4.0957,-15.9648,340.3061,202.6357,251.0593
29.22,-3.8718,-4.524,-15.5265,341.8003,201.6735,252.3815
29.24,-3.8217,-4.9971,-15.0191,343.5984,200.694,253.7135
29.26,-3.7585,-5.5061,-14.4295,345.7463,199.7726,255.0239
29.28,-3.6837,-6.0415,-13.7552,348.2131,198.8311,256.3614
29.3,-3.503,-7.1336,-12.1406,354.0103,197.5587,258.7266
29.32,-3.4059,-7.6601,-11.1972,357.2628,197.2967,259.7919
29.34,-3.3056,-8.1557,-10.1807,0.6946,197.2863,260.8967
29.36,-3.2016,-8.6067,-9.0999,4.2471,197.4755,261.9735
29.38,-3.0987,-8.9941,-7.9596,7.9762,197.8122,263.0374
29.4,-2.9,-9.5618,-5.5787,16.1515,199.299,265.4901
29.42,-2.8057,-9.7322,-4.3729,20.637,200.4338,266.9167
29.44,-2.7163,-9.8232,-3.1763,25.3353,201.8864,268.7228
29.46,-2.6247,-9.8209,-2.0018,30.5807,203.5979,270.5807
29.48,-2.5432,-9.7242,-0.8595,35.7302,205.4734,272.9175
29.5,-2.3896,-9.2957,1.2578,45.97,210.4371,279.4566
29.52,-2.3138,-8.9917,2.2063,50.0443,213.4793,282.8955
29.54,-2.238,-8.6407,3.0724,53.3034,217.0231,286.4375
29.56,-2.1567,-8.2537,3.8492,56.2869,220.8332,290.1615
29.58,-2.088,-7.862,4.5406,58.9125,224.9837,294.1579
29.6,-1.9817,-7.0744,5.6717,62.8734,233.6945,302.577
29.62,-1.958,-6.7021,6.1251,64.0827,238.6184,307.2316
29.64,-1.9351,-6.3785,6.4888,64.653,243.4842,311.6395
29.66,-1.9449,-6.0882,6.7844,64.7983,247.3503,315.2134
29.68,-1.9415,-5.8866,6.987,64.6682,249.8144,317.4567
29.7,-2.0116,-5.6642,7.2093,64.3813,251.4204,319.0781
29.72,-2.0613,-5.6548,7.2172,64.2696,250.7252,318.5097
29.74,-2.1121,-5.7175,7.1589,64.144,249.2934,317.3048
29.76,-2.1878,-5.837,7.0361,63.4848,247.4583,315.5132
29.78,-2.2648,-6.0312,6.8328,62.6867,245.0843,313.1954
29.8,-2.4538,-6.5471,6.2359,60.6436,238.2284,306.7229
29.82,-2.5602,-6.8675,5.8255,59.2306,234.0942,302.8386
29.84,-2.6601,-7.2068,5.3347,57.6688,229.791,298.8541
29.86,-2.757,-7.5643,4.7616,55.7954,225.6049,294.7829
29.88,-2.8638,-7.9224,4.1122,53.6947,221.1025,290.7532
29.9,-3.0424,-8.6162,2.5381,47.7335,212.1504,282.5627
29.92,-3.1282,-8.9262,1.6266,43.792,207.8689,278.5885
29.94,-3.2019,-9.1822,0.6434,40.2133,204.4511,275.8297
29.96,-3.2701,-9.3924,-0.4118,36.6064,201.7122,273.7001
29.98,-3.3337,-9.5386,-1.522,33.0195,199.4716,271.9449
30,-3.4319,-9.608,-3.8704,25.7966,196.2191,269.254
30.02,-3.4736,-9.5234,-5.0762,22.2279,194.8499,268.1306
30.04,-3.5094,-9.3512,-6.2827,18.6222,193.5123,267.0855
30.06,-3.5398,-9.0994,-7.4768,14.8621,192.1641,266.0902
30.08,-3.5619,-8.7628,-8.634,11.2228,190.8882,265.2353
30.1,-3.6093,-7.9125,-10.7789,4.2344,189.0738,263.9729
30.12,-3.6388,-7.3921,-11.7971,0.6503,188.4724,263.3658
30.14,-3.6492,-6.8838,-12.6612,357.4012,188.257,262.7117
30.16,-3.6678,-6.3369,-13.4865,354.1726,188.2687,261.9804
30.18,-3.6881,-5.7903,-14.2265,351.1784,188.5043,261.2592
30.2,-3.7281,-4.7528,-15.4359,346.0144,189.4097,259.6714
30.22,-3.7458,-4.2909,-15.9103,343.8366,190.0316,258.8243
30.24,-3.7594,-3.8836,-16.3035,342.0314,190.5799,258.0723
30.26,-3.7683,-3.5419,-16.6127,340.6316,190.9456,257.4959
30.28,-3.7713,-3.2765,-16.8389,339.6322,191.1222,257.1642
30.3,-3.7539,-3.0001,-17.0564,338.7955,190.9334,257.1019
30.32,-3.7319,-2.9958,-17.0515,338.8593,190.8025,257.1488
30.34,-3.7028,-3.0741,-16.9807,339.1847,190.752,257.1557
30.36,-3.6603,-3.2478,-16.8285,339.9197,190.8318,257.0774
30.38,-3.6094,-3.4994,-16.6054,340.9404,191.0764,256.9101
30.4,-3.4851,-4.1678,-15.9663,343.7972,191.4246,256.8121
30.42,-3.4099,-4.5708,-15.5485,345.5137,191.3085,257.0666
30.44,-3.3275,-5.0117,-15.0619,347.4221,190.9794,257.5041
30.46,-3.2379,-5.4825,-14.5027,349.5643,190.3743,258.1155
30.48,-3.145,-5.9804,-13.8678,351.9607,189.4814,258.8887
30.5,-2.9526,-7.0101,-12.3505,357.554,187.4354,260.5431
30.52,-2.8606,-7.5196,-11.4682,0.7196,186.3406,261.416
30.54,-2.7734,-7.9967,-10.5098,4.0992,185.2255,262.287
30.56,-2.6978,-8.4324,-9.4802,7.6645,184.2171,263.0864
30.58,-2.632,-8.8101,-8.3919,11.4218,183.3781,263.8245
30.6,-2.5437,-9.3638,-6.0876,19.4658,182.162,265.0756
30.62,-2.517,-9.5355,-4.9058,23.7712,181.9342,265.646
30.64,-2.5077,-9.6378,-3.7165,28.4501,182.0281,266.3137
30.66,-2.5095,-9.667,-2.5378,33.2782,182.608,267.0824
30.68,-2.5216,-9.6297,-1.3857,37.8667,183.8063,268.0486
30.7,-2.5547,-9.3508,0.7867,46.4957,188.1635,270.9519
30.72,-2.5687,-9.1148,1.7745,50.1977,191.1233,273.0962
30.74,-2.5776,-8.8147,2.6882,53.8157,195.0462,276.0179
30.76,-2.5733,-8.4666,3.5145,57.3196,200.0339,279.7344
30.78,-2.5632,-8.0939,4.2421,60.0704,205.0191,283.7476
30.8,-2.5344,-7.3113,5.4349,64.0239,218.4409,295.1519
30.82,-2.5223,-6.925,5.9118,65.0533,225.9635,301.4549
30.84,-2.5048,-6.5846,6.2978,65.6134,231.7793,306.3217
30.86,-2.4841,-6.2903,6.604,65.991,235.7299,309.7908
30.88,-2.4777,-6.0502,6.8452,66.18,238.5777,312.3402
30.9,-2.4434,-5.7621,7.1153,67.1426,239.6165,313.5321
30.92,-2.443,-5.7149,7.1656,67.154,239.9359,313.843
30.94,-2.4207,-5.7266,7.1444,66.9675,240.0185,313.7512
30.96,-2.4156,-5.8031,7.0755,66.7319,238.9172,312.5982
30.98,-2.4138,-5.9631,6.9226,66.3324,236.4254,310.1386
31,-2.4115,-6.4216,6.4202,65.1121,230.0617,303.8239
31.02,-2.4188,-6.7138,6.0625,64.1754,226.1995,300.0442
31.04,-2.4258,-7.0375,5.6367,62.9431,222.2512,296.1345
31.06,-2.4422,-7.3829,5.1383,61.4169,217.9576,291.9126
31.08,-2.4478,-7.7396,4.5598,59.7004,213.5872,287.7871
31.1,-2.4816,-8.4534,3.1842,55.4965,204.7233,280.118
31.12,-2.4912,-8.7998,2.3443,52.8265,200.8066,276.8311
31.14,-2.5129,-9.1006,1.5198,50.0792,197.7733,274.3262
31.16,-2.5244,-9.3584,0.5931,47.042,195.1048,272.1748
31.18,-2.5445,-9.5756,-0.3889,43.7602,192.8646,270.3209
31.2,-2.5733,-9.8156,-2.5013,36.768,189.3925,267.4619
31.22,-2.5927,-9.8309,-3.5992,33.1606,188.2649,266.3981
31.24,-2.6032,-9.7545,-4.7041,29.4495,187.204,265.2195
31.26,-2.6169,-9.614,-5.814,25.8445,186.4771,264.3484
31.28,-2.6287,-9.4043,-6.9147,22.2797,185.7899,263.5539
31.3,-2.6414,-8.8072,-9.0538,15.2419,184.6434,262.2399
31.32,-2.6505,-8.4274,-10.0601,11.8681,184.4116,261.7022
31.34,-2.6613,-7.994,-11.0043,8.5911,184.3828,261.1416
31.36,-2.6692,-7.5157,-11.8904,5.4503,184.5036,260.5364
31.38,-2.6776,-7.0155,-12.7127,2.422,184.7906,259.8687
31.4,-2.6978,-5.9625,-14.1505,356.8702,185.9602,258.1522
31.42,-2.714,-5.4412,-14.7693,354.3462,186.8452,257.0949
31.44,-2.7372,-4.9317,-15.3211,351.677,187.8592,255.9888
31.46,-2.7691,-4.4512,-15.8039,349.5315,188.7892,254.9901
31.48,-2.809,-4.0082,-16.221,347.4715,189.6703,254.1067
31.5,-2.904,-3.2975,-16.8524,343.8926,190.9588,252.8641
31.52,-2.9558,-3.051,-17.0614,342.7915,191.2558,252.6613
31.54,-3.0065,-2.8832,-17.1986,341.9647,191.5363,252.5796
31.56,-3.0568,-2.8005,-17.2656,341.4191,191.6994,252.698
31.58,-3.1029,-2.7973,-17.2631,341.0061,191.851,253.0176
31.6,-3.1817,-3.036,-17.056,340.6924,191.8839,253.778
31.62,-3.2129,-3.2751,-16.8414,341.44,191.5573,254.4617
31.64,-3.2344,-3.5694,-16.566,342.5023,191.1616,255.2849
31.66,-3.2507,-3.9203,-16.224,343.7667,190.6108,256.1993
31.68,-3.2587,-4.3142,-15.8179,345.314,189.8993,257.1999
31.7,-3.2564,-5.2168,-14.7925,349.2161,188.17,259.331
31.72,-3.2464,-5.7104,-14.163,351.6424,187.3645,260.3164
31.74,-3.2301,-6.2201,-13.4527,354.3522,186.6127,261.2142
31.76,-3.2076,-6.7323,-12.6593,357.3029,185.9194,262.0484
31.78,-3.1772,-7.2216,-11.779,0.517,185.289,262.7612
31.8,-3.1082,-8.1081,-9.7701,7.3892,184.9768,263.696
31.82,-3.0702,-8.4827,-8.6649,11.1201,184.9208,264.1971
31.84,-3.0224,-8.7889,-7.5214,15.0448,184.8195,264.6966
31.86,-2.9712,-9.0383,-6.3512,19.1201,184.5888,265.2507
31.88,-2.9142,-9.2194,-5.1665,23.3311,184.3409,265.7783
31.9,-2.7872,-9.3396,-2.813,32.4033,183.3261,266.7314
31.92,-2.7064,-9.2788,-1.6766,37.4659,182.7691,267.2279
31.94,-2.6335,-9.1474,-0.5643,42.6191,182.6173,267.8407
31.96,-2.5522,-8.947,0.4928,47.1299,182.7252,268.3641
31.98,-2.4567,-8.6919,1.4869,51.3213,183.3997,268.9386
32,-2.2919,-8.0639,3.2783,58.9217,185.595,270.5406
32.02,-2.2149,-7.7088,4.0539,62.3994,187.1355,271.764
32.04,-2.1366,-7.339,4.7412,65.6041,189.7401,273.6747
32.06,-2.0545,-6.9537,5.3387,68.5728,193.6797,276.6437
32.08,-2.0005,-6.5869,5.8522,70.9663,198.9094,280.8892
32.1,-1.91,-5.9399,6.607,73.5119,211.2762,291.2596
32.12,-1.9182,-5.6839,6.8945,73.8241,217.2646,296.5275
32.14,-1.8836,-5.5124,7.0346,73.7473,220.5897,299.2704
32.16,-1.8782,-5.3803,7.1392,73.604,222.8163,301.1802
32.18,-1.8948,-5.3455,7.1716,73.1567,223.9159,302.0552
32.2,-1.9455,-5.4531,7.0634,71.573,224.155,301.8
32.22,-1.9881,-5.6294,6.8876,70.7033,222.0116,299.6474
32.24,-2.0459,-5.8456,6.6685,69.5023,219.3567,297.091
32.26,-2.1066,-6.1218,6.3677,67.904,216.8797,294.4851
32.28,-2.1821,-6.4201,6.0068,66.0997,214.1814,291.5996
32.3,-2.3175,-7.1114,5.0293,61.5764,207.7412,284.7552
32.32,-2.3968,-7.4889,4.4248,59.0665,204.3213,281.3534
32.34,-2.4533,-7.8822,3.7215,56.3396,201.07,278.231
32.36,-2.5119,-8.252,2.955,53.5329,198.3368,275.7862
32.38,-2.5872,-8.6255,2.1115,50.2663,195.5004,273.4565
32.4,-2.6841,-9.2237,0.1718,43.0641,190.6512,269.6944
32.42,-2.7401,-9.4282,-0.882,38.8008,188.6682,268.2542
32.44,-2.7892,-9.5623,-1.9872,34.829,187.3586,267.2397
32.46,-2.8328,-9.6174,-3.1191,31.3242,186.5855,266.5863
32.48,-2.8721,-9.5874,-4.2677,27.8766,185.846,265.9578
32.5,-2.9414,-9.3574,-6.6055,20.5222,184.2997,264.9252
32.52,-2.9568,-9.129,-7.7616,16.807,183.5941,264.4702
32.54,-2.9817,-8.8597,-8.8883,12.9331,183.1082,264.0904
32.56,-3.0085,-8.5263,-9.9626,9.0625,182.8538,263.8051
32.58,-3.05,-8.1456,-10.9663,5.4572,182.9074,263.65
32.6,-3.1274,-7.2263,-12.7541,358.02,183.7344,262.679
32.62,-3.164,-6.7256,-13.5379,354.9915,184.0231,262.2807
32.64,-3.1971,-6.2109,-14.24,352.2193,184.3023,261.8491
32.66,-3.2324,-5.6981,-14.8464,349.7464,184.7825,261.2797
32.68,-3.2706,-5.2102,-15.362,347.5456,185.5321,260.5358
32.7,-3.3472,-4.346,-16.1582,343.9539,187.4197,258.7458
32.72,-3.3853,-3.9993,-16.4519,342.5511,188.266,257.9629
32.74,-3.4219,-3.7269,-16.6773,341.421,188.9677,257.3449
32.76,-3.4551,-3.532,-16.8373,340.5943,189.4769,256.9435
32.78,-3.4858,-3.4223,-16.9265,340.0868,189.7225,256.8261
32.8,-3.5305,-3.4529,-16.8989,340.0081,189.9086,257.0331
32.82,-3.5422,-3.5813,-16.7847,340.4049,189.7745,257.3527
32.84,-3.5458,-3.805,-16.5782,341.2292,189.5087,257.8303
32.86,-3.5389,-4.081,-16.3098,342.3192,189.248,258.2666
32.88,-3.5219,-4.4132,-15.9715,343.7041,189.0291,258.6961
32.9,-3.4635,-5.2141,-15.0939,347.2456,188.3988,259.7336
32.92,-3.4191,-5.6597,-14.5593,349.3477,187.9254,260.3313
32.94,-3.3653,-6.1299,-13.9602,351.6465,187.303,260.9979
32.96,-3.3031,-6.6175,-13.2907,354.166,186.6145,261.67
32.98,-3.2338,-7.1121,-12.5484,356.9015,185.952,262.3247
33,-3.0839,-8.0704,-10.8457,2.965,184.9192,263.4321
33.02,-3.0102,-8.5103,-9.8929,6.2183,184.4924,263.921
33.04,-2.9313,-8.8981,-8.8926,9.5859,184.1483,264.3319
33.06,-2.8569,-9.2259,-7.8447,13.0979,183.8468,264.7142
33.08,-2.8004,-9.4973,-6.7529,16.7487,183.6857,265.1389
33.1,-2.688,-9.7955,-4.5401,24.6119,183.8143,266.0079
33.12,-2.6384,-9.8373,-3.391,29.254,184.0202,266.6809
33.14,-2.6243,-9.7938,-2.3445,33.7359,184.3499,267.5345
33.16,-2.6051,-9.6831,-1.2818,38.6733,185.2716,268.6886
33.18,-2.5924,-9.4981,-0.2519,43.1615,186.6842,270.1389
33.2,-2.5551,-8.9894,1.6261,50.9535,190.537,273.227
33.22,-2.5371,-8.6843,2.4505,54.1273,192.7423,275.0577
33.24,-2.5151,-8.3295,3.2094,57.1977,195.1097,277.1322
33.26,-2.4943,-7.9678,3.8904,60.0831,197.7529,279.4803
33.28,-2.4708,-7.6165,4.4836,62.7302,200.2444,281.9682
33.3,-2.4277,-6.9785,5.4315,67.0143,205.3325,286.9617
33.32,-2.4123,-6.7041,5.7915,68.5501,207.6263,289.1795
33.34,-2.4104,-6.4762,6.0873,69.6639,209.9607,291.3884
33.36,-2.4223,-6.3066,6.3115,70.3326,211.4071,292.8365
33.38,-2.4218,-6.1904,6.4564,70.6434,212.6344,293.9772
33.4,-2.4617,-6.1214,6.5754,70.2782,215.2745,296.2034
33.42,-2.4829,-6.1559,6.5426,69.6703,216.389,296.9624
33.44,-2.5303,-6.2657,6.4579,68.7802,216.7039,297.0203
33.46,-2.5757,-6.4448,6.2789,67.7175,216.2698,296.3202
33.48,-2.6259,-6.6582,6.0425,66.3904,215.2956,295.0832
33.5,-2.7092,-7.1885,5.3236,63.1003,211.1104,290.588
33.52,-2.7718,-7.4952,4.8676,61.143,208.2083,287.6967
33.54,-2.8099,-7.8134,4.3161,58.9561,204.8078,284.3531
33.56,-2.8638,-8.1607,3.6891,56.3906,201.3853,281.0863
33.58,-2.9044,-8.4815,2.9889,53.7786,198.6313,278.5895
33.6,-2.97,-9.0968,1.3574,47.7276,193.7298,274.3239
33.62,-3.011,-9.3517,0.4537,44.3846,191.6808,272.6135
33.64,-3.0189,-9.5683,-0.5584,40.4058,189.8137,270.8969
33.66,-3.0427,-9.6982,-1.5978,36.2717,188.328,269.4979
33.68,-3.0638,-9.7628,-2.6899,31.8218,187.1175,268.4122
33.7,-3.0862,-9.6309,-4.9289,24.7087,185.2326,266.9634
33.72,-3.0873,-9.4685,-6.0723,21.1723,184.2787,266.3508
33.74,-3.0844,-9.221,-7.1979,17.7554,183.449,265.7573
33.76,-3.0869,-8.9258,-8.3027,14.2878,182.9391,265.2957
33.78,-3.0863,-8.571,-9.3754,10.7923,182.6263,264.8582
33.8,-3.0959,-7.7302,-11.3685,3.2191,182.6332,263.7103
33.82,-3.1001,-7.2427,-12.2803,359.9093,182.6219,263.3149
33.84,-3.1094,-6.7381,-13.1314,356.6346,182.5888,262.9954
33.86,-3.1202,-6.2109,-13.9047,353.6135,182.8075,262.519
33.88,-3.1375,-5.6793,-14.5974,350.7853,183.3152,261.8806
33.9,-3.192,-4.6645,-15.7431,345.8398,184.7276,260.431
33.92,-3.2289,-4.2126,-16.1991,343.7731,185.4583,259.7326
33.94,-3.2711,-3.8198,-16.5793,341.9799,186.0209,259.2216
33.96,-3.3168,-3.4941,-16.8863,340.479,186.4553,258.8932
33.98,-3.3652,-3.2475,-17.1135,339.3109,186.7485,258.7375
34,-3.4563,-3.018,-17.3337,338.0045,187.1042,258.8359
34.02,-3.4948,-3.039,-17.3244,337.9,187.0439,259.1475
34.04,-3.5255,-3.1363,-17.2405,338.15,186.9861,259.4503
34.06,-3.5521,-3.3413,-17.057,338.8444,186.8453,259.8517
34.08,-3.5654,-3.6113,-16.8079,339.9293,186.6007,260.3242
34.1,-3.5602,-4.3454,-16.0807,343.0243,185.8123,261.3859
34.12,-3.5353,-4.8089,-15.5902,345.1274,185.2472,262.0243
34.14,-3.5132,-5.2812,-15.0512,347.3252,184.5707,262.6622
34.16,-3.4767,-5.8052,-14.4157,349.8986,183.8916,263.3076
34.18,-3.4321,-6.349,-13.7001,352.7155,183.1473,263.972
34.2,-3.329,-7.4344,-12.0162,359.0087,181.6472,265.1688
34.22,-3.277,-7.9517,-11.0486,2.4472,181.0818,265.6322
34.24,-3.222,-8.4158,-9.9982,6.0938,180.7322,265.9125
34.26,-3.1694,-8.8271,-8.8861,9.8627,180.5451,266.1335
34.28,-3.1206,-9.1745,-7.7237,13.7569,180.3345,266.338
34.3,-3.0329,-9.6131,-5.3009,22.262,179.8086,266.7312
34.32,-2.9974,-9.6962,-4.0704,27.2101,179.4884,267.1068
34.34,-2.9756,-9.7146,-2.8588,32.3723,179.0446,267.6217
34.36,-2.9521,-9.6361,-1.6686,37.9693,178.9695,268.3034
34.38,-2.9402,-9.4694,-0.5021,43.0256,179.5172,269.2147
34.4,-2.9225,-8.9606,1.6494,51.9584,183.1335,271.6964
34.42,-2.905,-8.6221,2.61,55.8147,185.4809,273.438
34.44,-2.8876,-8.2424,3.4969,59.5582,188.2228,275.7003
34.46,-2.8592,-7.8538,4.2869,62.9583,191.1954,278.1641
34.48,-2.7928,-7.4652,4.9627,66.0738,194.1032,280.7382
34.5,-2.674,-6.7273,6.062,71.2919,198.704,285.0234
34.52,-2.6067,-6.3908,6.4724,73.0578,199.9335,286.1476
34.54,-2.5163,-6.1118,6.7774,74.2536,200.9322,286.9398
34.56,-2.4403,-5.8585,7.0181,75.1411,201.7769,287.5736
34.58,-2.362,-5.68,7.1794,75.6317,202.5371,288.0603
34.6,-2.2347,-5.5303,7.323,75.7048,205.5143,290.2537
34.62,-2.1781,-5.5554,7.307,75.2947,207.1754,291.3399
34.64,-2.1277,-5.6488,7.2365,74.5463,208.3269,291.9042
34.66,-2.0757,-5.8444,7.0783,73.5474,208.6208,291.6199
34.68,-2.0623,-6.0825,6.876,72.3316,208.0598,290.6571
34.7,-2.007,-6.701,6.1895,69.1074,204.4806,286.3297
34.72,-1.9757,-7.0615,5.7051,67.0543,201.6692,283.2934
34.74,-2.002,-7.4448,5.164,64.7004,198.1726,279.9792
34.76,-2.011,-7.8425,4.5175,62.0374,194.0233,276.0156
34.78,-2.0271,-8.2292,3.7975,59.1767,190.0858,272.5721
34.8,-2.0746,-8.9485,2.0979,52.7251,185.3488,268.8878
34.82,-2.1127,-9.254,1.147,49.1579,183.6444,267.659
34.84,-2.1458,-9.5065,0.1278,45.507,182.5313,266.8606
34.86,-2.1853,-9.6872,-0.9428,41.727,181.6666,266.2125
34.88,-2.227,-9.8056,-2.0633,37.8515,180.9363,265.617
34.9,-2.3426,-9.8233,-4.3733,30.3935,179.7562,264.9691
34.92,-2.3886,-9.7141,-5.5682,26.6228,179.2823,264.764
34.94,-2.4483,-9.527,-6.7516,22.8527,178.7198,264.6642
34.96,-2.5144,-9.2672,-7.9146,19.1102,178.2162,264.6614
34.98,-2.581,-8.9263,-9.0413,15.4453,177.9566,264.6547
35,-2.7328,-8.0974,-11.1449,8.0692,178.0863,264.6165
35.02,-2.8135,-7.6245,-12.1144,4.369,178.2905,264.6071
35.04,-2.892,-7.1116,-13.0225,0.74,178.4709,264.6246
35.06,-2.973,-6.5778,-13.85,357.447,178.7604,264.6315
35.08,-3.0597,-6.0359,-14.5863,354.4291,179.1769,264.578
35.1,-3.2379,-4.9659,-15.7708,349.1778,180.5018,263.9905
35.12,-3.3353,-4.4542,-16.2414,346.9004,181.3609,263.4559
35.14,-3.4138,-4.0217,-16.5997,345.1389,182.2362,262.847
35.16,-3.4986,-3.6332,-16.899,343.5541,183.0378,262.314
35.18,-3.5816,-3.3194,-17.1284,342.3024,183.7058,261.9187
35.2,-3.7313,-2.9486,-17.4024,340.6517,184.5519,261.7458
35.22,-3.7954,-2.9004,-17.4465,340.268,184.564,262.0834
35.24,-3.8475,-2.9424,-17.4269,340.1615,184.4552,262.5337
35.26,-3.8894,-3.0603,-17.3419,339.9441,184.3318,263.0247
35.28,-3.9265,-3.2929,-17.1549,340.5427,184.1138,263.4917
35.3,-3.9511,-3.9364,-16.5758,342.9088,183.6218,264.4785
35.32,-3.9423,-4.348,-16.1712,344.5206,183.3072,264.9528
35.34,-3.9202,-4.809,-15.6906,346.4624,182.9047,265.4357
35.36,-3.8845,-5.3118,-15.1332,348.5646,182.4385,265.9695
35.38,-3.835,-5.8469,-14.4972,351.0773,181.8773,266.4564
35.4,-3.6975,-6.9701,-12.9815,356.9575,180.4418,267.4271
35.42,-3.61,-7.527,-12.0954,0.2619,179.7449,267.7891
35.44,-3.5157,-8.0547,-11.1203,3.7789,179.2523,267.9757
35.46,-3.4158,-8.5394,-10.0692,7.4212,178.9506,268.0527
35.48,-3.3086,-8.9591,-8.9527,11.1846,178.718,268.025
35.5,-3.0743,-9.558,-6.5853,19.0221,178.5916,267.6898
35.52,-2.9582,-9.7378,-5.3643,23.1628,178.6281,267.5208
35.54,-2.8364,-9.835,-4.1498,27.566,178.4145,267.3752
35.56,-2.719,-9.852,-2.9466,32.3506,177.9844,267.3529
35.58,-2.5998,-9.7899,-1.7785,37.4559,177.4533,267.4505
35.6,-2.3938,-9.4248,0.4494,47.1788,178.1612,268.2162
35.62,-2.2981,-9.1376,1.4767,51.2752,179.5971,268.8936
35.64,-2.1911,-8.7993,2.4168,55.4361,181.1751,269.6824
35.66,-2.098,-8.4238,3.2864,59.4661,182.6859,270.4911
35.68,-1.9979,-8.0307,4.0541,62.9369,183.9305,271.2371
35.7,-1.8174,-7.244,5.3164,68.7992,185.7301,272.4543
35.72,-1.7453,-6.8851,5.8117,71.1651,186.6864,273.1148
35.74,-1.684,-6.5518,6.2241,73.02,187.7645,273.8995
35.76,-1.6398,-6.2719,6.5523,74.3664,189.0509,274.9015
35.78,-1.6117,-6.0419,6.8009,75.2904,190.8959,276.4324
35.8,-1.5966,-5.7774,7.0798,75.9844,194.8766,279.8301
35.82,-1.6229,-5.7562,7.1202,75.8056,197.1107,281.7977
35.84,-1.641,-5.7845,7.0901,75.3215,199.2833,283.6402
35.86,-1.6898,-5.8911,7.0082,74.3451,201.2843,285.3172
35.88,-1.7493,-6.0675,6.8174,73.1223,202.5274,286.1865
35.9,-1.9035,-6.5728,6.235,69.7788,201.8378,285.1004
35.92,-1.9874,-6.8785,5.8289,67.7826,200.194,283.3428
35.94,-2.084,-7.2101,5.3438,65.509,197.8681,280.9591
35.96,-2.1679,-7.5732,4.7678,62.882,195.3591,278.4831
35.98,-2.2586,-7.9422,4.1126,59.9962,192.5567,275.7726
36,-2.4081,-8.6641,2.5525,53.8146,188.2119,272.108
36.02,-2.473,-8.9944,1.6592,50.4213,186.7671,270.8804
36.04,-2.5322,-9.2756,0.7059,46.926,185.5731,269.8557
36.06,-2.5703,-9.5192,-0.324,43.3101,184.273,268.9051
36.08,-2.6025,-9.7046,-1.4008,39.7108,182.8778,268.0508
36.1,-2.6227,-9.9024,-3.6976,32.1478,180.3167,266.7518
36.12,-2.6368,-9.8896,-4.9407,27.7488,178.8713,266.1721
36.14,-2.6318,-9.7731,-6.0696,23.9325,177.9683,265.8979
36.16,-2.643,-9.5699,-7.2399,19.5592,177.3589,265.8148
36.18,-2.6526,-9.2736,-8.3844,15.5475,177.029,265.7235
36.2,-2.6848,-8.4805,-10.5595,7.6238,176.9677,265.4957
36.22,-2.704,-7.9924,-11.5731,3.7171,177.2023,265.3407
36.24,-2.7339,-7.4693,-12.5193,0.1253,177.5497,265.1627
36.26,-2.7717,-6.913,-13.3914,356.3122,178.1083,264.7789
36.28,-2.816,-6.3361,-14.1839,353.0798,178.8273,264.3771
36.3,-2.925,-5.1769,-15.5339,347.2002,180.2783,263.4126
36.32,-2.9914,-4.6284,-16.0816,344.6576,181.1077,262.8641
36.34,-3.0647,-4.1198,-16.5466,342.4108,181.9731,262.2931
36.36,-3.1438,-3.6645,-16.9328,340.4496,182.8063,261.7731
36.38,-3.2262,-3.2728,-17.2441,338.7683,183.5673,261.3489
36.4,-3.391,-2.7255,-17.6531,336.3177,184.4567,261.1257
36.42,-3.4679,-2.5892,-17.7523,335.6145,184.4943,261.4072
36.44,-3.539,-2.5526,-17.7789,335.2746,184.4326,261.8283
36.46,-3.5995,-2.6089,-17.7356,335.3365,184.2755,262.3192
36.48,-3.6525,-2.7521,-17.6243,335.7959,183.9987,262.9044
36.5,-3.7292,-3.3228,-17.1514,337.9691,183.119,264.2365
36.52,-3.7447,-3.7064,-16.8125,339.566,182.5975,264.8746
36.54,-3.7475,-4.15,-16.3976,341.4747,182.0429,265.4867
36.56,-3.7376,-4.6453,-15.9065,343.6737,181.466,266.0793
36.58,-3.7144,-5.1822,-15.3361,346.1439,180.8507,266.64
36.6,-3.631,-6.3425,-13.9415,351.849,179.7229,267.5248
36.62,-3.5726,-6.9379,-13.1108,355.0337,179.3358,267.7873
36.64,-3.5035,-7.5168,-12.1888,358.4153,179.0282,267.9449
36.66,-3.4204,-8.0581,-11.1811,1.9967,178.7655,267.9796
36.68,-3.3276,-8.5516,-10.0988,5.717,178.5199,267.9581
36.7,-3.1191,-9.3264,-7.7583,13.6332,178.0003,267.7136
36.72,-3.0107,-9.5923,-6.5296,17.8421,177.8192,267.5002
36.74,-2.9081,-9.7771,-5.2828,22.2642,177.5417,267.3149
36.76,-2.8097,-9.8715,-4.0365,26.968,177.1192,267.1376
36.78,-2.7148,-9.866,-2.8026,32.0845,176.6907,267.1289
36.8,-2.544,-9.5593,-0.4082,43.0275,177.4688,267.9034
36.82,-2.4718,-9.2864,0.7264,47.7953,178.9063,268.7029
36.84,-2.3908,-8.9452,1.7977,52.1839,180.8384,269.7282
36.86,-2.2964,-8.5802,2.7802,56.366,182.9306,271.0229
36.88,-2.1983,-8.1743,3.6867,60.398,185.5788,272.8294
36.9,-1.9821,-7.3446,5.2156,67.9215,192.6648,277.7696
36.92,-1.8737,-6.9343,5.8217,70.7291,195.9637,280.4049
36.94,-1.7604,-6.5266,6.3287,73.0499,199.6745,283.3999
36.96,-1.6712,-6.1825,6.7377,74.5974,203.3235,286.4963
36.98,-1.5768,-5.8663,7.0525,75.7227,205.9209,288.6794
37,-1.421,-5.4394,7.4499,77.1631,207.6262,290.0651
37.02,-1.3609,-5.3374,7.5492,77.4374,208.0264,290.3557
37.04,-1.3106,-5.3028,7.5834,77.3335,208.847,290.95
37.06,-1.2814,-5.3577,7.5537,76.7775,210.2555,292.0341
37.08,-1.2723,-5.4798,7.474,75.8187,211.2208,292.6183
37.1,-1.2775,-5.9528,7.0608,73.2514,210.6755,291.3325
37.12,-1.3205,-6.2976,6.7364,71.4974,209.0768,289.4421
37.14,-1.3457,-6.6349,6.3567,69.7377,207.0286,287.0967
37.16,-1.4029,-7.0256,5.8838,67.643,203.868,283.8584
37.18,-1.4616,-7.4595,5.3114,65.2665,199.9069,280.1155
37.2,-1.6022,-8.3664,3.8915,59.2364,189.894,271.8777
37.22,-1.6816,-8.7889,3.0509,55.7192,186.0586,269.2502
37.24,-1.7759,-9.1705,2.1379,51.9709,183.9192,267.8651
37.26,-1.872,-9.4953,1.1407,48.0498,182.7282,267.1422
37.28,-1.9815,-9.7473,0.0889,44.2529,182.0365,266.833
37.3,-2.2201,-10.0442,-2.1681,36.7374,180.9789,266.6432
37.32,-2.341,-10.0827,-3.3643,32.8496,180.3938,266.5653
37.34,-2.4516,-10.0223,-4.5866,28.8176,179.7838,266.4413
37.36,-2.5631,-9.8754,-5.8352,24.2722,179.1049,266.3638
37.38,-2.6687,-9.6278,-7.0835,20.0558,178.5362,266.39
37.4,-2.8837,-8.857,-9.5179,10.7771,177.7739,266.6178
37.42,-2.9933,-8.3618,-10.6685,6.2651,177.7596,266.5089
37.44,-3.1086,-7.8163,-11.7575,2.3034,178.025,266.5713
37.46,-3.2197,-7.2207,-12.786,358.4177,178.412,266.5768
37.48,-3.334,-6.5948,-13.7289,354.7184,178.8766,266.5366
37.5,-3.5598,-5.3081,-15.338,347.8826,179.9789,266.3025
37.52,-3.6725,-4.687,-15.9948,344.8855,180.6461,266.0665
37.54,-3.7838,-4.1027,-16.5533,342.2237,181.3624,265.7538
37.56,-3.8934,-3.5711,-17.0166,339.8944,182.0906,265.4099
37.58,-4.0009,-3.1044,-17.3911,337.8671,182.7357,265.1628
37.6,-4.1989,-2.4133,-17.8963,334.957,183.2501,265.3254
37.62,-4.2862,-2.2157,-18.0295,334.0776,183.3646,265.5647
37.64,-4.3625,-2.124,-18.0869,333.6208,183.31,265.955
37.66,-4.4245,-2.137,-18.0702,333.5747,183.1268,266.4507
37.68,-4.4719,-2.2432,-17.9865,333.8887,182.8971,266.9623
37.7,-4.5289,-2.7776,-17.5641,335.8146,182.2215,268.0889
37.72,-4.529,-3.1606,-17.2447,337.3746,181.8761,268.5224
37.74,-4.5109,-3.6118,-16.8485,339.2669,181.5365,268.8677
37.76,-4.4743,-4.1228,-16.3739,341.4346,181.2262,269.1382
37.78,-4.4188,-4.68,-15.8203,343.8322,180.9119,269.3716
37.8,-4.2484,-5.8877,-14.4694,349.2959,180.1746,269.7903
37.82,-4.1366,-6.5155,-13.6611,352.4045,179.8283,269.8745
37.84,-4.0103,-7.1404,-12.756,355.7346,179.7295,269.7947
37.86,-3.8698,-7.7373,-11.7575,359.2935,179.7812,269.631
37.88,-3.7117,-8.2862,-10.6791,3.051,179.9043,269.397
37.9,-3.3665,-9.1978,-8.3304,11.0401,179.8356,268.9407
37.92,-3.1822,-9.5312,-7.0888,15.3534,179.6548,268.6701
37.94,-2.9982,-9.7712,-5.8202,19.8075,179.5035,268.3788
37.96,-2.8189,-9.9222,-4.5397,24.4592,179.3873,268.1302
37.98,-2.6482,-9.9736,-3.2576,29.4485,179.3673,267.9465
38,-2.3323,-9.8147,-0.779,40.4266,179.5963,268.2862
38.02,-2.186,-9.6084,0.3977,46.1427,179.3096,268.6084
38.04,-2.043,-9.3573,1.4977,51.0555,179.2598,268.863
38.06,-1.9042,-9.0457,2.5419,55.4072,180.5986,269.4663
38.08,-1.7693,-8.7082,3.5012,59.6055,182.6238,270.6384
38.1,-1.5029,-7.9279,5.1477,67.558,187.5446,273.6346
38.12,-1.3468,-7.5169,5.8253,71.0857,190.3281,275.5934
38.14,-1.2338,-7.1341,6.3456,73.8954,193.0756,277.7759
38.16,-1.143,-6.7887,6.8011,76.1538,196.0737,280.3888
38.18,-1.0339,-6.4705,7.1397,77.6471,199.3948,283.1544
38.2,-0.8918,-6.0395,7.5485,78.8609,204.0369,287.0452
38.22,-0.8242,-5.9045,7.6243,78.9755,205.8465,288.4969
38.24,-0.8015,-5.8691,7.6532,78.6552,207.5617,289.9025
38.26,-0.7508,-5.9088,7.5802,77.893,209.0304,290.8849
38.28,-0.7293,-6.0258,7.4644,76.9187,208.6796,290.2269
38.3,-0.7415,-6.4971,7.0048,74.5375,205.5292,286.7908
38.32,-0.7566,-6.8187,6.6596,72.8257,202.8741,284.0571
38.34,-0.7872,-7.1802,6.2389,70.8386,199.9857,281.1552
38.36,-0.8515,-7.5677,5.7488,68.5944,195.8854,277.27
38.38,-0.9137,-7.9752,5.1605,65.7679,190.2491,272.3901
38.4,-1.0605,-8.7965,3.7199,59.3794,184.8598,268.1466
38.42,-1.1335,-9.1594,2.8816,56.0597,182.9138,266.8485
38.44,-1.2331,-9.5186,1.9701,52.5258,181.3715,266.0274
38.46,-1.3043,-9.8247,0.953,48.7929,179.6914,265.2794
38.48,-1.3887,-10.0672,-0.111,45.0953,178.2252,264.8345
38.5,-1.5871,-10.3487,-2.3763,37.3895,176.1028,264.6266
38.52,-1.697,-10.3784,-3.566,33.3921,175.5922,264.8208
38.54,-1.8106,-10.3063,-4.7746,29.3542,175.232,265.0157
38.56,-1.9255,-10.1498,-5.995,25.32,174.7605,265.2958
38.58,-2.0456,-9.9113,-7.2134,21.2435,174.3051,265.6224
38.6,-2.2935,-9.1965,-9.5802,12.8638,173.8062,266.4024
38.62,-2.4261,-8.7366,-10.6975,7.6309,173.7685,266.8584
38.64,-2.5629,-8.2283,-11.7508,3.061,173.9839,267.085
38.66,-2.6964,-7.6691,-12.7313,358.9774,174.4835,267.3405
38.68,-2.8224,-7.0735,-13.6409,355.4128,175.1034,267.5096
38.7,-3.0525,-5.8143,-15.2277,348.5742,176.455,267.4998
38.72,-3.1584,-5.1787,-15.8969,345.4424,177.2877,267.2664
38.74,-3.2595,-4.5579,-16.4813,342.3251,178.1427,266.9615
38.76,-3.3563,-3.9744,-16.9846,339.6494,178.9892,266.5422
38.78,-3.4519,-3.4454,-17.4045,337.2843,179.8066,266.1278
38.8,-3.6343,-2.5943,-18.0192,333.7129,180.9982,265.7051
38.82,-3.7201,-2.2967,-18.2176,332.4479,181.3236,265.7376
38.84,-3.8023,-2.1006,-18.3419,331.5495,181.6028,265.845
38.86,-3.8796,-2.0091,-18.3945,331.0863,181.7232,266.1215
38.88,-3.949,-2.0243,-18.3788,331.0791,181.6757,266.5118
38.9,-4.0659,-2.3519,-18.1384,332.2745,181.2184,267.5914
38.92,-4.1085,-2.6473,-17.9145,333.438,180.8747,268.1727
38.94,-4.138,-3.0129,-17.6254,334.8907,180.6245,268.6494
38.96,-4.1528,-3.4377,-17.2674,336.5819,180.5388,268.9745
38.98,-4.1521,-3.9155,-16.8394,338.4473,180.687,269.1533
39,-4.0953,-4.9885,-15.7789,342.7916,181.2758,269.2545
39.02,-4.0357,-5.5651,-15.1384,345.2568,181.6014,269.1903
39.04,-3.9556,-6.1579,-14.4164,348.0034,181.9036,269.1426
39.06,-3.8506,-6.7462,-13.6114,350.9331,182.341,268.9906
39.08,-3.7242,-7.3231,-12.7258,354.1308,182.5912,268.9406
39.1,-3.4178,-8.4023,-10.7413,0.9584,182.839,269.022
39.12,-3.2237,-8.8984,-9.6158,4.9456,182.9642,268.9493
39.14,-3.0663,-9.3109,-8.5336,8.7849,183.0329,268.9956
39.16,-2.8906,-9.6908,-7.3765,12.9048,183.135,269.1046
39.18,-2.7119,-9.9951,-6.1959,17.3224,183.2884,269.2591
39.2,-2.3691,-10.3693,-3.8166,26.4823,183.4379,269.6627
39.22,-2.2096,-10.4385,-2.6506,31.2368,183.4162,269.8421
39.24,-2.0746,-10.391,-1.4818,36.5205,183.2029,269.8546
39.26,-1.9201,-10.2667,-0.3929,41.9557,182.7834,269.7445
39.28,-1.7882,-10.0511,0.6536,47.3646,181.7636,269.5793
39.3,-1.5317,-9.3917,2.5354,56.5682,177.9084,267.6768
39.32,-1.4031,-8.9929,3.3575,60.1469,176.0913,266.1019
39.34,-1.2792,-8.5598,4.1091,63.4909,172.8674,263.3574
39.36,-1.1615,-8.1049,4.7753,66.5463,169.3921,260.2294
39.38,-1.0544,-7.6468,5.3622,69.3486,166.1171,257.0699
39.4,-0.8741,-6.7633,6.3035,73.9695,160.4945,250.9648
39.42,-0.816,-6.3911,6.6695,75.3951,158.6241,248.7532
39.44,-0.7682,-6.0368,6.9771,76.5596,157.3369,246.9961
39.46,-0.7076,-5.7599,7.214,77.522,156.8697,246.0142
39.48,-0.6938,-5.5327,7.4189,78.4244,157.399,246.0506
39.5,-0.6738,-5.2697,7.6512,79.4399,164.4689,251.9703
39.52,-0.6831,-5.2395,7.695,79.5866,169.563,256.5661
39.54,-0.6982,-5.277,7.6871,79.4552,174.998,261.46
39.56,-0.7361,-5.3686,7.6409,78.9901,179.5264,265.5956
39.58,-0.7943,-5.5392,7.5146,78.3261,182.4078,268.2608
39.6,-0.9115,-6.0132,7.0668,75.7643,185.766,271.3406
39.62,-0.982,-6.319,6.7385,74.1378,185.5651,271.113
39.64,-1.0607,-6.6504,6.336,72.1114,182.452,268.3433
39.66,-1.1476,-7.0318,5.8485,69.6444,179.7861,266.2089
39.68,-1.2359,-7.4067,5.2811,66.8124,176.8705,264.0124
39.7,-1.4581,-8.1855,3.9043,60.6002,172.6687,261.8097
39.72,-1.5639,-8.5312,3.0968,57.6311,172.1994,262.022
39.74,-1.6908,-8.8582,2.2277,54.5562,171.9877,262.5268
39.76,-1.8162,-9.1487,1.2882,51.3279,171.9517,263.1034
39.78,-1.9375,-9.3906,0.2864,48.0169,171.9579,263.6962
39.8,-2.159,-9.7086,-1.884,40.9585,171.7469,264.6877
39.82,-2.256,-9.7701,-3.0364,37.1274,171.3139,265.0601
39.84,-2.348,-9.7539,-4.2091,33.1601,170.8764,265.3642
39.86,-2.424,-9.6741,-5.4097,28.827,170.5955,265.5986
39.88,-2.4988,-9.5104,-6.5948,24.794,170.5693,265.9621
39.9,-2.6302,-8.952,-8.8956,17.234,171.1623,266.8557
39.92,-2.6809,-8.573,-9.9944,13.4058,171.4139,267.1768
39.94,-2.7242,-8.1465,-11.0464,9.5763,171.5921,267.5243
39.96,-2.7626,-7.6663,-12.0282,5.819,171.7978,267.773
39.98,-2.7969,-7.1537,-12.9413,2.1739,172.0517,268.0382
40,-2.8584,-6.0694,-14.5237,353.7538,172.7239,268.2819
40.02,-2.8835,-5.5257,-15.1901,350.1312,173.3933,268.1817
40.04,-2.9061,-4.996,-15.7756,346.6992,174.0386,267.741
40.06,-2.928,-4.495,-16.2785,344.0028,174.792,267.3235
40.08,-2.951,-4.0374,-16.7021,341.7048,175.5625,266.8389
40.1,-3.0028,-3.3003,-17.3322,337.6665,176.8524,265.9829
40.12,-3.0317,-3.0333,-17.5547,336.3497,177.2592,265.8349
40.14,-3.0573,-2.8708,-17.6922,335.5229,177.5084,265.8149
40.16,-3.0851,-2.7873,-17.7732,335.0592,177.4956,266.0341
40.18,-3.1141,-2.7959,-17.7819,334.9764,177.3149,266.3947
40.2,-3.1705,-3.0728,-17.5806,335.8699,176.819,267.2795
40.22,-3.1959,-3.3364,-17.3607,336.923,176.5918,267.6534
40.24,-3.2162,-3.6624,-17.0703,338.2681,176.4244,267.9446
40.26,-3.233,-4.0524,-16.7042,339.8877,176.4258,268.1252
40.28,-3.2454,-4.4949,-16.2625,341.6755,176.6601,268.1663
40.3,-3.2527,-5.4913,-15.1455,346.0519,177.399,268.1171
40.32,-3.2431,-6.0196,-14.4761,348.5566,177.7029,268.2022
40.34,-3.2226,-6.5539,-13.7326,351.3005,177.7585,268.362
40.36,-3.1995,-7.09,-12.8999,354.3163,177.7165,268.5937
40.38,-3.1674,-7.6042,-11.9912,357.5841,177.6726,268.7877
40.4,-3.0974,-8.53,-9.9442,4.7263,177.6552,269.0027
40.42,-3.059,-8.9165,-8.8254,8.5652,177.7551,269.0488
40.44,-3.0212,-9.2368,-7.6537,12.5792,177.9816,269.0458
40.46,-2.9848,-9.4973,-6.4537,16.8573,178.4001,269.1836
40.48,-2.9462,-9.6863,-5.2397,21.626,178.85,269.3805
40.5,-2.8599,-9.837,-2.8176,32.1506,179.4772,269.8422
40.52,-2.8205,-9.8093,-1.6467,37.5768,179.3592,270.1775
40.54,-2.7597,-9.7131,-0.5309,43.3259,179.1009,270.4489
40.56,-2.703,-9.5506,0.5331,48.6662,178.3324,271.0176
40.58,-2.6319,-9.3356,1.5251,53.2041,177.3884,270.963
40.6,-2.4636,-8.79,3.2614,60.6536,178.3172,271.3489
40.62,-2.3606,-8.4658,3.9885,64.1674,178.7398,271.2175
40.64,-2.2691,-8.1352,4.6226,67.1981,178.6351,270.9297
40.66,-2.1464,-7.8002,5.1383,69.9776,178.1456,270.1873
40.68,-2.0436,-7.4724,5.5682,72.2689,177.672,269.4913
40.7,-1.8556,-6.9397,6.1444,74.9127,177.8328,268.9114
40.72,-1.7833,-6.7602,6.3169,75.4255,178.582,269.2295
40.74,-1.7029,-6.6283,6.4132,75.6333,179.326,269.545
40.76,-1.6431,-6.5688,6.4425,75.5075,180.1631,270.1052
40.78,-1.5992,-6.5831,6.4155,75.0716,181.184,270.8624
40.8,-1.549,-6.7988,6.1754,73.2235,183.9502,273.015
40.82,-1.5458,-7.0013,5.9606,71.8997,184.9404,273.7484
40.84,-1.5537,-7.2383,5.6798,70.3457,185.6045,274.1828
40.86,-1.57,-7.5248,5.3219,68.5053,185.5819,274.0294
40.88,-1.6038,-7.8334,4.8884,66.3276,184.6981,273.2531
40.9,-1.6713,-8.4827,3.7524,60.902,181.1154,269.9947
40.92,-1.7149,-8.7973,3.0589,57.4205,178.8983,268.054
40.94,-1.7601,-9.0916,2.2731,53.6863,176.9899,266.555
40.96,-1.8092,-9.3418,1.418,49.876,175.7328,265.7516
40.98,-1.8682,-9.5479,0.4987,45.9662,174.7886,265.4021
41,-1.9696,-9.8142,-1.5346,38.1634,173.2005,265.1787
41.02,-2.0237,-9.8668,-2.6181,34.0192,172.351,265.2088
41.04,-2.0749,-9.8603,-3.7375,29.7351,171.5088,265.2991
41.06,-2.1243,-9.7884,-4.8767,26.093,170.9513,265.6197
41.08,-2.1772,-9.6406,-6.0162,22.5616,170.4262,266.0569
41.1,-2.3078,-9.1391,-8.24,15.5849,170.0371,267.1708
41.12,-2.3916,-8.7749,-9.3451,11.7096,170.0448,267.6905
41.14,-2.4517,-8.385,-10.3246,7.632,170.0284,267.8949
41.16,-2.5261,-7.9371,-11.2957,4.1191,170.0932,268.3815
41.18,-2.6036,-7.4554,-12.2089,0.8779,170.2935,268.8084
41.2,-2.772,-6.4411,-13.8397,354.6486,171.1617,269.4057
41.22,-2.8614,-5.9315,-14.5478,351.7049,171.6508,269.6108
41.24,-2.9523,-5.4366,-15.1835,348.5204,172.1949,269.5916
41.26,-3.0483,-4.9703,-15.736,346.0087,172.7244,269.703
41.28,-3.1465,-4.5402,-16.2053,343.8216,173.2243,269.8207
41.3,-3.343,-3.8332,-16.9033,340.2252,174.1214,270.0674
41.32,-3.4395,-3.5726,-17.137,338.8939,174.3673,270.3069
41.34,-3.534,-3.389,-17.2976,337.868,174.5766,270.6158
41.36,-3.6247,-3.2884,-17.3836,337.2349,174.7004,270.9705
41.38,-3.7077,-3.2705,-17.3997,336.9903,174.769,271.3464
41.4,-3.8456,-3.4635,-17.2339,337.7068,174.4115,272.2432
41.42,-3.9042,-3.6861,-17.0338,338.7064,174.101,272.7085
41.44,-3.9467,-3.9668,-16.7731,339.9881,173.8177,273.0513
41.46,-3.9762,-4.3095,-16.4429,341.5411,173.6079,273.2741
41.48,-3.9923,-4.7072,-16.0445,343.3254,173.4284,273.4395
41.5,-3.9748,-5.6244,-15.0353,347.5464,172.9683,273.6518
41.52,-3.939,-6.1309,-14.4213,349.9737,172.6841,273.6897
41.54,-3.8851,-6.6543,-13.729,352.6151,172.3489,273.6257
41.56,-3.8137,-7.1843,-12.962,355.4743,171.9124,273.4953
41.58,-3.7266,-7.7052,-12.1156,358.5539,171.404,273.2686
41.6,-3.5138,-8.6715,-10.2068,5.2415,170.2447,272.4835
41.62,-3.3947,-9.0893,-9.1559,8.8168,169.7254,271.8958
41.64,-3.271,-9.4508,-8.0589,12.5687,169.2891,271.2242
41.66,-3.148,-9.7387,-6.9182,16.5389,168.8312,270.4682
41.68,-3.0267,-9.9476,-5.7515,20.7112,168.3599,269.6567
41.7,-2.7937,-10.1305,-3.406,30.2462,167.0001,267.9722
41.72,-2.6828,-10.097,-2.2532,35.5798,165.5544,266.9684
41.74,-2.5791,-9.9877,-1.1297,41.1551,163.3654,265.7757
41.76,-2.4839,-9.812,-0.0515,46.335,160.7364,264.3235
41.78,-2.3964,-9.5806,0.9792,50.5563,160.0237,263.1032
41.8,-2.233,-8.9974,2.8418,58.3642,159.0555,260.5585
41.82,-2.1484,-8.6632,3.6525,62.1467,158.3728,259.0316
41.84,-2.0693,-8.3226,4.3688,65.7153,157.2997,257.2059
41.86,-1.978,-7.9745,4.9801,68.9157,155.7894,255.0598
41.88,-1.8977,-7.6439,5.4814,71.2146,154.239,252.9908
41.9,-1.7254,-7.0693,6.1637,73.7533,152.481,249.8613
41.92,-1.6523,-6.8432,6.3698,74.4402,152.2499,249.0767
41.94,-1.5922,-6.6812,6.4983,74.9491,153.6143,249.8333
41.96,-1.5135,-6.5881,6.5365,75.1082,156.0503,251.6117
41.98,-1.4515,-6.578,6.5114,74.8778,158.821,253.8157
42,-1.3418,-6.7846,6.2534,73.4174,164.1915,258.2177
42.02,-1.2839,-6.9949,6.0059,72.1879,166.1889,259.7932
42.04,-1.2417,-7.2686,5.689,70.6164,167.7033,261.0105
42.06,-1.2012,-7.5629,5.2948,68.6945,168.5207,261.4613
42.08,-1.1838,-7.893,4.8222,66.1888,168.7294,261.4301
42.1,-1.1603,-8.5623,3.6033,60.0107,167.2793,260.1501
42.12,-1.16,-8.8966,2.83,56.146,165.7468,259.0033
42.14,-1.1627,-9.1774,2.0422,52.6901,165.0444,258.9265
42.16,-1.1715,-9.4276,1.1494,49.044,164.5577,259.2061
42.18,-1.1876,-9.6336,0.1894,45.3799,164.4476,259.6849
42.2,-1.2688,-9.8671,-1.8831,38.2484,165.0069,261.1639
42.22,-1.3292,-9.8792,-2.9827,34.7305,165.5505,261.9916
42.24,-1.4019,-9.8117,-4.0998,31.2343,166.0023,262.782
42.26,-1.4889,-9.6897,-5.2338,27.7306,166.3835,263.5868
42.28,-1.5842,-9.4889,-6.3564,24.3059,166.6423,264.3583
42.3,-1.8173,-8.9258,-8.5333,17.4924,167.1743,266.0073
42.32,-1.9551,-8.5636,-9.5518,14.2197,167.5252,266.8214
42.34,-2.1029,-8.1635,-10.519,10.9927,168.043,267.591
42.36,-2.2577,-7.7318,-11.4279,7.6634,168.6045,268.2382
42.38,-2.4146,-7.2763,-12.282,4.5672,169.1156,268.8857
42.4,-2.722,-6.3092,-13.802,358.7628,170.0162,269.9542
42.42,-2.8742,-5.8225,-14.4588,356.0451,170.5047,270.3993
42.44,-3.025,-5.3462,-15.042,353.5378,170.9756,270.813
42.46,-3.1716,-4.8937,-15.5526,351.2313,171.573,271.0751
42.48,-3.3139,-4.4799,-15.9954,349.106,172.3214,271.1754
42.5,-3.581,-3.7671,-16.7013,345.2419,173.5208,271.517
42.52,-3.7039,-3.4847,-16.9717,343.7701,173.6628,272.0375
42.54,-3.8209,-3.2644,-17.181,342.4656,173.8463,272.5531
42.56,-3.9329,-3.1099,-17.3286,341.568,173.9386,273.1202
42.58,-4.0372,-3.0218,-17.4106,341.0551,173.9672,273.6948
42.6,-4.2066,-3.0318,-17.3914,341.1082,173.2871,275.1432
42.62,-4.2737,-3.1246,-17.2934,341.6304,172.5455,276.0651
42.64,-4.3315,-3.2922,-17.1213,342.5117,171.6737,276.9679
42.66,-4.373,-3.5165,-16.892,343.7055,170.8992,277.7039
42.68,-4.4027,-3.8017,-16.5967,345.1871,170.2794,278.225
42.7,-4.4142,-4.5107,-15.8345,348.7451,169.5593,278.8961
42.72,-4.3946,-4.9237,-15.3671,349.8979,169.1931,278.8694
42.74,-4.365,-5.378,-14.8202,351.7076,169.7599,278.0836
42.76,-4.3185,-5.8301,-14.2171,353.6244,170.4304,277.6632
42.78,-4.2487,-6.2864,-13.5625,355.611,170.4009,277.6843
42.8,-4.0451,-7.2025,-12.086,1.0779,168.3916,277.4709
42.82,-3.9236,-7.6366,-11.2526,4.0786,167.4982,276.9576
42.84,-3.7946,-8.0418,-10.3561,7.142,166.9909,276.1269
42.86,-3.6591,-8.4159,-9.4072,10.1864,166.8919,275.1072
42.88,-3.5126,-8.7318,-8.4156,13.4298,166.7123,274.0354
42.9,-3.2335,-9.1933,-6.3565,19.938,166.9207,271.8452
42.92,-3.1053,-9.3185,-5.3101,23.3713,167.3213,270.7667
42.94,-2.9888,-9.3822,-4.2765,26.8699,167.7805,269.7679
42.96,-2.8863,-9.3846,-3.262,30.6217,168.4028,268.8278
42.98,-2.7997,-9.3462,-2.2839,34.4594,169.0698,267.9607
43,-2.6663,-9.1229,-0.4454,43.1317,169.7522,266.0635
43.02,-2.6118,-8.9656,0.3841,47.6321,169.5007,265.1528
43.04,-2.5714,-8.7645,1.1564,51.4329,168.7201,264.3342
43.06,-2.5564,-8.5536,1.869,54.4916,169.1131,264.0381
43.08,-2.5487,-8.2928,2.5032,57.0623,169.6701,264.0657
43.1,-2.6064,-7.7361,3.5805,61.8736,170.9226,264.6297
43.12,-2.6181,-7.4681,4.0175,64.1037,171.4976,264.9463
43.14,-2.6547,-7.227,4.3699,66.0953,172.7001,265.7749
43.16,-2.6943,-7.0207,4.6777,67.8777,173.5191,266.2358
43.18,-2.7408,-6.8597,4.9261,69.077,174.2581,266.8212
43.2,-2.8351,-6.6747,5.2321,70.5062,179.0211,270.5643
43.22,-2.9085,-6.6539,5.3124,70.6443,181.949,272.9788
43.24,-2.9631,-6.6892,5.3166,70.3638,184.8616,275.3101
43.26,-3.01,-6.7629,5.256,69.7652,187.6342,277.4625
43.28,-3.0652,-6.8967,5.1214,68.813,189.6405,278.944
43.3,-3.1611,-7.309,4.6258,65.699,191.7421,280.1357
43.32,-3.1838,-7.557,4.2488,63.6218,191.5646,279.572
43.34,-3.2147,-7.8258,3.7968,61.2584,190.9139,278.5646
43.36,-3.2366,-8.1095,3.2558,58.6233,190.1349,277.3917
43.38,-3.283,-8.3992,2.6469,55.6836,189.269,276.1902
43.4,-3.3553,-8.918,1.1818,48.7096,188.3062,273.9562
43.42,-3.3906,-9.1274,0.3426,44.8385,188.047,272.9548
43.44,-3.4287,-9.2986,-0.5576,40.7751,187.888,272.2314
43.46,-3.4476,-9.4185,-1.5274,36.0693,187.4116,271.2959
43.48,-3.4645,-9.4767,-2.5317,31.7486,186.5684,270.4222
43.5,-3.47,-9.4143,-4.6552,23.5765,184.1078,269.0745
43.52,-3.452,-9.2838,-5.7446,19.7313,182.6937,268.4726
43.54,-3.4253,-9.0929,-6.8384,16.2236,181.2993,268.1522
43.56,-3.3863,-8.8418,-7.92,12.6882,179.7505,267.9075
43.58,-3.3338,-8.545,-8.9846,9.2646,178.3801,267.8369
43.6,-3.2102,-7.8075,-10.969,2.7722,175.9697,268.0197
43.62,-3.1448,-7.3887,-11.8768,359.6322,174.9205,268.2894
43.64,-3.0783,-6.9347,-12.725,356.2737,173.8572,268.5371
43.66,-3.0128,-6.4596,-13.5126,353.3961,173.0643,268.7981
43.68,-2.9522,-5.9678,-14.2273,350.6274,172.5454,268.9305
43.7,-2.8584,-4.998,-15.448,345.6281,171.9853,269.0392
43.72,-2.83,-4.5489,-15.9509,343.4324,172.0437,268.9506
43.74,-2.8158,-4.1472,-16.3836,341.4438,172.2589,268.8463
43.76,-2.8142,-3.7998,-16.7522,339.6351,172.5835,268.7772
43.78,-2.8256,-3.5139,-17.0582,337.9646,173.0162,268.736
43.8,-2.8858,-3.128,-17.4819,335.3763,173.6357,269.0736
43.82,-2.9347,-3.0356,-17.5841,334.6488,173.7554,269.4203
43.84,-2.9912,-3.0142,-17.6093,334.1631,174.0619,269.5908
43.86,-3.05,-3.058,-17.569,334.127,174.2632,269.7551
43.88,-3.116,-3.1724,-17.4603,334.481,174.3583,269.9139
43.9,-3.2511,-3.6221,-17.0512,336.309,174.1839,270.479
43.92,-3.313,-3.942,-16.7564,337.6552,174.0911,270.7018
43.94,-3.3724,-4.323,-16.3942,339.2783,174.1039,270.8342
43.96,-3.4289,-4.7578,-15.9579,341.2164,174.0959,270.966
43.98,-3.4801,-5.2294,-15.4445,343.4413,174.167,271.0053
44,-3.5721,-6.2599,-14.1621,348.6945,174.5132,270.9119
44.02,-3.6136,-6.7911,-13.3876,351.7908,174.5042,270.9706
44.04,-3.6499,-7.3216,-12.5253,355.0525,174.8513,270.8113
44.06,-3.6819,-7.8378,-11.5808,358.571,175.2728,270.6685
44.08,-3.7007,-8.3199,-10.5751,2.358,175.6189,270.5457
44.1,-3.7219,-9.1478,-8.3899,10.833,175.9364,270.5319
44.12,-3.7165,-9.4905,-7.1899,15.7478,176.0681,270.5583
44.14,-3.7244,-9.7286,-6.059,20.5652,176.1063,270.5388
44.16,-3.716,-9.9002,-4.8749,25.5076,175.919,270.5828
44.18,-3.6824,-9.981,-3.7118,30.9709,175.7015,270.6392
44.2,-3.577,-9.898,-1.4919,41.5938,174.107,270.6733
44.22,-3.5047,-9.7448,-0.4601,46.2244,173.1718,270.3605
44.24,-3.4107,-9.5274,0.508,50.0491,173.2508,270.041
44.26,-3.298,-9.2567,1.4045,53.6494,173.3154,269.6264
44.28,-3.182,-8.9606,2.2299,57.0905,173.2871,269.192
44.3,-2.9063,-8.32,3.6409,63.9532,173.2489,268.1057
44.32,-2.7586,-8.0124,4.2211,66.9372,173.0054,267.1061
44.34,-2.6196,-7.7046,4.7309,69.4561,172.9895,266.3899
44.36,-2.4798,-7.453,5.1459,71.5689,174.1888,266.6437
44.38,-2.3737,-7.2151,5.4967,73.1181,175.8745,267.4165
44.4,-2.2145,-6.8843,5.9696,74.6553,182.2822,271.8628
44.42,-2.1095,-6.7928,6.0599,74.8161,185.2654,273.9031
44.44,-2.0565,-6.7737,6.1011,74.6065,188.36,276.2601
44.46,-2.0136,-6.7879,6.0805,74.157,190.3394,277.6788
44.48,-1.9763,-6.8691,5.9809,73.2718,191.3999,278.3112
44.5,-1.947,-7.2159,5.5171,70.5978,190.7121,277.4349
44.52,-1.9641,-7.4438,5.1883,68.9275,189.6765,276.5392
44.54,-1.9856,-7.702,4.7828,66.9823,188.278,275.2781
44.56,-2.0131,-7.9826,4.2862,64.5005,186.9879,274.0565
44.58,-2.0812,-8.265,3.7583,61.8158,185.5014,272.7078
44.6,-2.1418,-8.5597,3.1358,58.6945,183.7444,270.8898
44.62,-2.2553,-9.1123,1.6621,51.5751,179.9601,267.4863
44.64,-2.3205,-9.3364,0.8226,47.8382,178.6497,266.6621
44.66,-2.3934,-9.5203,-0.0766,44.1415,177.6674,266.3076
44.68,-2.4408,-9.6381,-1.0559,40.3997,176.6267,266.0599
44.7,-2.5291,-9.6996,-3.1552,31.6224,173.6712,265.6694
44.72,-2.5613,-9.6428,-4.2561,28.1125,172.7725,265.9265
44.74,-2.5839,-9.5175,-5.3803,24.5329,171.5439,266.2313
44.76,-2.595,-9.3355,-6.5283,20.9445,170.0759,266.7322
44.78,-2.6042,-9.0739,-7.6563,17.3147,168.7338,267.2679
44.8,-2.6118,-8.7572,-8.7647,12.957,167.7272,267.5941
44.82,-2.6356,-7.9713,-10.8639,5.5419,167.0726,268.9216
44.84,-2.6488,-7.5076,-11.8495,1.9595,166.5638,269.7361
44.86,-2.6549,-6.9995,-12.7915,357.9435,165.651,270.4965
44.88,-2.6658,-6.47,-13.6648,354.7652,164.7537,271.5207
44.9,-2.7109,-5.3793,-15.1643,349.1065,163.773,273.2859
44.92,-2.7491,-4.848,-15.7822,346.5829,163.7108,273.9185
44.94,-2.7974,-4.3437,-16.3203,344.1669,163.8814,274.4235
44.96,-2.8512,-3.8801,-16.7853,341.8868,164.0294,274.9863
44.98,-2.912,-3.4729,-17.1713,339.8968,163.9935,275.7048
45,-3.055,-2.8959,-17.694,336.9972,164.0174,276.9615
45.02,-3.1344,-2.7466,-17.8343,336.1073,164.1747,277.4185
45.04,-3.2166,-2.6841,-17.8991,335.7069,164.2305,277.8592
45.06,-3.296,-2.7089,-17.8892,335.76,164.2546,278.222
45.08,-3.3736,-2.8114,-17.8156,336.1999,164.222,278.5472
45.1,-3.5511,-3.3077,-17.4163,338.3249,164.3662,278.8785
45.12,-3.6338,-3.6691,-17.109,339.8735,164.4823,278.945
45.14,-3.7067,-4.0559,-16.7612,341.5482,164.5204,279.0051
45.16,-3.777,-4.5009,-16.3372,343.481,164.698,278.9606
45.18,-3.8445,-4.987,-15.8389,345.6325,164.8261,278.8526
45.2,-3.9617,-6.032,-14.6055,350.5797,165.2086,278.1808
45.22,-4.0114,-6.5725,-13.8579,353.3966,165.5782,277.5786
45.24,-4.0538,-7.1053,-13.0258,356.3828,166.1327,276.8654
45.26,-4.0799,-7.6134,-12.1278,359.5746,166.7237,276.1552
45.28,-4.0963,-8.1049,-11.1664,2.9472,167.1784,275.6206
45.3,-4.0503,-8.9689,-9.1062,10.4316,167.0534,274.4844
45.32,-4.0126,-9.3359,-7.997,14.4431,167.0222,273.8351
45.34,-3.9509,-9.6327,-6.8675,18.761,166.9662,273.0567
45.36,-3.861,-9.8246,-5.7178,23.2419,166.5836,272.067
45.38,-3.7582,-9.9935,-4.5911,27.6944,165.8751,271.2496
45.4,-3.4853,-10.0372,-2.4019,36.7471,162.3961,268.4472
45.42,-3.3358,-9.942,-1.3599,41.4046,159.5962,266.2672
45.44,-3.1771,-9.7935,-0.3805,46.028,155.8997,263.6867
45.46,-3.0018,-9.5879,0.5323,49.972,150.9783,260.237
45.48,-2.8439,-9.3454,1.4019,53.073,146.1648,256.5108
45.5,-2.5563,-8.8064,2.9215,57.7623,139.5544,249.3884
45.52,-2.4138,-8.5115,3.5422,59.7999,136.1648,245.718
45.54,-2.29,-8.2236,4.0813,61.5531,132.2557,241.8106
45.56,-2.1875,-7.9502,4.5384,63.1574,128.3314,237.9738
45.58,-2.1065,-7.7035,4.9195,64.379,124.6329,234.4134
45.6,-1.9729,-7.3359,5.442,65.7166,121.5408,230.6083
45.62,-1.9499,-7.2112,5.606,66.7362,122.6266,230.5638
45.64,-1.923,-7.1206,5.6929,67.51,124.5001,231.2197
45.66,-1.9358,-7.1107,5.7112,67.9388,126.6296,232.6434
45.68,-1.9319,-7.1485,5.6553,68.0975,129.4418,234.7785
45.7,-1.9726,-7.3935,5.3528,67.7782,136.8065,240.873
45.72,-2.0134,-7.5999,5.1044,67.2369,141.7511,244.9231
45.74,-2.0608,-7.8212,4.7927,66.3382,146.4646,248.8772
45.76,-2.1335,-8.0914,4.4131,64.9113,150.7605,252.5984
45.78,-2.1932,-8.3634,3.9397,62.8996,154.1714,255.5797
45.8,-2.2669,-8.6329,3.399,60.4046,156.7719,257.5329
45.82,-2.3899,-9.1418,2.0708,54.0721,160.2621,260.0822
45.84,-2.4254,-9.356,1.2768,50.5243,160.6951,260.9084
45.86,-2.4409,-9.5312,0.4074,46.7476,160.5577,261.5106
45.88,-2.4486,-9.6717,-0.5308,42.9182,159.858,262.1465
45.9,-2.4252,-9.7627,-2.5378,34.1331,156.9821,263.1247
45.92,-2.393,-9.7437,-3.5988,30.462,156.1043,264.1124
45.94,-2.3491,-9.6567,-4.6747,26.4532,155.0375,265.0707
45.96,-2.294,-9.5125,-5.7568,22.8674,154.0423,266.1917
45.98,-2.2415,-9.3028,-6.8197,19.514,153.0006,267.4433
46,-2.1285,-8.7232,-8.8848,12.8987,150.6563,270.4441
46.02,-2.0741,-8.3573,-9.8549,9.8797,149.4115,272.1125
46.04,-2.0221,-7.9622,-10.7822,7.1839,148.2824,273.9045
46.06,-1.9718,-7.5395,-11.6596,4.7271,147.1453,275.752
46.08,-1.9299,-7.1105,-12.4793,2.4705,146.0311,277.6379
46.1,-1.8619,-6.2147,-13.9457,358.0624,144.3618,281.133
46.12,-1.8371,-5.7542,-14.605,355.9861,143.3866,282.9692
46.14,-1.8078,-5.3405,-15.1485,354.2716,142.484,284.5409
46.16,-1.7953,-4.9424,-15.6394,352.6373,141.7587,285.9846
46.18,-1.7985,-4.5866,-16.0503,351.0978,141.4602,287.0902
46.2,-1.8406,-4.0475,-16.6382,348.6257,141.4382,288.701
46.22,-1.8682,-3.8794,-16.8218,347.8851,141.4171,289.2651
46.24,-1.9011,-3.7926,-16.9291,347.5038,141.3165,289.7309
46.26,-1.9372,-3.7815,-16.961,347.5591,141.1391,290.0706
46.28,-1.9769,-3.8406,-16.9132,347.9265,140.9388,290.2279
46.3,-2.0855,-4.202,-16.5633,349.6133,140.799,289.8003
46.32,-2.1521,-4.4858,-16.2777,350.7577,141.0346,289.1743
46.34,-2.2255,-4.8306,-15.92,352.1236,141.3806,288.3398
46.36,-2.3072,-5.2276,-15.4853,353.6592,141.9165,287.2573
46.38,-2.396,-5.6692,-14.974,355.352,142.6033,285.9944
46.4,-2.5772,-6.6291,-13.7129,359.4769,143.8562,283.157
46.42,-2.6743,-7.1333,-12.9497,1.8992,144.3268,281.7007
46.44,-2.7659,-7.616,-12.1039,4.5564,144.6968,280.1192
46.46,-2.862,-8.0793,-11.1672,7.4118,144.9024,278.5323
46.48,-2.9469,-8.4814,-10.1542,10.5609,144.9213,276.744
46.5,-3.1052,-9.1432,-7.9491,17.4309,144.5479,273.014
46.52,-3.1711,-9.3761,-6.7841,21.5709,143.6397,271.0348
46.54,-3.2236,-9.5427,-5.6019,25.9915,142.3415,268.9154
46.56,-3.2673,-9.6531,-4.4181,30.2993,140.8245,266.886
46.58,-3.2999,-9.6573,-3.2214,34.9684,138.8784,264.5799
46.6,-3.3008,-9.4718,-0.9443,43.4731,134.8615,259.6314
46.62,-3.296,-9.2579,0.1526,46.9029,132.7919,256.6537
46.64,-3.2581,-8.9924,1.1712,50.0013,130.6363,253.4648
46.66,-3.2134,-8.6794,2.1241,53.1087,128.2935,250.0264
46.68,-3.1222,-8.3228,2.9706,56.1502,125.6681,246.0254
46.7,-2.9107,-7.542,4.416,60.6898,120.5099,238.1133
46.72,-2.7895,-7.1628,5.0051,62.3723,118.1056,234.3458
46.74,-2.6654,-6.8059,5.5066,63.9116,116.1686,231.0334
46.76,-2.5173,-6.4867,5.9168,65.0732,114.669,228.1319
46.78,-2.3756,-6.2254,6.2452,65.9744,113.6733,225.9061
46.8,-2.1075,-5.8609,6.6754,67.3769,113.7703,223.4737
46.82,-1.9776,-5.7619,6.7742,68.1304,115.6372,223.8864
46.84,-1.8793,-5.7309,6.8066,68.9401,118.8135,225.6711
46.86,-1.7997,-5.7593,6.7699,69.4616,122.6091,228.1816
46.88,-1.7183,-5.835,6.6664,69.7175,126.6399,231.036
46.9,-1.6041,-6.2448,6.2285,68.8854,133.3891,236.6897
46.92,-1.5522,-6.5412,5.8868,67.6933,136.2206,239.3613
46.94,-1.5209,-6.8674,5.4837,65.9209,138.2986,241.5495
46.96,-1.5044,-7.2428,4.9914,63.5725,139.9091,243.5459
46.98,-1.4977,-7.6047,4.4269,60.7178,140.6671,244.8298
47,-1.5247,-8.326,3.0626,55.56,143.5171,248.9189
47.02,-1.5394,-8.6616,2.2603,53.1422,145.8346,251.431
47.04,-1.5616,-8.979,1.3919,50.3754,147.8186,253.7191
47.06,-1.5789,-9.252,0.4435,47.1655,149.3166,255.7091
47.08,-1.581,-9.4514,-0.5809,43.5195,150.3086,257.4138
47.1,-1.5677,-9.6113,-2.8167,34.7171,150.1436,260.2625
47.12,-1.5474,-9.5665,-4.0509,30.129,149.4455,261.9468
47.14,-1.521,-9.455,-5.1806,25.5462,148.5718,263.2255
47.16,-1.5159,-9.2572,-6.3271,21.9239,148.7451,264.7277
47.18,-1.5149,-8.9883,-7.4664,17.7883,148.572,266.191
47.2,-1.5822,-8.2685,-9.5556,10.3941,148.1993,269.3838
47.22,-1.6402,-7.8468,-10.4912,7.3256,148.2228,270.9478
47.24,-1.7129,-7.4199,-11.3544,4.4489,147.9826,272.6431
47.26,-1.7926,-6.9953,-12.1427,2.0223,147.4561,274.41
47.28,-1.8861,-6.5933,-12.8439,359.9334,147.0158,276.0726
47.3,-2.1236,-5.8799,-13.973,356.608,146.8674,278.7442
47.32,-2.2669,-5.5661,-14.4047,355.5071,146.7128,280.0836
47.34,-2.4177,-5.2784,-14.7525,354.768,146.3062,281.449
47.36,-2.5703,-5.0285,-15.0317,354.2947,145.6364,282.9065
47.38,-2.7169,-4.8213,-15.2487,354.2091,144.6331,284.4212
47.4,-3.0283,-4.6007,-15.4745,354.2599,144.0268,286.2716
47.42,-3.1905,-4.5861,-15.4842,354.3438,144.382,286.6581
47.44,-3.3416,-4.6288,-15.4346,354.7413,144.6605,286.9695
47.46,-3.489,-4.7293,-15.3174,355.3724,144.9863,287.0591
47.48,-3.6239,-4.8842,-15.1338,356.192,145.4055,286.9272
47.5,-3.8503,-5.3196,-14.5613,358.2863,146.322,286.0293
47.52,-3.9417,-5.5939,-14.1716,359.5817,146.8458,285.282
47.54,-4.0166,-5.8978,-13.7171,1.0081,147.4577,284.3526
47.56,-4.0723,-6.2301,-13.2017,2.5482,148.1627,283.2625
47.58,-4.1068,-6.5861,-12.6239,4.1882,148.8967,282.0116
47.6,-4.0825,-7.349,-11.2981,8.1969,149.1176,279.495
47.62,-4.0256,-7.7316,-10.5446,10.5472,148.6299,278.0992
47.64,-3.9519,-8.1007,-9.7246,12.9701,148.2541,276.5287
47.66,-3.8668,-8.4375,-8.8408,15.5157,148.0648,274.771
47.68,-3.7764,-8.7427,-7.9013,18.2001,148.0194,272.9146
47.7,-3.5705,-9.2215,-5.9204,24.2456,147.5886,269.1288
47.72,-3.4638,-9.3797,-4.8992,27.6623,146.9223,267.2843
47.74,-3.3584,-9.4696,-3.8692,31.5396,146.0147,265.5472
47.76,-3.252,-9.4966,-2.851,35.5433,144.91,263.8822
47.78,-3.1546,-9.4545,-1.843,39.5006,143.2251,261.9163
47.8,-2.9455,-9.1721,0.0611,45.9718,138.1084,256.9168
47.82,-2.8511,-8.9422,0.9488,48.7927,135.1061,253.7931
47.84,-2.77,-8.6585,1.7911,51.288,131.8051,250.3217
47.86,-2.7013,-8.3247,2.5804,53.6099,128.5639,246.6709
47.88,-2.6304,-7.9556,3.3039,56.0044,125.9355,242.9915
47.9,-2.5492,-7.1526,4.5924,61.0748,122.2518,236.0776
47.92,-2.5282,-6.7562,5.1405,63.3062,120.8705,233.0976
47.94,-2.494,-6.3799,5.6099,65.2213,119.9688,230.557
47.96,-2.4927,-6.0209,6.0346,66.8409,119.1206,228.2509
47.98,-2.4523,-5.703,6.3747,68.1546,118.4208,226.1568
48,-2.3987,-5.1463,6.9095,70.262,117.1261,222.6497
48.02,-2.3689,-4.9429,7.0959,71.0124,116.9612,221.6147
48.04,-2.3441,-4.7937,7.2351,71.4587,116.6216,220.8118
48.06,-2.3149,-4.6897,7.3346,71.765,116.2564,219.9739
48.08,-2.264,-4.627,7.3806,72.0338,116.0218,219.2899
48.1,-2.1853,-4.6654,7.3736,72.7757,116.4604,219.0004
48.12,-2.1326,-4.7684,7.2941,72.6631,117.2025,219.6509
48.14,-2.0838,-4.9169,7.1569,72.1221,118.4178,220.9228
48.16,-2.0315,-5.1039,6.9725,71.1599,120.2785,223.0071
48.18,-1.9754,-5.3477,6.7278,70.1268,122.2664,225.3185
48.2,-1.8627,-5.9106,6.0801,67.6315,126.1335,230.2415
48.22,-1.8174,-6.2314,5.6804,66.2555,128.1362,232.9564
48.24,-1.7607,-6.5748,5.2136,64.5743,129.7559,235.5292
48.26,-1.7146,-6.9326,4.6995,62.6132,130.7395,237.8612
48.28,-1.6673,-7.2848,4.1365,60.7339,132.0128,240.2321
48.3,-1.6264,-7.9952,2.8784,57.3119,136.3514,245.9865
48.32,-1.6041,-8.3457,2.1529,55.4151,138.8578,248.9489
48.34,-1.5922,-8.66,1.3827,53.3317,141.235,251.675
48.36,-1.5754,-8.948,0.5419,50.9222,143.3756,254.1451
48.38,-1.5635,-9.2043,-0.3517,48.2001,145.0859,256.2988
48.4,-1.534,-9.5522,-2.3012,42.0621,147.366,259.9283
48.42,-1.5317,-9.6146,-3.3251,38.2155,148.0922,261.2408
48.44,-1.5495,-9.6185,-4.3643,35.0668,149.4979,262.8665
48.46,-1.5737,-9.5544,-5.4115,31.9332,150.9333,264.4094
48.48,-1.6142,-9.4341,-6.4508,28.7289,152.3114,265.9148
48.5,-1.7098,-9.0401,-8.4948,21.1805,154.0798,268.3096
48.52,-1.7647,-8.7636,-9.4813,17.56,154.6079,269.5978
48.54,-1.8235,-8.4266,-10.4347,13.8475,154.6679,270.8925
48.56,-1.8836,-8.0236,-11.351,9.145,154.118,272.2745
48.58,-1.9539,-7.5688,-12.2107,5.7576,153.7811,273.7639
48.6,-2.1186,-6.5769,-13.7638,359.3722,153.039,276.537
48.62,-2.2187,-6.0647,-14.4495,356.8984,152.8026,277.9562
48.64,-2.3354,-5.5567,-15.0683,354.5218,152.8172,279.2627
48.66,-2.4663,-5.0604,-15.6215,352.2812,152.9763,280.4805
48.68,-2.6059,-4.5865,-16.1119,350.2225,153.1266,281.6676
48.7,-2.9073,-3.7612,-16.9,346.5535,153.1116,283.9153
48.72,-3.0672,-3.4324,-17.1879,345.3972,153.031,285.0838
48.74,-3.2296,-3.1723,-17.399,344.5902,152.949,286.1379
48.76,-3.3892,-2.9898,-17.5346,344.1109,152.9185,287.0178
48.78,-3.5443,-2.8899,-17.5959,343.9798,152.9052,287.7496
48.8,-3.8183,-2.9298,-17.5184,344.603,152.9523,288.7172
48.82,-3.9444,-3.0717,-17.3747,345.3838,152.9834,288.9407
48.84,-4.0509,-3.2871,-17.1638,346.3878,153.1158,288.9075
48.86,-4.1365,-3.5667,-16.8882,347.6197,153.2941,288.6548
48.88,-4.2004,-3.9052,-16.5468,349.0718,153.4158,288.321
48.9,-4.2523,-4.728,-15.6678,352.5508,153.518,287.2384
48.92,-4.232,-5.1961,-15.1307,354.4676,153.572,286.4704
48.94,-4.175,-5.6921,-14.5252,356.6339,153.3909,285.5445
48.96,-4.0835,-6.2074,-13.8406,358.9742,153.0387,284.4097
48.98,-3.9578,-6.7238,-13.0731,1.4309,152.5628,282.9927
49,-3.6354,-7.7236,-11.291,6.8208,151.2443,279.5486
49.02,-3.4503,-8.1828,-10.2877,9.6829,150.584,277.5023
49.04,-3.2599,-8.6062,-9.2219,12.7052,149.9031,275.3352
49.06,-3.0703,-8.9855,-8.1065,15.9935,149.1035,273.0798
49.08,-2.8866,-9.3015,-6.9462,19.6013,148.1433,270.6273
49.1,-2.558,-9.7238,-4.5529,28.4614,144.7858,265.5091
49.12,-2.4025,-9.8063,-3.3009,33.5418,142.3402,263.0327
49.14,-2.3014,-9.7809,-2.1567,38.2545,140.593,260.9844
49.16,-2.2116,-9.6698,-0.9866,42.933,139.2137,258.7447
49.18,-2.128,-9.4744,0.1346,47.1364,137.7095,255.9175
49.2,-1.9984,-8.8724,2.1762,54.1288,132.1961,248.6656
49.22,-1.9437,-8.4727,3.0697,57.3536,127.9548,243.6597
49.24,-1.8941,-8.0246,3.8659,60.3313,124.2262,238.7877
49.26,-1.856,-7.5438,4.5718,63.2637,121.5632,234.6383
49.28,-1.8315,-7.0578,5.1911,65.4235,119.4917,231.026
49.3,-1.784,-6.1177,6.2042,68.5801,114.4405,223.3088
49.32,-1.7653,-5.6989,6.6073,70.0533,112.2563,219.9075
49.34,-1.7559,-5.3243,6.9579,71.6045,111.039,217.4246
49.36,-1.7506,-4.9908,7.2541,73.1023,110.4781,215.6472
49.38,-1.7462,-4.7229,7.4956,74.1245,110.2489,214.4028
49.4,-1.7709,-4.3286,7.8334,77.1494,104.3049,206.6373
49.42,-1.7764,-4.204,7.9187,77.5504,100.8894,202.938
49.44,-1.7896,-4.1784,7.9558,76.2385,99.5864,202.0262
49.46,-1.7981,-4.1873,7.9464,74.3708,97.5643,200.7805
49.48,-1.8161,-4.2633,7.8948,73.2543,96.6893,200.7388
49.5,-1.9011,-4.6051,7.6116,72.7431,99.4855,204.5474
49.52,-1.9297,-4.8386,7.3808,72.603,102.2004,207.8191
49.54,-1.9816,-5.1114,7.1011,72.5801,106.6212,212.5963
49.56,-2.0201,-5.4227,6.7584,71.9939,111.701,218.0998
49.58,-2.0468,-5.7817,6.3566,70.154,115.4052,222.7045
49.6,-2.0845,-6.5876,5.3784,66.1642,122.0126,231.1832
49.62,-2.0975,-7.0213,4.792,63.8403,125.4984,235.5134
49.64,-2.107,-7.4606,4.1467,61.2395,128.2928,239.0718
49.66,-2.1215,-7.9124,3.4286,58.3838,130.7992,242.3337
49.68,-2.1318,-8.3186,2.6458,55.1195,132.8733,245.3585
49.7,-2.1547,-9.0406,0.8483,48.652,137.4481,251.4384
49.72,-2.1673,-9.3197,-0.1584,45.6199,139.6684,254.4238
49.74,-2.1794,-9.5251,-1.2204,42.4263,141.5196,257.1407
49.76,-2.1886,-9.6574,-2.3405,38.804,142.8588,259.5841
49.78,-2.1956,-9.7079,-3.5107,35.3187,143.8412,261.8951
49.8,-2.2299,-9.5195,-5.923,27.9966,145.0046,266.3752
49.82,-2.2563,-9.2871,-7.1324,24.4275,145.5276,268.5526
49.84,-2.2982,-8.9858,-8.3177,21.0212,146.0933,270.7141
49.86,-2.3412,-8.611,-9.4728,17.5707,146.6933,272.7346
49.88,-2.3831,-8.1721,-10.5892,12.7494,147.1747,274.6804
49.9,-2.4841,-7.1751,-12.6461,5.9308,148.1312,278.151
49.92,-2.5387,-6.6255,-13.5706,2.7578,148.361,279.8787
49.94,-2.5957,-6.0542,-14.4096,359.8945,148.5437,281.5053
49.96,-2.6579,-5.4741,-15.1566,357.1428,148.7724,282.9691
49.98,-2.7229,-4.8962,-15.8096,354.4539,148.9973,284.2696
50,-2.8573,-3.8162,-16.8299,350.1035,149.0916,286.4543
50.02,-2.9336,-3.3544,-17.1968,348.3072,149.2901,287.1749
50.04,-3.0146,-2.9688,-17.4818,346.8119,149.6257,287.6824
50.06,-3.0947,-2.672,-17.6955,345.6519,149.9547,288.1057
50.08,-3.1682,-2.4714,-17.8445,344.9636,150.0832,288.5841
50.1,-3.2929,-2.385,-17.936,344.9512,149.9895,289.417
50.12,-3.3432,-2.4835,-17.8736,345.5267,149.8441,289.6975
50.14,-3.3878,-2.6765,-17.7242,346.5222,149.6431,289.7959
50.16,-3.4246,-2.9479,-17.4964,347.7195,149.5302,289.6147
50.18,-3.4511,-3.2765,-17.2053,349.0731,149.5672,289.1405
50.2,-3.4775,-4.0864,-16.431,351.886,150.4542,287.3232
50.22,-3.4752,-4.5509,-15.9531,353.3634,151.2566,286.2096
50.24,-3.4586,-5.0462,-15.4189,354.9441,152.1893,285.1599
50.26,-3.4274,-5.5685,-14.8218,356.6764,152.8568,284.1335
50.28,-3.3837,-6.1157,-14.1536,358.7026,153.2187,283.1285
50.3,-3.252,-7.2256,-12.5912,3.8999,152.6598,281.184
50.32,-3.1813,-7.7639,-11.6775,6.8556,152.2043,279.8194
50.34,-3.1096,-8.2686,-10.6859,9.9162,151.949,278.2594
50.36,-3.033,-8.7299,-9.6326,13.2047,151.4954,276.6779
50.38,-2.9631,-9.1373,-8.5199,16.7547,150.8184,274.9279
50.4,-2.8519,-9.7559,-6.1712,24.4401,149.2323,270.8721
50.42,-2.8166,-9.9481,-4.9634,28.6477,147.7091,268.5538
50.44,-2.7896,-10.0486,-3.7529,33.1829,145.7088,266.0933
50.46,-2.7743,-10.0692,-2.56,38.0244,143.1919,263.684
50.48,-2.7609,-10.0133,-1.3979,42.6449,140.6803,261.4131
50.5,-2.733,-9.6516,0.7855,50.6782,137.3515,256.1208
50.52,-2.7092,-9.3626,1.7749,54.2677,135.2288,253.0515
50.54,-2.6792,-9.013,2.6871,57.7348,132.6706,249.5538
50.56,-2.6383,-8.6316,3.5042,61.0953,129.0014,245.1238
50.58,-2.5846,-8.2048,4.2335,64.6977,125.2692,240.1119
50.6,-2.4437,-7.3638,5.3839,68.8826,120.3953,232.5061
50.62,-2.3824,-6.9916,5.8389,70.5607,118.8484,229.4834
50.64,-2.2775,-6.6518,6.1864,72.038,117.9145,227.11
50.66,-2.182,-6.3717,6.4647,73.5466,118.5208,226.2882
50.68,-2.1143,-6.1118,6.7016,75.019,119.1475,225.5919
50.7,-1.9464,-5.8003,6.9539,77.5571,120.2607,224.407
50.72,-1.8676,-5.7445,6.9839,77.4845,119.3368,223.28
50.74,-1.7888,-5.7548,6.9505,76.5143,118.1918,222.1949
50.76,-1.7222,-5.8231,6.8724,74.4238,115.9288,220.5882
50.78,-1.6483,-5.9827,6.7131,72.2767,114.2972,219.9693
50.8,-1.606,-6.429,6.2543,69.8849,115.3883,222.7323
50.82,-1.6333,-6.7136,5.9319,69.5196,118.5942,226.336
50.84,-1.6365,-7.0181,5.5106,68.6264,122.3253,230.5121
50.86,-1.6631,-7.35,5.0247,66.8738,125.621,234.4859
50.88,-1.7038,-7.6937,4.4777,64.5148,128.2811,237.973
50.9,-1.7592,-8.4065,3.1335,59.6374,133.1728,244.4431
50.92,-1.7828,-8.7461,2.3573,56.7604,134.9296,247.1334
50.94,-1.7974,-9.0792,1.4941,52.9,136.2045,249.8293
50.96,-1.8273,-9.3828,0.5738,49.1258,137.4241,252.1708
50.98,-1.8415,-9.6139,-0.4035,45.9126,138.8738,254.6736
51,-1.8928,-9.9256,-2.4841,39.819,142.1945,259.7632
51.02,-1.9138,-10.0169,-3.5842,36.7132,143.7425,262.2031
51.04,-1.9289,-10.0374,-4.6893,33.4384,144.7877,264.2367
51.06,-1.9392,-10.0198,-5.8126,30.014,145.5805,266.2048
51.08,-1.9466,-9.9639,-6.943,26.3841,146.0019,268.1281
51.1,-2.0138,-9.5776,-9.0741,20.0513,146.3259,271.9284
51.12,-2.1097,-9.2655,-10.0835,16.959,146.902,273.9283
51.14,-2.1582,-8.8623,-10.9731,14.1893,147.4653,275.3233
51.16,-2.2179,-8.4157,-11.867,11.3706,147.4618,277.0248
51.18,-2.2763,-7.9214,-12.7033,8.571,147.0058,278.8014
51.2,-2.4206,-6.8723,-14.1635,3.7341,147.0514,281.873
51.22,-2.5032,-6.3471,-14.7963,1.3318,147.5275,283.1207
51.24,-2.586,-5.8204,-15.3695,357.8231,148.0252,284.1273
51.26,-2.6716,-5.3194,-15.8855,354.1748,148.4821,284.9737
51.28,-2.7568,-4.8384,-16.34,351.9369,148.8498,285.9257
51.3,-2.9422,-3.9949,-17.053,348.2412,149.4012,287.6347
51.32,-3.0415,-3.6538,-17.3086,346.6102,149.765,288.1788
51.34,-3.1415,-3.3771,-17.5016,345.3551,150.209,288.6163
51.36,-3.239,-3.173,-17.6335,344.4129,150.7035,288.9091
51.38,-3.3328,-3.05,-17.7071,343.8982,151.075,289.1805
51.4,-3.4962,-3.0437,-17.6798,344.1121,151.3443,289.6208
51.42,-3.5662,-3.1585,-17.5809,344.7233,151.3129,289.7888
51.44,-3.63,-3.3673,-17.4036,345.7613,151.2262,289.8324
51.46,-3.6743,-3.637,-17.1717,346.9728,151.2127,289.644
51.48,-3.7043,-3.9752,-16.8752,348.3562,151.3519,289.2589
51.5,-3.7156,-4.8135,-16.0659,351.4146,152.2886,287.7372
51.52,-3.6943,-5.3023,-15.5485,353.1176,152.9128,286.741
51.54,-3.6509,-5.8159,-14.955,355.0821,153.393,285.6041
51.56,-3.5901,-6.3546,-14.2819,357.2704,153.79,284.3781
51.58,-3.5147,-6.9017,-13.5278,359.6461,154.1392,283.0603
51.6,-3.3344,-7.9684,-11.7755,4.9705,154.7175,280.0134
51.62,-3.2414,-8.4587,-10.7802,7.9831,154.8544,278.4685
51.64,-3.1428,-8.8885,-9.723,11.1887,155.1338,276.7858
51.66,-3.0522,-9.2685,-8.6142,14.6702,155.4125,275.1814
51.68,-2.9616,-9.5854,-7.4749,18.5744,155.5547,273.5948
51.7,-2.8115,-10.0615,-5.1522,27.562,154.6593,270.5166
51.72,-2.7508,-10.1815,-3.9837,32.4571,153.318,268.6223
51.74,-2.6881,-10.2263,-2.854,37.4246,151.1067,266.494
51.76,-2.6416,-10.1962,-1.7471,42.5549,147.8869,263.781
51.78,-2.5814,-10.0927,-0.7023,46.7453,143.7842,260.9391
51.8,-2.5145,-9.6932,1.2635,53.5627,139.8651,255.9894
51.82,-2.4718,-9.4097,2.1395,56.9305,137.4105,253.0545
51.84,-2.4299,-9.1255,2.9152,60.4801,134.9831,249.7238
51.86,-2.3822,-8.7875,3.6082,63.8698,132.0114,245.8024
51.88,-2.3264,-8.4492,4.1816,66.4782,129.0127,241.961
51.9,-2.2296,-7.8015,5.0574,69.635,125.8231,236.8718
51.92,-2.1813,-7.5292,5.3579,70.498,124.3826,234.8118
51.94,-2.1316,-7.2896,5.5916,71.4023,123.8958,233.6534
51.96,-2.099,-7.104,5.77,72.1735,124.6382,233.6181
51.98,-2.0367,-6.9901,5.861,72.5012,125.286,233.7001
52,-2.0097,-6.9497,5.9363,72.8485,126.7038,234.4479
52.02,-2.0047,-7.004,5.8931,72.7738,127.7062,235.2578
52.04,-2.008,-7.1223,5.7781,72.4796,128.5865,236.1
52.06,-2.0243,-7.3111,5.5863,71.3234,128.7366,236.6273
52.08,-2.035,-7.5274,5.3253,69.6149,128.7307,237.3361
52.1,-2.0747,-8.0734,4.5333,66.0008,130.9874,241.2017
52.12,-2.0995,-8.3986,3.9816,63.5326,132.0359,243.4384
52.14,-2.1265,-8.6862,3.3987,61.0635,132.8847,245.443
52.16,-2.1549,-9.0031,2.7033,58.4106,134.176,247.8382
52.18,-2.1636,-9.2786,1.9315,55.5865,135.3201,250.0977
52.2,-2.1877,-9.8068,0.159,48.72,137.2558,254.8383
52.22,-2.2117,-10.0059,-0.8027,45.7344,138.451,257.2203
52.24,-2.216,-10.1603,-1.8326,42.6207,139.7618,259.6288
52.26,-2.2285,-10.2485,-2.8919,39.5841,140.9657,261.9623
52.28,-2.2358,-10.2366,-3.9697,36.5225,141.9724,263.9757
52.3,-2.257,-10.0577,-6.2004,29.7086,143.774,268.1194
52.32,-2.2498,-9.8391,-7.3186,26.0818,144.2561,269.7936
52.34,-2.2501,-9.5612,-8.4142,22.6306,144.6684,271.5733
52.36,-2.2457,-9.1991,-9.4808,19.3887,145.0194,273.3042
52.38,-2.2475,-8.771,-10.5024,16.0814,145.4226,274.9175
52.4,-2.2621,-7.8022,-12.4215,9.445,146.3988,278.0687
52.42,-2.2698,-7.2674,-13.3001,6.2602,146.7115,279.5876
52.44,-2.2725,-6.6937,-14.1249,1.3909,146.5868,280.9534
52.46,-2.2919,-6.1262,-14.8642,358.0184,146.6603,282.2585
52.48,-2.3248,-5.5694,-15.5172,355.4437,146.7854,283.5326
52.5,-2.4269,-4.5353,-16.5583,350.8571,147.2542,285.5817
52.52,-2.4943,-4.0884,-16.9504,348.8032,147.5097,286.3032
52.54,-2.573,-3.7078,-17.2529,347.2235,147.9219,286.8157
52.56,-2.6594,-3.3989,-17.4794,345.8681,148.4868,287.1153
52.58,-2.7513,-3.1684,-17.632,344.8309,149.0439,287.3119
52.6,-2.9359,-2.9592,-17.7458,343.9405,149.7806,287.6599
52.62,-3.0207,-2.9817,-17.7143,344.0201,149.9761,287.8233
52.64,-3.0998,-3.0766,-17.631,344.4301,150.0963,287.9257
52.66,-3.1867,-3.2732,-17.4631,345.1966,150.2792,287.8597
52.68,-3.2573,-3.5276,-17.2416,346.2211,150.4244,287.7077
52.7,-3.3673,-4.21,-16.6088,348.7936,151.0413,286.7225
52.72,-3.4039,-4.6202,-16.1906,350.2904,151.4507,286.0193
52.74,-3.4246,-5.0623,-15.7075,351.9636,151.9277,285.1714
52.76,-3.4286,-5.5307,-15.1535,353.778,152.384,284.245
52.78,-3.41,-6.0117,-14.5353,355.8529,152.713,283.191
52.8,-3.3234,-7.0081,-13.0858,0.5856,152.7079,281.088
52.82,-3.256,-7.4974,-12.2584,3.3094,152.4405,279.8411
52.84,-3.1865,-7.9861,-11.3615,6.1766,152.1594,278.5251
52.86,-3.1037,-8.4361,-10.4059,9.2606,151.8473,277.0093
52.88,-3.0275,-8.8484,-9.3892,12.4466,151.5827,275.4035
52.9,-2.8694,-9.4728,-7.2312,19.3142,151.1423,271.9324
52.92,-2.7926,-9.673,-6.1108,23.1477,150.5227,270.1134
52.94,-2.7085,-9.7962,-4.9915,27.2889,149.5137,268.1462
52.96,-2.6295,-9.8571,-3.8778,31.9418,147.7739,265.9809
52.98,-2.5494,-9.8528,-2.7893,36.8353,145.0759,263.3398
53,-2.392,-9.6513,-0.7175,45.5091,138.4898,257.85
53.02,-2.317,-9.4808,0.233,48.603,136.2883,255.2094
53.04,-2.2246,-9.2488,1.1086,51.2885,133.5212,252.2221
53.06,-2.1361,-8.9795,1.9079,53.6984,130.3495,248.8806
53.08,-2.0406,-8.6763,2.6203,55.9915,126.8877,245.0607
53.1,-1.8651,-8.0125,3.7836,60.1485,119.4088,236.6544
53.12,-1.7854,-7.6865,4.2526,61.4828,116.8547,233.3815
53.14,-1.7248,-7.4117,4.6049,62.6101,115.6451,231.2945
53.16,-1.6558,-7.1669,4.8928,63.3307,114.5962,229.4657
53.18,-1.6203,-6.9762,5.1233,64.0968,114.0248,228.1305
53.2,-1.5709,-6.7772,5.363,65.5937,115.8855,228.2879
53.22,-1.5799,-6.7738,5.3917,66.1765,118.0452,229.6901
53.24,-1.5853,-6.8261,5.3474,66.3941,120.7182,231.7359
53.26,-1.6034,-6.9332,5.227,66.2442,123.6968,234.2611
53.28,-1.6386,-7.0925,5.0155,65.7596,126.8388,237.0831
53.3,-1.7373,-7.5112,4.3544,63.6455,132.8328,242.9481
53.32,-1.7864,-7.7602,3.887,61.8535,135.0764,245.3452
53.34,-1.8402,-8.0401,3.3359,59.5878,136.7253,247.2878
53.36,-1.8919,-8.3248,2.6943,56.7815,137.9986,248.866
53.38,-1.949,-8.6113,1.9769,53.4063,138.9248,250.3236
53.4,-2.0853,-9.1485,0.3247,46.0989,139.766,253.7997
53.42,-2.1453,-9.369,-0.611,42.917,140.3301,256.0045
53.44,-2.2014,-9.5476,-1.6138,39.9323,141.0354,258.3966
53.46,-2.2558,-9.6701,-2.67,36.921,141.6153,260.7609
53.48,-2.2952,-9.7244,-3.7786,33.8042,142.074,263.0876
53.5,-2.3761,-9.6098,-6.074,27.1273,142.7116,267.7188
53.52,-2.4207,-9.4325,-7.2308,22.7172,143.1911,270.081
53.54,-2.4702,-9.1819,-8.3713,19.2669,144.0326,272.1589
53.56,-2.5252,-8.8678,-9.4908,15.7778,144.8779,274.1342
53.58,-2.589,-8.4911,-10.5725,12.0659,145.496,275.9447
53.6,-2.74,-7.5822,-12.58,5.758,146.7413,279.5209
53.62,-2.823,-7.0715,-13.4927,2.692,147.2604,281.1891
53.64,-2.9103,-6.5377,-14.3338,359.7994,147.5355,282.86
53.66,-3.0028,-5.992,-15.0926,357.1145,147.5715,284.5816
53.68,-3.0992,-5.4414,-15.7595,354.6968,147.4454,286.2353
53.7,-3.3029,-4.4007,-16.7975,350.6433,146.8893,289.2664
53.72,-3.4101,-3.9438,-17.1718,348.9454,146.7192,290.482
53.74,-3.5215,-3.5531,-17.4567,347.5503,146.7716,291.3925
53.76,-3.6336,-3.2376,-17.6618,346.4818,147.0026,292.016
53.78,-3.7433,-3.008,-17.7946,345.7309,147.302,292.4519
53.8,-3.9412,-2.8255,-17.8708,345.4758,147.5307,293.1716
53.82,-4.0197,-2.8684,-17.8238,345.9266,147.4606,293.4536
53.84,-4.0902,-2.9966,-17.7178,346.821,147.2668,293.7083
53.86,-4.1533,-3.2264,-17.5301,347.9683,147.0425,293.7694
53.88,-4.1957,-3.5188,-17.285,349.2817,146.9115,293.5372
53.9,-4.2336,-4.2906,-16.5783,352.2965,147.0436,292.1348
53.92,-4.2274,-4.7505,-16.1153,353.9092,147.3674,291.0009
53.94,-4.2018,-5.2481,-15.5799,355.6195,147.7982,289.6656
53.96,-4.1534,-5.7738,-14.9714,357.4825,148.2024,288.2322
53.98,-4.081,-6.3187,-14.288,359.5626,148.4544,286.7041
54,-3.8754,-7.4197,-12.6784,4.3313,148.6567,283.3589
54.02,-3.7491,-7.9467,-11.7541,7.0375,148.5364,281.541
54.04,-3.6106,-8.4386,-10.7596,9.9412,148.2463,279.6052
54.06,-3.4628,-8.8847,-9.7056,13.016,147.7269,277.5927
54.08,-3.3111,-9.2773,-8.6049,16.4055,146.9379,275.5082
54.1,-3.0149,-9.8597,-6.3193,24.1779,143.941,270.8909
54.12,-2.8637,-10.0386,-5.1107,28.7402,141.4716,268.0798
54.14,-2.7568,-10.1212,-4.0156,32.9257,138.627,265.5257
54.16,-2.6504,-10.1301,-2.897,37.0207,135.103,262.7207
54.18,-2.5497,-10.0584,-1.8227,40.6534,131.6674,259.9662
54.2,-2.4309,-9.717,0.1861,46.8798,126.551,253.7686
54.22,-2.3972,-9.457,1.0989,49.629,124.1348,250.4638
54.24,-2.36,-9.1528,1.9307,52.4439,121.8569,247.0162
54.26,-2.3422,-8.8353,2.6881,55.4833,119.4286,243.2923
54.28,-2.3192,-8.5006,3.3568,58.853,116.9897,239.3982
54.3,-2.2513,-7.865,4.3969,62.7307,113.8914,233.5228
54.32,-2.2243,-7.5911,4.781,64.1007,113.2658,231.5038
54.34,-2.1928,-7.3354,5.0808,65.1302,112.7952,229.8919
54.36,-2.1632,-7.133,5.3011,66.3392,113.6157,229.4202
54.38,-2.1313,-6.9826,5.4492,67.4621,115.3608,229.9299
54.4,-2.0745,-6.8644,5.5614,68.4969,118.2254,231.255
54.42,-2.0521,-6.8927,5.5287,68.7757,119.3014,231.8623
54.44,-2.0326,-6.9605,5.4465,68.5616,120.3379,232.7355
54.46,-2.003,-7.1168,5.2566,67.8788,120.9454,233.4327
54.48,-1.9894,-7.3014,5.0249,66.0413,120.9085,233.9376
54.5,-1.9804,-7.7762,4.343,62.4509,122.2076,236.7066
54.52,-1.9868,-8.0349,3.8872,60.7586,123.6649,238.8766
54.54,-2.0051,-8.3053,3.3505,58.8888,125.3532,241.3461
54.56,-2.0275,-8.5817,2.7273,57.0123,127.4824,244.1479
54.58,-2.0541,-8.8425,2.026,54.8981,129.6407,246.9128
54.6,-2.0832,-9.3194,0.3668,49.4189,133.5045,252.3169
54.62,-2.0957,-9.5059,-0.5664,46.258,135.0973,254.7027
54.64,-2.1061,-9.6441,-1.558,43.4382,136.983,257.2647
54.66,-2.1098,-9.7254,-2.6046,40.4779,138.8616,259.7448
54.68,-2.1133,-9.7533,-3.6855,37.4386,140.5377,262.1199
54.7,-2.1218,-9.6415,-5.9034,31.0214,143.4756,266.4058
54.72,-2.1307,-9.4852,-7.0048,27.7019,144.7897,268.3033
54.74,-2.145,-9.2698,-8.0862,24.5231,146.201,270.0901
54.76,-2.1658,-8.9982,-9.1348,21.2158,147.6105,271.6653
54.78,-2.1878,-8.6747,-10.1451,17.9167,148.8617,273.0172
54.8,-2.2294,-7.8952,-12.0197,11.4684,150.5934,275.4373
54.82,-2.2495,-7.4525,-12.8706,8.4684,151.3148,276.4759
54.84,-2.2775,-6.9843,-13.6552,5.4124,151.9929,277.4034
54.86,-2.3177,-6.498,-14.3664,2.4051,152.828,278.0947
54.88,-2.3709,-6.0013,-15.0114,359.3535,153.8634,278.5934
54.9,-2.5044,-5.0053,-16.1337,353.7715,155.8952,279.2722
54.92,-2.5939,-4.5225,-16.6073,350.9428,156.8029,279.6484
54.94,-2.6995,-4.0633,-17.0209,346.7807,157.3804,279.778
54.96,-2.8249,-3.6469,-17.3674,344.1502,158.2809,280.1313
54.98,-2.9661,-3.2826,-17.6567,342.2356,159.1125,280.3374
55,-3.2792,-2.7325,-18.0567,339.4366,160.3542,281.1671
55.02,-3.4421,-2.564,-18.1647,338.6145,160.6245,281.813
55.04,-3.6049,-2.4788,-18.2088,338.3173,160.7157,282.4937
55.06,-3.7611,-2.4798,-18.1868,338.3814,160.7388,283.175
55.08,-3.9029,-2.5603,-18.1037,338.9227,160.558,283.8261
55.1,-4.153,-2.9759,-17.724,341.3419,159.891,284.9335
55.12,-4.248,-3.301,-17.4219,343.1361,159.499,285.3013
55.14,-4.3149,-3.6625,-17.0741,344.9331,159.3626,285.33
55.16,-4.364,-4.0901,-16.6435,346.8517,159.5901,285.0694
55.18,-4.3857,-4.5526,-16.1486,348.8601,159.9524,284.6943
55.2,-4.3396,-5.5558,-14.9685,353.4191,159.9434,283.9566
55.22,-4.2745,-6.0822,-14.2695,356.0233,159.4614,283.5088
55.24,-4.1836,-6.6109,-13.4888,358.8069,158.8703,282.797
55.26,-4.0688,-7.1359,-12.6281,1.7677,158.227,281.8494
55.28,-3.9271,-7.6386,-11.6917,4.8628,157.5611,280.7104
55.3,-3.5797,-8.5183,-9.6086,11.595,155.2855,277.9089
55.32,-3.3836,-8.8699,-8.4816,15.1882,153.8243,276.1606
55.34,-3.1826,-9.1396,-7.3032,18.905,152.1606,274.139
55.36,-2.9835,-9.3256,-6.0963,22.8852,150.2849,271.8658
55.38,-2.7894,-9.4303,-4.8753,27.2874,148.0227,269.157
55.4,-2.4336,-9.4363,-2.4734,36.7601,141.0217,262.4168
55.42,-2.2762,-9.3404,-1.3307,41.4637,135.2519,257.9881
55.44,-2.1471,-9.1569,-0.2197,45.3263,128.1588,252.6583
55.46,-2.0262,-8.9239,0.8075,47.8227,122.8672,248.2955
55.48,-1.9407,-8.6275,1.776,50.1052,119.0382,244.0847
55.5,-1.79,-7.9193,3.4318,54.5236,110.1961,234.271
55.52,-1.7326,-7.5433,4.1005,56.8923,105.2363,228.5584
55.54,-1.6698,-7.1771,4.6506,58.5198,102.4177,224.7155
55.56,-1.6467,-6.8407,5.1165,60.0161,101.4149,222.2912
55.58,-1.6365,-6.5556,5.487,61.9786,100.4943,219.8979
55.6,-1.6601,-6.1394,5.9864,65.6676,101.3848,217.708
55.62,-1.6819,-6.0337,6.119,66.9845,102.8662,217.9619
55.64,-1.721,-5.9994,6.1915,67.9897,104.7591,218.8924
55.66,-1.7422,-6.0244,6.1787,68.8319,106.631,219.9583
55.68,-1.767,-6.1128,6.0977,69.3402,109.3142,222.0435
55.7,-1.8191,-6.503,5.636,67.7013,113.6595,226.6547
55.72,-1.8403,-6.7711,5.2795,64.6488,114.0736,228.1534
55.74,-1.8524,-7.0823,4.8344,60.8859,113.6751,229.507
55.76,-1.8676,-7.413,4.294,58.3478,115.3501,232.2744
55.78,-1.901,-7.76,3.6773,56.4853,118.2321,235.8174
55.8,-1.9598,-8.4419,2.1756,53.4233,124.7528,243.4193
55.82,-2.0016,-8.7717,1.3104,51.1943,127.4053,246.8679
55.84,-2.024,-9.064,0.3534,48.4563,129.91,250.1117
55.86,-2.0563,-9.3053,-0.6717,45.6138,132.5032,253.3306
55.88,-2.0795,-9.4856,-1.7717,42.4608,134.7257,256.4328
55.9,-2.1252,-9.6132,-4.1269,35.4447,137.6839,261.929
55.92,-2.154,-9.5491,-5.3469,31.415,138.7689,264.4367
55.94,-2.1939,-9.4046,-6.5737,27.8415,140.0118,267.0208
55.96,-2.2479,-9.1848,-7.7787,24.4265,141.2103,269.5081
55.98,-2.3033,-8.8866,-8.9572,20.9913,142.2198,271.8929
56,-2.4434,-8.1007,-11.1654,13.3339,143.8341,276.2256
56.02,-2.5231,-7.6187,-12.1709,8.6696,144.6596,277.9577
56.04,-2.6082,-7.0885,-13.1094,5.2173,145.7798,279.533
56.06,-2.6945,-6.5149,-13.9774,1.9734,146.6437,280.8967
56.08,-2.7844,-5.9121,-14.7749,358.9011,147.3858,282.1929
56.1,-2.9909,-4.7157,-16.138,353.2015,148.8555,284.4194
56.12,-3.1135,-4.1366,-16.7284,350.4476,149.5213,285.5301
56.14,-3.2182,-3.6354,-17.2021,348.1908,150.0083,286.494
56.16,-3.3304,-3.1721,-17.6206,346.2654,150.1761,287.6422
56.18,-3.4385,-2.7772,-17.9572,344.8561,149.9925,288.8951
56.2,-3.6426,-2.2464,-18.3479,343.355,149.3971,290.9754
56.22,-3.7314,-2.1269,-18.4071,343.1852,149.1158,291.6895
56.24,-3.8041,-2.1115,-18.3872,343.4127,148.8378,292.1678
56.26,-3.8574,-2.1899,-18.307,343.9756,148.6093,292.4256
56.28,-3.8985,-2.3791,-18.1473,344.9669,148.3636,292.4749
56.3,-3.9212,-3.0162,-17.6329,347.4518,148.2916,291.6433
56.32,-3.9021,-3.431,-17.2848,348.9658,148.3152,290.9253
56.34,-3.8632,-3.8983,-16.8716,350.5545,148.3602,290.058
56.36,-3.8035,-4.4077,-16.3934,352.1648,148.4942,289.007
56.38,-3.7235,-4.9504,-15.8432,353.7986,148.7393,287.7756
56.4,-3.5065,-6.1105,-14.5103,357.5382,149.2769,284.9657
56.42,-3.3731,-6.7069,-13.72,359.7963,149.3526,283.5298
56.44,-3.2302,-7.2998,-12.8488,2.4603,148.9967,282.0316
56.46,-3.079,-7.8638,-11.8947,5.4151,148.3415,280.3144
56.48,-2.9275,-8.3929,-10.8693,8.5571,147.5439,278.4789
56.5,-2.6326,-9.2834,-8.6384,15.6297,145.1679,274.4654
56.52,-2.5044,-9.6164,-7.4534,19.582,143.5243,272.1605
56.54,-2.3953,-9.8729,-6.2427,23.7807,141.4374,269.6482
56.56,-2.2971,-10.0172,-5.0192,28.3257,138.8611,266.8139
56.58,-2.225,-10.0877,-3.8071,32.9538,135.5148,263.9001
56.6,-2.1431,-9.9971,-1.4797,42.0645,127.4264,257.2349
56.62,-2.152,-9.8449,-0.3808,45.6145,124.9891,254.21
56.64,-2.1728,-9.6207,0.646,49.0315,122.8703,251.0124
56.66,-2.2182,-9.3349,1.5982,52.6309,120.7533,247.5512
56.68,-2.2684,-9.0153,2.4516,56.7251,118.3167,243.4317
56.7,-2.3699,-8.307,3.8284,62.9261,113.5462,235.4903
56.72,-2.4039,-7.9666,4.3442,64.9821,112.7164,232.8134
56.74,-2.4228,-7.6605,4.7496,66.9567,112.3099,230.7375
56.76,-2.4302,-7.3828,5.0528,68.6664,113.2733,230.1405
56.78,-2.4352,-7.1449,5.2706,70.1604,115.6296,230.8317
56.8,-2.4203,-6.7941,5.485,71.936,119.9833,232.473
56.82,-2.4073,-6.6852,5.4949,71.5502,119.8958,232.0154
56.84,-2.3871,-6.6614,5.4315,70.9936,119.7817,231.7493
56.86,-2.3904,-6.6845,5.3404,68.9024,118.3193,230.868
56.88,-2.3996,-6.7874,5.1547,67.0874,117.5932,231.0231
56.9,-2.4481,-7.1095,4.6526,65.1589,119.0588,233.7153
56.92,-2.4868,-7.3461,4.3097,63.9752,120.2027,235.7691
56.94,-2.5259,-7.6254,3.8943,63.0331,122.5515,238.7547
56.96,-2.5568,-7.9053,3.4043,61.6153,124.8126,241.7167
56.98,-2.5878,-8.2084,2.8404,59.7153,127.2791,244.6846
57,-2.6551,-8.8071,1.4721,55.5281,133.6958,250.9504
57.02,-2.6693,-9.0764,0.654,52.8581,136.3235,253.7308
57.04,-2.6562,-9.3014,-0.2467,49.8772,138.609,256.2239
57.06,-2.6331,-9.4952,-1.2195,46.4975,140.7491,258.595
57.08,-2.578,-9.6329,-2.2782,41.9715,141.6725,260.6594
57.1,-2.3936,-9.7324,-4.5384,34.0023,140.1846,264.4213
57.12,-2.3052,-9.6651,-5.7226,29.7155,140.3089,266.3303
57.14,-2.2118,-9.511,-6.7867,26.3179,141.2461,267.8325
57.16,-2.1427,-9.3069,-7.8755,22.8667,142.7078,269.5392
57.18,-2.0818,-9.0137,-8.9212,19.3916,143.6867,271.1686
57.2,-1.9684,-8.2661,-10.8877,13.0018,143.4593,274.7668
57.22,-1.9186,-7.844,-11.7944,10.1341,142.9895,276.6584
57.24,-1.8733,-7.3991,-12.6476,6.3341,141.935,278.6495
57.26,-1.845,-6.9303,-13.4239,3.2223,140.9348,280.5224
57.28,-1.8485,-6.4577,-14.118,1.2046,140.7085,282.0969
57.3,-1.93,-5.5137,-15.2919,356.8939,142.0119,284.1505
57.32,-2.0028,-5.0575,-15.7802,354.7754,142.8446,284.854
57.34,-2.0977,-4.6202,-16.2046,352.7894,143.7255,285.384
57.36,-2.2197,-4.2262,-16.5663,350.9445,144.713,285.8815
57.38,-2.3652,-3.8699,-16.871,349.1362,145.8436,286.2549
57.4,-2.696,-3.3044,-17.3281,346.3466,147.7381,287.1803
57.42,-2.8719,-3.1157,-17.4733,345.2956,148.661,287.6374
57.44,-3.0456,-2.9967,-17.5594,344.4951,149.4686,288.1002
57.46,-3.2099,-2.9528,-17.5861,344.2775,149.894,288.6379
57.48,-3.3573,-2.9849,-17.5489,344.5343,150.0158,289.1482
57.5,-3.6065,-3.2795,-17.2771,346.3333,149.7632,289.8628
57.52,-3.6995,-3.5255,-17.0494,347.7178,149.541,289.9389
57.54,-3.7738,-3.8278,-16.7611,349.2945,149.3702,289.7765
57.56,-3.8308,-4.1763,-16.4167,350.9614,149.3376,289.3572
57.58,-3.8709,-4.5592,-16.0173,352.6527,149.4813,288.7094
57.6,-3.8966,-5.3893,-15.0758,356.1258,150.1292,287.0141
57.62,-3.8817,-5.827,-14.5327,357.7926,150.8081,285.9592
57.64,-3.8477,-6.2691,-13.9358,359.5564,151.3929,284.9486
57.66,-3.7888,-6.7075,-13.2937,1.5206,151.6308,283.9298
57.68,-3.7083,-7.1437,-12.5953,3.7194,151.3732,282.8889
57.7,-3.4912,-7.9914,-11.0238,8.5262,150.3038,280.1413
57.72,-3.364,-8.3885,-10.1496,11.1392,149.6112,278.527
57.74,-3.2339,-8.7444,-9.2175,13.906,149.0199,276.6616
57.76,-3.1117,-9.072,-8.2388,16.868,148.7259,274.7578
57.78,-3.0019,-9.3516,-7.217,20.3475,148.3318,272.8214
57.8,-2.8098,-9.7399,-5.1233,28.773,146.2466,268.4632
57.82,-2.7307,-9.8465,-4.0789,33.4003,143.8614,266.0745
57.84,-2.6712,-9.8895,-3.0471,37.9753,140.69,263.7108
57.86,-2.6072,-9.8639,-2.0468,42.0942,137.2444,261.0253
57.88,-2.5546,-9.7759,-1.0821,45.2203,135.0769,258.4362
57.9,-2.4746,-9.4474,0.6879,50.716,130.4723,252.982
57.92,-2.4394,-9.2075,1.4794,53.5483,127.652,249.5898
57.94,-2.4321,-8.9284,2.2127,56.6908,124.1368,245.4829
57.96,-2.3942,-8.6382,2.831,59.2749,121.1468,241.6036
57.98,-2.3886,-8.3487,3.3761,61.3778,120.0037,239.3706
58,-2.3462,-7.7752,4.2131,64.9762,119.6689,236.1583
58.02,-2.3332,-7.5436,4.5241,66.7652,120.506,235.5386
58.04,-2.3253,-7.3465,4.7733,68.2973,122.1779,235.7301
58.06,-2.3087,-7.2003,4.9573,69.488,123.9241,236.2259
58.08,-2.2907,-7.1145,5.0744,70.339,125.347,236.707
58.1,-2.2291,-7.0782,5.1089,70.5627,125.2651,235.9872
58.12,-2.2065,-7.133,5.0421,69.7094,123.861,235.0525
58.14,-2.1642,-7.2442,4.883,67.8385,121.3874,233.6437
58.16,-2.1421,-7.4144,4.6616,65.9423,120.1739,233.661
58.18,-2.1208,-7.5984,4.3794,64.4519,120.1773,234.6959
58.2,-2.1099,-8.0485,3.6338,61.8553,122.0035,238.4499
58.22,-2.1148,-8.2857,3.1707,60.4876,123.6359,240.9067
58.24,-2.1187,-8.5319,2.6427,58.9794,125.6639,243.5978
58.26,-2.1148,-8.776,2.045,57.0764,127.7021,246.2826
58.28,-2.1083,-9.0265,1.3838,54.7025,129.2333,248.6357
58.3,-2.082,-9.4485,-0.1467,49.5941,132.4151,253.1025
58.32,-2.0711,-9.6068,-1.0162,46.5369,133.9987,255.1798
58.34,-2.0602,-9.7096,-1.9479,43.3537,135.2773,257.2827
58.36,-2.0595,-9.7496,-2.9254,39.5563,136.2439,259.4641
58.38,-2.0728,-9.7346,-3.937,36.6458,137.5941,261.7347
58.4,-2.1123,-9.5044,-6.0196,30.8359,139.7146,265.9147
58.42,-2.1379,-9.3074,-7.0755,27.8296,140.5253,267.9284
58.44,-2.1615,-9.0533,-8.1232,24.6889,140.8931,269.8935
58.46,-2.1902,-8.7472,-9.144,21.7125,140.9609,271.8585
58.48,-2.2215,-8.3927,-10.1318,18.8682,140.9558,273.7651
58.5,-2.318,-7.5431,-11.9584,13.2772,141.8629,277.2462
58.52,-2.3751,-7.0526,-12.8035,10.4816,142.307,278.9349
58.54,-2.4348,-6.5367,-13.5979,7.6545,142.5388,280.6109
58.56,-2.5022,-6.0093,-14.3396,4.6876,142.698,282.2718
58.58,-2.5879,-5.4884,-15.011,2.1571,143.0918,283.7574
58.6,-2.7989,-4.4981,-16.1532,357.7785,144.2824,286.2967
58.62,-2.9138,-4.0504,-16.6172,355.6726,144.6741,287.5279
58.64,-3.0295,-3.6515,-17.0069,352.8475,144.6111,288.735
58.66,-3.1492,-3.3206,-17.3141,351.1155,144.724,289.7135
58.68,-3.2713,-3.0632,-17.5365,350.1359,144.9789,290.5551
58.7,-3.5004,-2.7874,-17.7488,348.6031,145.4095,291.7076
58.72,-3.6007,-2.775,-17.7501,348.5343,145.6241,292.0019
58.74,-3.6836,-2.8353,-17.6926,348.7359,145.7955,292.1238
58.76,-3.7627,-2.9831,-17.5616,349.1503,145.9703,292.0608
58.78,-3.8253,-3.2037,-17.3628,349.9296,146.1748,291.7731
58.8,-3.8841,-3.7982,-16.8112,352.3208,146.0838,291.0401
58.82,-3.8754,-4.1647,-16.4558,353.9009,145.719,290.636
58.84,-3.8373,-4.5733,-16.0457,355.714,145.1404,290.1131
58.86,-3.7725,-5.0222,-15.5662,357.6862,144.4662,289.3649
58.88,-3.6797,-5.498,-15.0098,359.728,143.7551,288.3107
58.9,-3.4244,-6.4974,-13.6272,4.1887,142.0212,285.3573
58.92,-3.2753,-6.9958,-12.7952,6.5613,141.0755,283.4528
58.94,-3.1251,-7.4767,-11.8733,9.0288,140.1272,281.293
58.96,-2.9782,-7.9396,-10.8806,11.5683,139.3387,278.8945
58.98,-2.8413,-8.375,-9.8259,14.3383,138.5467,276.3815
59,-2.6182,-9.1151,-7.5641,20.8553,136.3429,270.9172
59.02,-2.5391,-9.3953,-6.3806,24.7743,134.8186,268.0066
59.04,-2.4818,-9.5893,-5.1816,28.9518,132.9101,265.3219
59.06,-2.4514,-9.6949,-3.9764,33.3723,130.8623,262.8931
59.08,-2.4398,-9.6984,-2.7886,37.365,129.6122,260.4633
59.1,-2.4611,-9.4476,-0.5277,45.3082,128.0276,255.1985
59.12,-2.4667,-9.2098,0.5532,50.165,126.7238,251.7303
59.14,-2.4705,-8.9268,1.4534,53.8782,125.2973,248.3877
59.16,-2.444,-8.5935,2.2973,57.8686,123.6392,244.8412
59.18,-2.4106,-8.2535,3.0353,61.526,122.5885,241.8419
59.2,-2.2932,-7.5831,4.2041,65.757,120.471,236.2607
59.22,-2.2136,-7.2849,4.6462,67.6176,119.917,234.1442
59.24,-2.1428,-7.0143,5.0117,69.525,120.6723,233.1219
59.26,-2.0735,-6.816,5.2997,71.2601,122.3785,233.0916
59.28,-2.0012,-6.6495,5.5158,72.9825,123.0786,232.3107
59.3,-1.8764,-6.5043,5.7227,73.9328,120.3192,228.5371
59.32,-1.8153,-6.5313,5.7104,71.8324,115.6315,224.8943
59.34,-1.774,-6.6144,5.6358,69.3593,111.2941,222.2548
59.36,-1.7393,-6.7694,5.4568,68.8852,111.3353,222.9231
59.38,-1.7315,-6.9739,5.2004,67.8334,112.0669,224.6082
59.4,-1.758,-7.5003,4.4349,65.6407,119.2473,232.7666
59.42,-1.7876,-7.8038,3.9267,63.8233,123.0811,237.2125
59.44,-1.8238,-8.1177,3.3301,61.6481,126.289,241.097
59.46,-1.8652,-8.4227,2.6557,59.1799,129.0748,244.6386
59.48,-1.9051,-8.7223,1.8959,56.3454,131.375,247.717
59.5,-1.9818,-9.2538,0.1369,49.4482,136.0271,253.3867
59.52,-2.0192,-9.4806,-0.858,45.6908,138.3415,255.99
59.54,-2.0561,-9.6303,-1.8997,41.9144,140.4485,258.557
59.56,-2.0858,-9.7286,-3.0044,38.0239,142.004,260.9618
59.58,-2.1189,-9.7617,-4.1564,34.2239,143.3993,263.2864
59.6,-2.1997,-9.5819,-6.5169,26.3887,145.1667,267.5939
59.62,-2.2468,-9.3767,-7.6998,23.0219,145.5767,269.7221
59.64,-2.2992,-9.0981,-8.8674,19.8548,145.5148,271.8483
59.66,-2.356,-8.7513,-10.0096,16.7896,145.0774,274.0494
59.68,-2.4224,-8.3377,-11.0995,13.7933,144.5334,276.3184
59.7,-2.575,-7.353,-13.1119,7.9318,143.9953,280.766
59.72,-2.6594,-6.7895,-14.0123,4.6833,143.7858,282.8927
59.74,-2.7499,-6.1928,-14.8334,0.9952,143.6214,284.8079
59.76,-2.8539,-5.5844,-15.564,358.3459,143.8299,286.5303
59.78,-2.9662,-4.9777,-16.2075,356.1307,144.1442,288.0722
59.8,-3.2209,-3.8416,-17.2327,351.9281,145.3568,290.2941
59.82,-3.3616,-3.3471,-17.6209,349.9068,146.32,290.9052
59.84,-3.5071,-2.922,-17.9341,347.9362,147.5134,291.19
59.86,-3.6525,-2.576,-18.1799,346.2026,148.7018,291.344
59.88,-3.7916,-2.3131,-18.3658,344.7407,149.6746,291.5039
59.9,-4.0377,-2.0394,-18.5573,343.0616,150.8707,291.9739
59.92,-4.1376,-2.0326,-18.5571,342.9378,151.114,292.291
59.94,-4.2152,-2.1067,-18.4956,343.2514,151.1386,292.5392
59.96,-4.2828,-2.2796,-18.3564,343.9437,151.0969,292.6313
59.98,-4.3282,-2.5356,-18.1489,345.0868,151.0833,292.4764
60,-4.3496,-3.2271,-17.5616,347.6606,151.3299,291.4052
60.02,-4.322,-3.6471,-17.1818,349.2185,151.3106,290.7622
60.04,-4.2679,-4.1139,-16.7418,350.9818,151.151,290.0385
60.06,-4.1847,-4.6252,-16.2413,352.9219,150.9626,289.3221
60.08,-4.0764,-5.1818,-15.676,355.0517,150.719,288.4486
60.1,-3.793,-6.3985,-14.3375,359.7259,150.2673,286.1626
60.12,-3.6152,-7.0444,-13.5069,2.3031,150.1907,284.3063
60.14,-3.4722,-7.6316,-12.6365,4.7555,150.1887,282.5501
60.16,-3.31,-8.1907,-11.6465,7.4684,150.2267,280.4982
60.18,-3.1549,-8.6866,-10.5787,10.3342,150.4471,278.3711
60.2,-2.8888,-9.4831,-8.2945,17.1303,150.9165,274.2985
60.22,-2.7948,-9.7841,-7.1119,21.4273,151.0097,272.5285
60.24,-2.7335,-10.0037,-5.9211,26.1532,150.771,270.9365
60.26,-2.7049,-10.1402,-4.7445,31.122,149.9633,269.4062
60.28,-2.708,-10.191,-3.5972,36.4253,148.379,267.8477
60.3,-2.7984,-10.0333,-1.4395,46.4483,142.5882,263.1722
60.32,-2.8723,-9.8324,-0.4398,50.3024,139.2312,260.3611
60.34,-2.9556,-9.5675,0.4892,53.4977,136.7729,257.5978
60.36,-3.0418,-9.2594,1.3488,56.5069,133.8384,254.5512
60.38,-3.1074,-8.9031,2.1256,59.4468,130.3983,250.831
60.4,-3.1934,-8.1568,3.4395,64.551,122.8576,242.4835
60.42,-3.2037,-7.8049,3.9621,66.3807,119.8751,238.7833
60.44,-3.1946,-7.4714,4.4011,67.9808,118.4876,236.271
60.46,-3.1609,-7.1969,4.7468,69.4903,117.4498,234.0604
60.48,-3.1273,-6.9674,5.0308,70.2279,116.0694,232.0078
60.5,-3.0364,-6.6499,5.3964,71.7127,116.4804,230.6555
60.52,-2.9791,-6.5648,5.4831,72.3059,117.0374,230.4615
60.54,-2.9292,-6.5577,5.5174,72.3198,117.1002,230.2854
60.56,-2.8506,-6.6005,5.4738,71.9184,117.1792,230.2886
60.58,-2.7991,-6.704,5.3936,71.1851,117.2078,230.5242
60.6,-2.679,-7.0811,4.9958,68.6407,117.2104,231.9511
60.62,-2.6365,-7.3292,4.6987,67.1026,117.7183,233.4569
60.64,-2.5947,-7.5954,4.3153,65.5217,119.2709,235.8882
60.66,-2.5496,-7.8773,3.8437,63.5444,121.3418,238.717
60.68,-2.5336,-8.1579,3.3201,61.768,124.0387,241.8225
60.7,-2.4827,-8.7313,2.0445,57.2866,129.0118,247.5725
60.72,-2.4504,-9.006,1.3028,54.7686,131.3481,250.2166
60.74,-2.4159,-9.2447,0.5049,51.9455,133.4168,252.6755
60.76,-2.3707,-9.4522,-0.3498,48.8078,135.3056,254.9542
60.78,-2.3337,-9.6125,-1.2399,46.1001,137.4584,257.2281
60.8,-2.2378,-9.7913,-3.1275,40.5917,141.2911,261.3709
60.82,-2.1726,-9.821,-4.1276,37.4273,142.7154,263.098
60.84,-2.1062,-9.7802,-5.1333,34.3733,143.4758,264.7111
60.86,-2.0389,-9.6903,-6.1599,31.2558,143.834,266.3175
60.88,-1.9748,-9.5255,-7.176,28.2673,143.9712,267.9063
60.9,-1.8685,-9.0293,-9.1655,22.2002,144.5776,271.0467
60.92,-1.8334,-8.7036,-10.116,19.1501,144.9713,272.5312
60.94,-1.8069,-8.3365,-11.0338,16.2517,145.4121,274.0026
60.96,-1.7939,-7.9328,-11.9077,13.2156,145.8582,275.3864
60.98,-1.793,-7.4982,-12.7321,9.0853,146.1032,276.7003
61,-1.8351,-6.551,-14.2051,3.2553,146.7565,279.3155
61.02,-1.8822,-6.0618,-14.8385,0.6939,147.1261,280.5059
61.04,-1.9469,-5.5729,-15.4071,358.1995,147.5712,281.5878
61.06,-2.0252,-5.0848,-15.9124,354.7759,147.9468,282.5013
61.08,-2.1195,-4.6286,-16.3502,351.096,148.1106,283.3721
61.1,-2.3507,-3.8324,-17.0384,347.1339,149.3782,284.5982
61.12,-2.4885,-3.5006,-17.3035,345.7144,149.8355,285.2684
61.14,-2.6155,-3.2505,-17.4946,344.7035,150.2386,285.8068
61.16,-2.7509,-3.0522,-17.6363,343.9318,150.5528,286.3819
61.18,-2.8826,-2.9238,-17.7196,343.4782,150.7885,286.8697
61.2,-3.1053,-2.8954,-17.7118,343.7828,150.7834,287.7287
61.22,-3.1896,-2.9906,-17.6302,344.4536,150.6507,288.0356
61.24,-3.2622,-3.1658,-17.4815,345.3795,150.509,288.1797
61.26,-3.3089,-3.3945,-17.2876,346.4367,150.402,288.174
61.28,-3.3341,-3.6701,-17.0423,347.5889,150.4053,287.9465
61.3,-3.3332,-4.3397,-16.4034,349.8341,151.2763,286.6888
61.32,-3.3063,-4.7178,-16.0142,350.9583,152.0231,285.8694
61.34,-3.2641,-5.1201,-15.576,352.227,152.644,285.0661
61.36,-3.2098,-5.5458,-15.0834,353.7548,152.9318,284.329
61.38,-3.1409,-5.9803,-14.5433,355.5289,152.9983,283.5335
61.4,-2.9711,-6.88,-13.2803,359.9374,151.9836,281.9085
61.42,-2.8773,-7.3359,-12.5493,2.4433,151.1935,280.8795
61.44,-2.7825,-7.7842,-11.752,5.0761,150.4854,279.6418
61.46,-2.6921,-8.2161,-10.8902,7.8646,150.0023,278.2307
61.48,-2.6083,-8.6186,-9.9672,10.8695,149.8247,276.5742
61.5,-2.4721,-9.3207,-7.9774,17.8542,149.1976,273.1572
61.52,-2.4132,-9.5892,-6.928,21.8875,148.6479,271.2182
61.54,-2.3615,-9.8001,-5.8607,26.2576,147.3907,269.2431
61.56,-2.3171,-9.9389,-4.7835,31.0373,145.1072,266.9064
61.58,-2.2716,-10.031,-3.7296,35.7143,141.816,264.5744
61.6,-2.1673,-9.9793,-1.7021,43.437,133.8639,259.1652
61.62,-2.1217,-9.8589,-0.7608,46.1635,130.898,256.3956
61.64,-2.0683,-9.6658,0.1241,48.6959,127.0408,253.1541
61.66,-2.02,-9.4609,0.928,51.0126,122.9835,249.4659
61.68,-1.9976,-9.2125,1.6814,53.5225,118.6142,245.0472
61.7,-1.9452,-8.6756,2.8949,57.7787,112.745,237.8812
61.72,-1.9267,-8.3995,3.3639,59.7957,112.224,235.9573
61.74,-1.9203,-8.147,3.7553,61.6535,111.7259,234.1403
61.76,-1.9046,-7.9321,4.0534,63.1362,111.7635,233.0462
61.78,-1.9106,-7.755,4.2901,64.4295,112.7004,232.7897
61.8,-1.9015,-7.5624,4.5358,65.8626,115.3197,233.5121
61.82,-1.915,-7.5452,4.5754,66.0599,115.9296,233.7331
61.84,-1.9248,-7.5742,4.5434,66.0178,116.161,233.9042
61.86,-1.935,-7.6371,4.4465,65.6827,116.234,234.0867
61.88,-1.9766,-7.7574,4.2655,64.4368,115.5106,234.1223
61.9,-2.0639,-8.0983,3.6744,61.0107,115.3359,235.7757
61.92,-2.1233,-8.302,3.2586,59.2203,116.1079,237.6511
61.94,-2.1772,-8.5374,2.7336,57.3682,117.386,239.9841
61.96,-2.2377,-8.7573,2.1251,55.3957,118.9749,242.6065
61.98,-2.3055,-8.9914,1.4288,53.3822,120.8397,245.4604
62,-2.4504,-9.3929,-0.2133,48.9702,124.8832,251.4227
62.02,-2.5278,-9.5474,-1.1411,46.23,126.8326,254.4537
62.04,-2.6033,-9.651,-2.1321,43.5488,128.9539,257.3188
62.06,-2.6707,-9.6998,-3.1778,41.0883,131.04,260.3088
62.08,-2.7192,-9.6942,-4.2759,38.357,132.8069,263.234
62.1,-2.7804,-9.463,-6.5419,32.3019,135.2421,268.4191
62.12,-2.8061,-9.2157,-7.7298,29.1652,136.4031,271.0279
62.14,-2.8094,-8.9121,-8.8022,26.1557,137.5173,273.1941
62.16,-2.8169,-8.5406,-9.9013,23.0076,138.5152,275.4508
62.18,-2.8148,-8.1061,-10.9688,19.8492,139.3848,277.5046
62.2,-2.8039,-7.1237,-12.9778,12.3949,140.3559,281.5336
62.22,-2.8045,-6.5741,-13.8936,8.8832,140.8738,283.4084
62.24,-2.8149,-6.0093,-14.7414,5.902,141.4296,285.1802
62.26,-2.8341,-5.4334,-15.5158,2.9786,141.8564,286.9239
62.28,-2.8623,-4.853,-16.2048,0.3826,141.9298,288.6949
62.3,-2.9707,-3.7528,-17.2837,356.1271,142.2745,291.5232
62.32,-3.0435,-3.2518,-17.6824,354.2273,143.3354,292.069
62.34,-3.1307,-2.8118,-17.9805,349.0537,145.9001,291.907
62.36,-3.2062,-2.4491,-18.2221,346.0648,146.5248,292.0856
62.38,-3.2814,-2.1724,-18.3935,344.623,147.3082,292.3055
62.4,-3.4069,-1.9089,-18.5538,342.8068,148.3932,292.6563
62.42,-3.4464,-1.922,-18.548,342.9791,148.0254,293.0482
62.44,-3.4716,-2.0201,-18.4862,343.6105,147.209,293.4493
62.46,-3.4867,-2.2309,-18.3428,344.9456,145.7529,293.9501
62.48,-3.4837,-2.5153,-18.1386,346.6628,144.0518,294.3038
62.5,-3.4455,-3.2793,-17.5298,350.8351,141.3725,294.2316
62.52,-3.4094,-3.7393,-17.13,353.2788,140.2379,293.8431
62.54,-3.3646,-4.2409,-16.6674,355.8348,139.3702,293.1279
62.56,-3.3106,-4.7702,-16.1431,358.2122,138.7697,291.9974
62.58,-3.2445,-5.3255,-15.5543,0.5873,138.0913,290.6807
62.6,-3.0772,-6.4613,-14.175,5.254,136.7382,287.3336
62.62,-2.9827,-7.0273,-13.3746,7.7101,135.8874,285.504
62.64,-2.8781,-7.5566,-12.5086,10.2412,134.9943,283.5256
62.66,-2.7737,-8.0511,-11.5791,12.7957,134.0501,281.4198
62.68,-2.6639,-8.4979,-10.5989,15.3228,133.0049,279.2281
62.7,-2.4417,-9.2354,-8.5168,20.3578,130.7632,274.4363
62.72,-2.3451,-9.534,-7.4307,22.9715,129.5823,272.0123
62.74,-2.2482,-9.7511,-6.3305,25.628,128.7245,269.3976
62.76,-2.1624,-9.8956,-5.2275,28.5295,127.7361,266.6457
62.78,-2.0831,-9.9765,-4.1457,31.4697,126.8988,264.0023
62.8,-1.9367,-9.8933,-2.0659,38.2684,124.7143,258.5475
62.82,-1.8742,-9.7606,-1.1002,41.1625,123.4259,255.8299
62.84,-1.8146,-9.582,-0.1957,44.5405,122.1124,252.8956
62.86,-1.7882,-9.3376,0.677,47.6023,120.4018,249.7741
62.88,-1.7244,-9.083,1.4219,49.9054,119.1048,247.0054
62.9,-1.6781,-8.4869,2.7468,55.218,116.4349,241.1897
62.92,-1.6478,-8.1973,3.2713,57.5667,115.1777,238.1811
62.94,-1.6462,-7.9319,3.7278,59.0314,113.6259,235.547
62.96,-1.6395,-7.6777,4.0985,60.1721,112.2228,233.1686
62.98,-1.6465,-7.4766,4.3921,61.1614,111.183,231.3262
63,-1.7218,-7.1829,4.7641,62.8068,110.1808,229.1592
63.02,-1.7654,-7.108,4.8221,63.2529,110.3358,228.9308
63.04,-1.8422,-7.0833,4.828,63.5371,110.8673,229.2615
63.06,-1.9374,-7.0919,4.7805,63.6843,111.6444,229.9626
63.08,-2.0457,-7.1645,4.6485,63.6038,112.8171,231.2218
63.1,-2.3156,-7.4701,4.2048,62.9055,116.2433,235.2747
63.12,-2.4461,-7.6789,3.8507,62.0599,118.161,237.8379
63.14,-2.5769,-7.8999,3.4613,60.9292,119.6684,240.2545
63.16,-2.7033,-8.1479,2.9671,59.5495,121.5804,243.0429
63.18,-2.8267,-8.4102,2.3906,57.9489,123.9761,246.0184
63.2,-3.0425,-8.8913,0.9749,53.5499,128.5259,251.7099
63.22,-3.1461,-9.102,0.1539,50.7675,130.5269,254.3959
63.24,-3.2215,-9.2802,-0.7509,47.6977,132.1991,256.8824
63.26,-3.2826,-9.4166,-1.7197,44.7748,133.8488,259.4702
63.28,-3.3231,-9.5129,-2.7544,41.7035,135.3056,262.0637
63.3,-3.3553,-9.5108,-4.9481,35.7232,137.4613,266.9493
63.32,-3.3556,-9.4278,-6.0982,32.4203,138.3124,269.3294
63.34,-3.3403,-9.2545,-7.26,28.9905,138.9694,271.5394
63.36,-3.328,-9.0168,-8.4155,25.5033,139.4148,273.825
63.38,-3.2994,-8.6816,-9.5564,22.0699,139.872,275.9147
63.4,-3.2522,-7.8361,-11.7126,15.369,140.6363,280.131
63.42,-3.2313,-7.339,-12.7004,12.2779,140.9112,282.1677
63.44,-3.2105,-6.8136,-13.6192,9.276,141.0838,284.1492
63.46,-3.1925,-6.2669,-14.4525,6.5144,140.996,286.1322
63.48,-3.1775,-5.6993,-15.184,3.4301,140.7485,287.9557
63.5,-3.1699,-4.6105,-16.3361,356.8091,140.2804,290.4861
63.52,-3.1778,-4.1152,-16.7716,354.6605,140.5073,291.3763
63.54,-3.1925,-3.677,-17.1258,353.1129,141.4155,291.6412
63.56,-3.2189,-3.3199,-17.3898,348.9196,143.6882,291.2905
63.58,-3.2331,-3.0446,-17.5995,347.0663,145.5718,290.8631
63.6,-3.2239,-2.7586,-17.83,345.9965,145.3903,291.4661
63.62,-3.2079,-2.7605,-17.8381,346.2531,144.6466,291.9156
63.64,-3.1908,-2.8497,-17.7746,346.5791,144.1865,292.0913
63.66,-3.1674,-3.0408,-17.6228,347.3708,143.6909,292.0466
63.68,-3.1397,-3.3147,-17.3927,348.6121,143.1346,291.7978
63.7,-3.0732,-4.0524,-16.7253,351.7863,142.3068,290.5822
63.72,-3.0358,-4.5038,-16.2897,353.4405,142.1858,289.5503
63.74,-2.9946,-4.9985,-15.7864,355.3078,141.9659,288.4119
63.76,-2.9535,-5.5236,-15.2097,357.355,141.694,287.1305
63.78,-2.912,-6.0615,-14.5633,359.5979,141.3931,285.7305
63.8,-2.8331,-7.1399,-13.0611,4.5922,140.6826,282.6405
63.82,-2.8009,-7.6584,-12.2052,7.1646,140.3216,280.889
63.84,-2.7746,-8.1426,-11.2829,9.8283,139.899,279.0198
63.86,-2.7599,-8.5904,-10.2984,12.6849,139.4328,277.0534
63.88,-2.7566,-8.9803,-9.254,15.7692,138.7924,274.9719
63.9,-2.777,-9.5629,-7.0541,23.1593,136.45,270.6059
63.92,-2.7962,-9.7608,-5.9301,27.5192,134.296,268.5955
63.94,-2.813,-9.8837,-4.804,32.1896,131.7703,266.5649
63.96,-2.8345,-9.9487,-3.6872,35.9846,129.8688,264.3032
63.98,-2.8524,-9.9376,-2.5961,39.3763,127.8043,261.7106
64,-2.8848,-9.6983,-0.527,46.24,122.9221,255.5052
64.02,-2.8946,-9.4783,0.4151,49.326,120.3114,252.0224
64.04,-2.8997,-9.1921,1.2915,52.6147,117.7664,248.3051
64.06,-2.905,-8.8658,2.0962,56.0783,115.2225,244.5103
64.08,-2.8803,-8.5212,2.7959,58.9706,113.5642,241.0775
64.1,-2.8073,-7.8331,3.9387,62.4131,109.9346,234.6308
64.12,-2.7682,-7.4967,4.4078,64.084,108.6824,231.9634
64.14,-2.7305,-7.2264,4.7555,65.7069,108.7167,230.4583
64.16,-2.6824,-6.9824,5.0457,67.2291,108.2987,228.6729
64.18,-2.6484,-6.7797,5.272,68.5508,106.8497,226.2332
64.2,-2.581,-6.5746,5.4918,67.6121,102.0432,221.7732
64.22,-2.5635,-6.5539,5.5018,65.7565,98.8957,219.6918
64.24,-2.547,-6.6124,5.4317,64.7099,97.3918,219.1586
64.26,-2.5378,-6.7243,5.2836,64.2019,97.3621,219.8157
64.28,-2.5605,-6.908,5.063,63.9948,98.8668,221.76
64.3,-2.5807,-7.4011,4.391,62.7324,105.8966,229.3807
64.32,-2.6074,-7.6818,3.9623,61.6545,109.5414,233.4267
64.34,-2.6217,-7.9851,3.4513,60.3396,113.4227,237.5716
64.36,-2.6528,-8.2836,2.8855,58.6712,117.1361,241.5693
64.38,-2.651,-8.5782,2.2385,56.2924,120.4227,245.2566
64.4,-2.6561,-9.132,0.7679,50.7697,125.9122,251.0584
64.42,-2.639,-9.3718,-0.0663,48.0197,128.7349,253.8329
64.43999,-2.6255,-9.5849,-0.9493,45.1023,130.9702,256.526
64.46,-2.61,-9.7463,-1.8827,42.1472,132.7497,259.1065
64.48,-2.5964,-9.8482,-2.8559,39.4646,134.2247,261.6162
64.5,-2.5768,-9.8486,-4.8883,34.3851,136.2078,266.2028
64.52,-2.5763,-9.7535,-5.9263,31.885,136.4929,268.3451
64.54,-2.5722,-9.595,-6.9708,29.3881,136.4816,270.5256
64.56,-2.5705,-9.3789,-8.0089,26.7836,136.4446,272.7833
64.58,-2.5768,-9.102,-9.0189,24.2828,136.6743,275.034
64.6,-2.6056,-8.4043,-10.9311,19.2609,137.6713,279.2939
64.62,-2.6215,-7.9932,-11.8242,16.8576,138.2705,281.2539
64.64,-2.6391,-7.5478,-12.6619,14.4827,138.8332,283.0902
64.66,-2.654,-7.071,-13.4464,12.0824,139.4478,284.7433
64.68,-2.6717,-6.5691,-14.167,9.6626,140.0386,286.2161
64.7,-2.7272,-5.5306,-15.4135,4.341,141.4667,288.4856
64.72,-2.7679,-5.0089,-15.9426,0.7693,142.3453,289.0881
64.74,-2.8189,-4.4962,-16.4126,357.4588,143.2578,289.6119
64.76,-2.8828,-4.0168,-16.8217,354.8447,144.3527,289.9921
64.78,-2.9489,-3.5867,-17.1795,352.548,145.4065,290.3091
64.8,-3.0672,-2.9151,-17.7362,349.1689,146.8151,291.2134
64.82,-3.1154,-2.6929,-17.9226,348.1341,147.0567,291.7597
64.84,-3.1541,-2.5567,-18.0392,347.582,147.0558,292.2487
64.86,-3.1834,-2.5072,-18.0825,347.502,146.8491,292.6316
64.88,-3.2022,-2.5392,-18.0553,347.8839,146.3788,292.9787
64.9,-3.2118,-2.8437,-17.8089,349.7563,145.0299,293.4282
64.92,-3.203,-3.0998,-17.6028,350.8853,144.6511,293.2533
64.93999,-3.1836,-3.416,-17.3456,352.1765,144.3607,292.8837
64.96,-3.1535,-3.7897,-17.034,353.6524,144.0455,292.4073
64.98,-3.1131,-4.216,-16.6602,355.3067,143.732,291.7883
65,-3.007,-5.2071,-15.7004,358.9823,143.3658,289.8688
65.02,-2.9431,-5.7547,-15.0991,1.0359,143.2518,288.5925
65.04,-2.874,-6.3244,-14.4122,3.228,143.1105,287.1446
65.06,-2.7996,-6.9025,-13.6415,5.5954,142.8724,285.5544
65.08,-2.7191,-7.4741,-12.7924,8.2054,142.3449,283.8614
65.1,-2.5702,-8.5465,-10.8656,14.0177,140.7383,279.9579
65.12,-2.5019,-9.0402,-9.7611,17.2774,140.0083,277.5565
65.14,-2.4758,-9.4288,-8.6926,20.6519,138.6119,275.3046
65.16,-2.4475,-9.7642,-7.5564,24.2558,136.5677,272.8282
65.18,-2.4406,-10.0283,-6.4059,28.1428,133.8063,270.2781
65.2,-2.4766,-10.3019,-4.1344,35.8225,126.815,265.1787
65.22,-2.5252,-10.3238,-3.0378,38.9392,124.018,262.4896
65.24,-2.5952,-10.2775,-1.9855,41.9709,121.162,259.2864
65.26,-2.687,-10.1592,-0.9891,44.5522,118.6177,256.117
65.28,-2.7949,-9.9747,-0.0641,47.3767,116.046,252.8184
65.3,-3.0503,-9.4474,1.553,54.4332,111.8308,245.9557
65.32,-3.1695,-9.1493,2.2186,57.8576,111.2421,243.4451
65.34,-3.2721,-8.8434,2.7893,60.3303,111.034,241.4334
65.36,-3.3657,-8.5449,3.2798,62.7226,111.1216,239.6593
65.38,-3.4332,-8.2628,3.6805,64.4524,111.2905,238.347
65.4,-3.5279,-7.7676,4.2705,67.5802,112.9427,236.9821
65.42,-3.5385,-7.5719,4.465,68.8515,112.8072,235.7507
65.43999,-3.5333,-7.4281,4.5954,68.9964,111.0402,233.8114
65.46,-3.5069,-7.3369,4.667,67.9494,107.8311,231.0541
65.48,-3.4715,-7.3042,4.6791,66.1939,104.0333,228.3654
65.5,-3.3848,-7.3721,4.5375,64.5665,101.2637,227.1188
65.52,-3.335,-7.4893,4.359,64.2604,102.2617,228.3694
65.54,-3.2788,-7.6583,4.1284,63.9427,104.6674,230.7986
65.56,-3.2173,-7.8398,3.8498,63.3485,107.8526,233.9436
65.58,-3.1438,-8.0651,3.5012,62.4244,111.0902,237.2151
65.6,-2.9751,-8.5586,2.6272,59.6532,117.5159,243.7856
65.62,-2.8796,-8.8133,2.0945,57.5149,120.3792,246.8507
65.64,-2.7672,-9.0658,1.4855,54.9004,122.6542,249.3299
65.66,-2.6634,-9.3101,0.8152,51.9163,125.0327,251.9028
65.68,-2.5586,-9.5368,0.0749,48.497,126.7202,253.8506
65.7,-2.3904,-9.8671,-1.5792,41.6586,130.8173,258.1772
65.72,-2.3276,-9.9485,-2.4814,38.675,132.874,260.541
65.74,-2.2666,-9.972,-3.4304,35.9142,134.7077,262.7858
65.76,-2.2238,-9.9529,-4.4093,33.3975,136.1736,264.9854
65.78,-2.1785,-9.8805,-5.4192,30.8521,137.0927,267.0471
65.8,-2.1138,-9.5596,-7.4731,25.6998,137.3065,270.9459
65.82,-2.1007,-9.3112,-8.4947,23.1441,136.8917,273.0715
65.84,-2.0926,-8.9987,-9.4995,20.2073,136.2379,275.2599
65.86,-2.102,-8.6427,-10.4716,17.5623,135.8658,277.4572
65.88,-2.1223,-8.2432,-11.4088,15.0867,135.7463,279.6323
65.9,-2.2107,-7.3372,-13.1297,10.7245,136.0844,283.9218
65.92,-2.2727,-6.8401,-13.899,8.6417,136.482,285.8806
65.93999,-2.3454,-6.3251,-14.5983,6.5921,136.9434,287.6691
65.96,-2.4268,-5.8006,-15.2235,4.5537,137.4866,289.2392
65.98,-2.5188,-5.2812,-15.7726,2.3303,138.2711,290.4518
66,-2.7193,-4.2961,-16.655,356.9002,140.1307,292.0183
66.02,-2.8266,-3.8611,-17.0015,354.5804,141.2488,292.4473
66.04,-2.9325,-3.4762,-17.2959,352.6151,142.289,292.8834
66.06,-3.035,-3.15,-17.5442,350.9451,143.2871,293.2512
66.08,-3.1291,-2.8873,-17.7497,349.6099,144.0464,293.6563
66.1,-3.2954,-2.5662,-18.0112,347.9067,145.2083,294.4177
66.12,-3.3688,-2.5011,-18.0615,347.536,145.5898,294.6904
66.14,-3.4211,-2.5016,-18.0564,347.6195,145.6751,294.8768
66.16,-3.4618,-2.5583,-18.0052,347.9995,145.5959,295.0132
66.18,-3.4937,-2.6941,-17.8932,348.6959,145.4089,295.0614
66.2,-3.5021,-3.152,-17.5256,350.7529,144.9219,294.7455
66.22,-3.4802,-3.4737,-17.2653,352.0945,144.6062,294.4178
66.24,-3.4415,-3.8527,-16.952,353.5842,144.3685,293.8787
66.26,-3.391,-4.2839,-16.5741,355.0909,144.2982,292.9575
66.28,-3.3281,-4.7552,-16.132,356.6515,144.4185,291.8523
66.3,-3.1765,-5.7641,-15.0395,359.8933,145.0548,288.9857
66.32,-3.0881,-6.2853,-14.4039,1.6512,145.4189,287.4313
66.34,-2.9953,-6.8028,-13.7075,3.602,145.6713,285.8375
66.36,-2.8985,-7.303,-12.9602,5.738,145.7266,284.2325
66.38,-2.8011,-7.7836,-12.1647,8.0446,145.5672,282.6516
66.4,-2.6096,-8.6539,-10.4454,13.202,144.6082,279.3875
66.42,-2.5351,-9.0467,-9.5202,16.0604,144.0389,277.6953
66.43999,-2.4714,-9.3821,-8.5594,19.0522,143.4096,275.7927
66.46,-2.4282,-9.6785,-7.5704,22.3075,142.4799,273.8904
66.48,-2.4084,-9.9286,-6.5619,25.9236,140.9501,271.841
66.5,-2.3941,-10.2148,-4.5305,33.8766,135.3475,266.8036
66.52,-2.3962,-10.2581,-3.5239,38.0296,131.5284,264.2568
66.54,-2.409,-10.2744,-2.5514,41.4833,129.1482,261.8847
66.56,-2.4277,-10.2332,-1.6097,44.3607,127.4851,259.6307
66.58,-2.4569,-10.1218,-0.6902,47.1878,125.6142,257.0028
66.6,-2.4427,-9.7755,0.8911,52.8947,121.0318,250.5659
66.62,-2.4286,-9.5584,1.5657,56.1471,118.4445,247.0147
66.64,-2.3995,-9.3089,2.1507,58.2719,116.7913,244.3344
66.66,-2.3573,-9.0524,2.6459,59.9208,116.2877,242.503
66.68,-2.2986,-8.8142,3.0495,61.247,115.6738,240.7554
66.7,-2.1891,-8.3976,3.6587,63.2358,115.4034,238.4315
66.72,-2.1163,-8.2462,3.853,64.0523,116.4645,238.3374
66.74,-2.0582,-8.1451,4.0034,64.4593,116.5037,237.6949
66.76,-1.9823,-8.0737,4.0919,64.6321,116.0404,236.7599
66.78,-1.9261,-8.0707,4.115,64.5112,115.4641,236.0699
66.8,-1.8344,-8.1445,4.0002,62.7474,113.1619,234.5113
66.82,-1.8042,-8.2347,3.8362,61.6165,112.3179,234.4734
66.84,-1.7855,-8.382,3.6015,60.5989,112.4176,235.4033
66.86,-1.7818,-8.5399,3.3082,59.5858,113.0898,236.8903
66.88,-1.7891,-8.7199,2.9483,58.5623,114.4721,238.9542
66.9,-1.8196,-9.0961,2.0233,56.2121,118.3188,244.0338
66.92,-1.8509,-9.2933,1.4646,54.655,120.2681,246.606
66.93999,-1.8774,-9.4636,0.8418,53.0787,122.3501,249.0721
66.96,-1.9104,-9.6312,0.1495,51.265,124.5456,251.6348
66.98,-1.9498,-9.7697,-0.5984,49.0512,126.4833,254.0567
67,-2.0286,-9.9746,-2.3239,43.4819,130.101,258.6942
67.02,-2.073,-9.9945,-3.2505,40.7081,131.4596,260.8532
67.04,-2.113,-9.9911,-4.2468,37.8919,132.7179,263.2523
67.06,-2.1534,-9.9215,-5.2662,35.2804,133.8757,265.6494
67.08,-2.2017,-9.8004,-6.3022,32.7353,134.8509,268.0852
67.1,-2.2836,-9.3662,-8.3843,27.4153,135.9769,272.705
67.12,-2.3407,-9.0742,-9.454,24.8218,136.4082,275.2141
67.14,-2.3725,-8.7449,-10.4092,22.4573,136.9337,277.3658
67.16,-2.4243,-8.3772,-11.3704,19.9683,137.5686,279.6308
67.18,-2.4813,-7.987,-12.2893,17.4934,138.2646,281.8627
67.2,-2.603,-7.1243,-13.955,11.7445,138.6001,286.1833
67.22,-2.6775,-6.6616,-14.6699,9.8903,138.6467,288.2681
67.24,-2.7568,-6.1816,-15.2979,8.2658,138.6917,290.1776
67.26,-2.8432,-5.7017,-15.8332,6.8193,138.8061,291.854
67.28,-2.9346,-5.2314,-16.2809,5.3911,139.1304,293.1753
67.3,-3.1415,-4.4169,-16.9387,1.7443,142.0356,294.0303
67.32,-3.2595,-4.0918,-17.1551,356.6284,146.2907,293.1838
67.34,-3.3555,-3.8266,-17.3359,354.336,148.8477,292.7781
67.36,-3.4344,-3.6201,-17.4792,353.1498,149.6991,292.9107
67.38,-3.5002,-3.4737,-17.578,352.3388,150.0225,293.1654
67.4,-3.5989,-3.3796,-17.6415,351.9505,149.3549,293.97
67.42,-3.6291,-3.4286,-17.6012,350.9097,148.6945,294.2063
67.43999,-3.6543,-3.5554,-17.4961,351.1464,148.4802,294.137
67.46,-3.6642,-3.7523,-17.3207,351.925,148.2659,294.0096
67.48,-3.6555,-4.0054,-17.0888,353.3292,147.7349,293.7308
67.5,-3.5959,-4.6994,-16.4141,356.5634,146.532,292.7364
67.52,-3.5455,-5.1325,-15.9693,358.4165,145.9379,291.9204
67.54,-3.4768,-5.6087,-15.4584,0.5906,145.0793,291.0152
67.56,-3.3929,-6.1199,-14.8781,3.1551,143.854,289.9774
67.58,-3.2962,-6.6445,-14.2247,5.8085,142.579,288.5912
67.6,-3.1085,-7.7165,-12.678,10.8234,140.999,285.2065
67.62,-3.0218,-8.2231,-11.7896,13.1086,140.6784,283.1591
67.64,-2.9334,-8.6948,-10.8534,15.4428,140.377,281.06
67.66,-2.8559,-9.1319,-9.8653,17.8937,139.8842,278.9428
67.68,-2.7858,-9.5184,-8.8419,20.5199,139.1564,276.7646
67.7,-2.6996,-10.1185,-6.7026,26.9197,135.7991,272.1844
67.72,-2.6716,-10.3156,-5.6269,30.922,132.6022,269.6555
67.74,-2.6541,-10.4306,-4.5521,35.0027,129.1891,267.545
67.76,-2.6557,-10.4825,-3.4982,38.6059,127.1613,265.2445
67.78,-2.6694,-10.4632,-2.4741,41.9853,125.2461,262.4674
67.8,-2.7062,-10.2169,-0.5681,47.6892,121.3098,256.4127
67.82,-2.7214,-9.9997,0.3001,50.9369,118.8834,252.8303
67.84,-2.7098,-9.7676,1.0586,54.0775,116.7526,249.5191
67.86,-2.6883,-9.5092,1.7379,57.1749,116.0595,247.0079
67.88,-2.6504,-9.2584,2.3252,58.8535,115.4346,244.8984
67.9,-2.506,-8.7726,3.2265,61.3206,113.3589,240.4257
67.92,-2.4279,-8.5454,3.5647,62.2734,113.0267,239.0279
67.93999,-2.3504,-8.3599,3.8234,63.3951,113.1531,237.9437
67.96,-2.2833,-8.2105,4.0187,64.5708,112.7036,236.4744
67.98,-2.2072,-8.1108,4.1267,65.1125,112.396,235.4938
68,-2.1043,-8.0767,4.172,63.5874,109.6714,233.1382
68.02,-2.0436,-8.1388,4.0785,62.3149,108.1526,232.4137
68.04,-2.0147,-8.2652,3.9182,61.5614,107.3494,232.4607
68.06,-1.9913,-8.4388,3.6672,60.855,107.8735,233.6916
68.08,-1.9753,-8.6352,3.3276,60.1616,109.8928,236.0898
68.1,-1.9721,-9.0852,2.401,57.7062,116.4996,243.0781
68.12,-1.9813,-9.3204,1.7915,55.8098,119.8639,246.4128
68.14,-1.9901,-9.513,1.1644,53.9279,122.4241,249.1027
68.16,-2.0006,-9.6996,0.4328,51.5626,125.0782,252.0986
68.18,-2.0075,-9.8476,-0.3503,48.755,126.7091,254.2773
68.2,-2.0273,-10.0879,-2.1245,42.219,130.5914,259.0868
68.22,-2.044,-10.1292,-3.0669,39.2184,132.454,261.3456
68.24,-2.054,-10.1147,-4.0499,36.3718,133.9628,263.6635
68.26,-2.0681,-10.0534,-5.062,33.7992,135.1378,266.0045
68.28,-2.082,-9.9379,-6.0909,31.2474,136.0137,268.2829
68.3,-2.1019,-9.5005,-8.1719,25.9141,136.4013,272.5852
68.32,-2.1114,-9.18,-9.2008,23.3635,136.218,274.7253
68.34,-2.1342,-8.8193,-10.2114,20.8526,136.0283,277.0707
68.36,-2.1562,-8.3939,-11.1934,18.3551,135.9071,279.3463
68.38,-2.194,-7.933,-12.1309,15.9063,135.9932,281.6616
68.4,-2.2902,-6.88,-13.8567,11.0913,136.7003,285.8863
68.42,-2.3507,-6.3129,-14.6351,8.8061,137.1185,287.8779
68.43999,-2.4199,-5.7329,-15.3506,6.6203,137.4972,289.826
68.46,-2.4992,-5.1512,-15.9977,4.5385,137.856,291.6851
68.48,-2.5911,-4.5798,-16.5682,2.5272,138.2302,293.4224
68.5,-2.8232,-3.5165,-17.4499,358.3136,139.9916,295.7035
68.52,-2.9576,-3.0569,-17.7673,353.4289,141.7526,295.9531
68.54,-3.0912,-2.6675,-18.0317,350.2409,143.0069,296.1275
68.56,-3.2203,-2.3537,-18.2421,349.1931,143.6227,296.739
68.58,-3.3479,-2.1217,-18.3972,348.3332,144.0016,297.3717
68.6,-3.5889,-1.9225,-18.5326,347.2157,144.9247,298.3419
68.62,-3.6866,-1.9527,-18.512,347.4788,144.9942,298.7068
68.64,-3.7678,-2.0602,-18.434,348.1817,144.8214,298.9709
68.66,-3.841,-2.2723,-18.2758,349.4097,144.4932,299.1149
68.68,-3.8887,-2.5496,-18.0644,350.7599,144.2542,298.9537
68.7,-3.9218,-3.3068,-17.4626,353.9091,143.9679,297.8362
68.72,-3.9071,-3.772,-17.0648,355.7026,143.8604,296.9046
68.74,-3.8709,-4.2865,-16.6028,357.5431,143.8893,295.7158
68.76,-3.8151,-4.8369,-16.0657,359.3961,144.0302,294.2718
68.78,-3.7405,-5.4146,-15.4521,1.3193,144.1715,292.6696
68.8,-3.5403,-6.6068,-13.9929,5.6544,144.041,289.1573
68.82,-3.4266,-7.1944,-13.1461,8.0034,143.8899,287.2245
68.84,-3.2967,-7.7526,-12.2404,10.5555,143.4976,285.2485
68.86,-3.1582,-8.2705,-11.2723,13.2997,142.7671,283.2166
68.88,-3.0242,-8.7455,-10.2451,16.1789,141.9627,281.0763
68.9,-2.7759,-9.4765,-8.0698,22.2637,140.4774,276.2779
68.92,-2.6687,-9.7196,-6.94,25.6673,139.2685,273.5737
68.93999,-2.5709,-9.8803,-5.8031,29.2798,137.3131,270.5754
68.96,-2.47,-9.9533,-4.6711,33.0444,134.1166,267.1439
68.98,-2.3698,-9.9631,-3.5644,36.9335,130.5478,263.6891
69,-2.1533,-9.7847,-1.4374,43.4558,124.4888,256.481
69.02,-2.0224,-9.6318,-0.4666,45.7487,120.2623,252.725
69.04,-1.8971,-9.4206,0.4532,47.7514,115.9259,248.6838
69.06,-1.7653,-9.1734,1.2766,49.7019,111.2627,244.3919
69.08,-1.672,-8.8707,2.047,51.6996,106.5264,239.506
69.1,-1.4738,-8.2633,3.2438,55.1744,103.1959,233.5079
69.12,-1.3732,-7.9654,3.7267,56.4819,102.3067,231.1886
69.14,-1.2964,-7.7252,4.09,57.7675,101.5405,229.2263
69.16,-1.2097,-7.5236,4.3783,58.6615,101.4371,227.8995
69.18,-1.1622,-7.3586,4.6122,59.2194,101.476,227.0362
69.2,-1.0467,-7.209,4.8135,60.0391,102.7729,226.6526
69.22,-1.0017,-7.2139,4.8023,60.3679,103.6749,226.8901
69.24,-0.999,-7.268,4.7464,60.3993,104.2337,227.2763
69.26,-1.0033,-7.3905,4.5907,60.0246,104.6794,227.8559
69.28,-1.024,-7.5532,4.3625,58.5256,105.1751,228.9683
69.3,-1.1274,-7.9966,3.6745,55.6293,106.7005,232.2048
69.32,-1.1861,-8.2472,3.1997,54.049,107.9129,234.3782
69.34,-1.2839,-8.5002,2.6655,52.5086,109.5028,237.0053
69.36,-1.3761,-8.7457,2.0456,51.4589,111.9196,240.0087
69.38,-1.4862,-8.986,1.3557,50.4087,114.659,243.3098
69.4,-1.7001,-9.4231,-0.2579,47.2156,120.0421,249.9767
69.42,-1.7987,-9.5867,-1.1666,45.0175,122.3078,253.1329
69.43999,-1.8868,-9.7161,-2.147,42.5297,124.2932,256.1923
69.46,-1.9662,-9.7917,-3.1831,40.0309,126.0215,259.3243
69.48,-2.0416,-9.8119,-4.2639,37.4554,127.4377,262.4503
69.5,-2.1849,-9.5998,-6.4897,32.7149,130.3611,268.5329
69.52,-2.2573,-9.391,-7.613,30.253,131.8231,271.4966
69.54,-2.3204,-9.1078,-8.7279,27.5952,133.0219,274.311
69.56,-2.3768,-8.7658,-9.8235,24.1679,133.6096,277.0211
69.58,-2.4379,-8.3655,-10.8799,21.5961,134.4894,279.5865
69.6,-2.5664,-7.3907,-12.8253,16.1069,136.6644,284.0524
69.62,-2.6286,-6.8446,-13.7097,13.3917,137.6379,286.0596
69.64,-2.6913,-6.265,-14.5274,10.6954,138.5872,287.8594
69.66,-2.7592,-5.6671,-15.2705,8,139.5712,289.4275
69.68,-2.8307,-5.0617,-15.9358,5.4536,140.3464,290.8896
69.7,-3.0054,-3.9059,-17.0094,0.7304,141.8939,293.13
69.72,-3.1105,-3.3989,-17.4215,358.6279,143.5563,293.4752
69.74,-3.2332,-2.9815,-17.7343,353.114,148.0182,292.4871
69.76,-3.3278,-2.6528,-17.9966,350.2366,150.5115,292.3596
69.78,-3.404,-2.4208,-18.1894,348.8365,151.3408,292.6909
69.8,-3.5027,-2.2725,-18.3245,347.9972,151.5598,293.4567
69.82,-3.523,-2.3488,-18.2686,348.3076,151.0058,293.7833
69.84,-3.5235,-2.5151,-18.1384,349.3991,149.6352,294.1854
69.86,-3.4983,-2.7911,-17.9203,351.4427,147.2886,294.7799
69.88,-3.4437,-3.1166,-17.6562,353.3722,143.9942,295.5303
69.9,-3.2926,-3.9764,-16.9319,358.7592,138.7885,295.6389
69.92,-3.2022,-4.4813,-16.468,1.2478,137.4828,294.9601
69.93999,-3.1063,-5.0206,-15.929,3.5753,136.3674,293.8802
69.96,-3.0044,-5.5798,-15.32,5.8551,135.2675,292.5031
69.98,-2.898,-6.1506,-14.64,8.1717,134.0954,290.9404
70,-2.6882,-7.2841,-13.0555,12.8814,131.5142,287.0965
70.02,-2.5922,-7.8249,-12.1584,15.2021,130.0892,284.9338
70.04,-2.5118,-8.3393,-11.1934,17.6064,128.547,282.6638
70.06,-2.4449,-8.803,-10.1737,19.9258,127.2531,280.0981
70.08,-2.4077,-9.213,-9.1036,22.1579,126.4093,277.383
70.1,-2.3988,-9.7992,-6.879,26.7659,125.3924,271.7577
70.12,-2.4061,-9.9678,-5.7016,29.4187,124.6143,268.7962
70.14,-2.4431,-10.046,-4.6277,32.212,123.6046,266.2587
70.16,-2.4729,-10.0495,-3.5253,35.4725,122.3475,263.5405
70.18,-2.495,-9.9837,-2.4595,38.8554,121.1545,260.7754
70.2,-2.5143,-9.7087,-0.4868,45.379,118.1379,254.9069
70.22,-2.4909,-9.4976,0.3991,48.1898,116.2192,251.8153
70.24,-2.4515,-9.2544,1.2107,50.3952,114.0235,248.5472
70.26,-2.408,-8.9853,1.9498,52.5995,111.7672,245.1434
70.28,-2.3367,-8.6936,2.6009,54.9154,109.6921,241.5895
70.3,-2.1563,-8.128,3.6619,57.8356,104.9737,234.6546
70.32,-2.057,-7.8753,4.0725,58.676,102.5151,231.3487
70.34,-1.9392,-7.6488,4.398,59.381,100.3963,228.3846
70.36,-1.8355,-7.4636,4.6503,60.0016,98.9433,226.2194
70.38,-1.7366,-7.3221,4.8249,60.3498,98.1696,224.899
70.4,-1.5566,-7.2144,4.9654,59.9533,96.9484,223.4282
70.42,-1.4793,-7.241,4.9319,59.4925,96.6021,223.255
70.43999,-1.4216,-7.3203,4.8343,58.9175,96.7713,223.7252
70.46,-1.3761,-7.4765,4.64,58.3426,97.7309,225.0377
70.48,-1.3303,-7.6532,4.3688,57.5865,99.4899,227.0921
70.5,-1.3085,-8.1135,3.607,55.5059,104.3558,232.7882
70.52,-1.3135,-8.3632,3.1067,54.1652,107.2168,235.9504
70.54,-1.3189,-8.6173,2.5244,52.2671,109.9706,239.2133
70.56,-1.3339,-8.8674,1.8686,50.0331,112.186,241.8392
70.58,-1.3608,-9.1067,1.1422,47.7383,114.6276,244.7365
70.6,-1.417,-9.5246,-0.5333,42.5593,118.8961,250.4161
70.62,-1.4562,-9.6617,-1.4568,40.1512,120.7677,253.3748
70.64,-1.4993,-9.7667,-2.4475,37.7927,122.3896,256.4475
70.66,-1.5463,-9.8055,-3.4769,35.5461,123.5758,259.3996
70.68,-1.6011,-9.7939,-4.5463,33.3113,124.6213,262.4092
70.7,-1.7327,-9.5613,-6.7457,28.7727,126.668,268.4675
70.72,-1.801,-9.3322,-7.8541,26.4615,127.6861,271.4309
70.74,-1.8724,-9.0406,-8.952,23.9516,128.6376,274.3561
70.76,-1.9448,-8.6867,-10.0321,21.3882,129.6831,277.1703
70.78,-2.0224,-8.2797,-11.0803,18.7083,130.7516,279.9195
70.8,-2.188,-7.3282,-13.04,13.292,132.7728,284.7793
70.82,-2.279,-6.789,-13.9262,10.7295,133.8533,286.9357
70.84,-2.3755,-6.2186,-14.7352,8.1218,134.8985,288.871
70.86,-2.4762,-5.632,-15.4639,4.8908,135.8824,290.5435
70.88,-2.5812,-5.0397,-16.1088,1.7234,136.8147,291.8156
70.9,-2.8,-3.899,-17.1567,357.0964,138.5645,294.1406
70.92,-2.9141,-3.384,-17.5682,355.3477,140.0486,294.654
70.93999,-3.045,-2.9334,-17.8858,349.8419,144.1785,294.0453
70.96,-3.1605,-2.5523,-18.1514,346.3373,147.9861,293.5302
70.98,-3.2508,-2.2409,-18.3689,345.0814,148.8688,293.9189
71,-3.3858,-1.89,-18.6035,343.5061,149.5786,294.6982
71.02,-3.4272,-1.8635,-18.6205,343.337,149.4101,295.0206
71.04,-3.4486,-1.9286,-18.5747,343.5006,148.9742,295.2821
71.06,-3.4497,-2.077,-18.4698,344.5423,147.5822,295.7449
71.08,-3.4308,-2.335,-18.2808,346.2566,145.9532,296.0656
71.1,-3.352,-3.0401,-17.7311,350.1268,143.9989,295.4804
71.12,-3.293,-3.5035,-17.3452,352.3158,143.4603,294.6148
71.14,-3.233,-3.9752,-16.9287,354.3275,143.0752,293.6774
71.16,-3.1562,-4.4974,-16.4382,356.4326,142.6563,292.5729
71.18,-3.0649,-5.0443,-15.8893,358.65,142.0206,291.4185
71.2,-2.8607,-6.1838,-14.5897,3.4591,140.4628,288.6772
71.22,-2.7558,-6.7509,-13.8375,5.9914,139.7036,287.0474
71.24,-2.6486,-7.2968,-13.028,8.4958,138.931,285.2734
71.26,-2.5429,-7.8149,-12.16,10.9673,138.1355,283.3813
71.28,-2.4446,-8.2922,-11.2349,13.388,137.2808,281.3279
71.3,-2.3,-9.094,-9.2246,18.5373,135.5165,276.862
71.32,-2.2686,-9.4001,-8.1467,21.4186,134.7285,274.4841
71.34,-2.264,-9.6372,-7.0334,24.49,133.8881,272.1472
71.36,-2.2724,-9.8082,-5.9158,27.7744,133.3636,269.9783
71.38,-2.2836,-9.913,-4.8071,31.9011,132.0736,267.2452
71.4,-2.2667,-9.9721,-2.7014,40.8776,124.7302,261.3054
71.42,-2.2516,-9.9102,-1.7154,43.6052,122.5738,258.4043
71.43999,-2.2298,-9.793,-0.7909,45.8895,119.9374,255.2342
71.46,-2.1828,-9.6328,0.0431,47.9783,117.0584,251.9561
71.48,-2.1355,-9.4269,0.802,50.0234,114.2317,248.557
71.5,-2.0136,-8.9783,2.0348,53.7424,110.048,242.8007
71.52,-1.9423,-8.7646,2.511,55.0982,109.035,240.6069
71.54,-1.8736,-8.5809,2.904,56.0812,108.2355,238.7489
71.56,-1.7977,-8.4377,3.2033,57.0664,108.0675,237.4402
71.58,-1.7156,-8.3173,3.425,57.6575,108.0802,236.5277
71.6,-1.5802,-8.2311,3.639,58.5347,109.2967,236.3136
71.62,-1.5213,-8.2504,3.6315,58.762,109.9883,236.5412
71.64,-1.464,-8.3003,3.5592,58.6321,110.7103,237.055
71.66,-1.4107,-8.4076,3.3949,58.1764,111.5022,237.892
71.68,-1.367,-8.5403,3.1641,57.2788,112.4633,239.0856
71.7,-1.3062,-8.8951,2.4936,54.6232,114.0095,241.6677
71.72,-1.2832,-9.0904,2.0515,53.0092,114.7535,243.2778
71.74,-1.2752,-9.3048,1.5361,51.2012,115.5198,245.1095
71.76,-1.2881,-9.5123,0.9627,49.44,116.5342,247.0908
71.78,-1.3014,-9.7085,0.3183,47.7498,117.8137,249.2798
71.8,-1.3451,-10.0495,-1.1666,44.1607,120.2849,254.034
71.82,-1.3763,-10.1724,-1.9974,42.1406,121.4308,256.4846
71.84,-1.4115,-10.2402,-2.8739,39.9698,122.5439,258.8762
71.86,-1.4603,-10.2733,-3.7955,37.4499,123.5491,261.3007
71.88,-1.5144,-10.2547,-4.7487,35.1303,124.704,263.8663
71.9,-1.6551,-10.0652,-6.6993,30.8783,126.9112,269.1104
71.92,-1.7446,-9.8927,-7.675,28.8796,127.9671,271.7311
71.93999,-1.8457,-9.6668,-8.6303,26.9329,128.9966,274.2894
71.96,-1.9497,-9.3853,-9.5694,24.9727,130.002,276.7296
71.98,-2.0641,-9.0614,-10.4794,23.0254,130.9379,279.1644
72,-2.288,-8.2605,-12.2004,18.9702,132.5869,283.7157
72.02,-2.4027,-7.802,-12.9969,16.8272,133.4486,285.8126
72.04,-2.5151,-7.3101,-13.7436,14.6138,134.3156,287.7449
72.06,-2.6268,-6.799,-14.4456,12.4445,135.2063,289.5692
72.08,-2.7361,-6.2716,-15.0972,10.1708,136.0828,291.2242
72.1,-2.9374,-5.2025,-16.2533,4.7667,137.4158,294.1352
72.12,-3.0398,-4.6652,-16.7656,1.2529,137.878,295.2846
72.14,-3.1273,-4.1828,-17.1852,359.2708,139.123,296.0808
72.16,-3.2312,-3.7139,-17.5488,355.0372,142.5862,296.0604
72.18,-3.3248,-3.2844,-17.8602,350.195,146.5561,295.9093
72.2,-3.4382,-2.5425,-18.3782,346.5043,148.5129,296.5853
72.22,-3.4718,-2.2465,-18.5759,345.0808,149.0186,296.9008
72.24,-3.4901,-2.0012,-18.7365,344.0132,149.1062,297.252
72.26,-3.4945,-1.808,-18.8586,343.0592,149.0831,297.5698
72.28,-3.4863,-1.6676,-18.9448,342.404,148.8921,297.8463
72.3,-3.4381,-1.5371,-19.0183,341.7635,148.333,298.1773
72.32,-3.4024,-1.539,-19.0102,341.7029,148.0854,298.1868
72.34,-3.3605,-1.5788,-18.9802,341.838,147.8687,298.136
72.36,-3.3015,-1.6738,-18.9154,342.2146,147.5285,298.0437
72.38,-3.2398,-1.8042,-18.8319,342.9622,146.7952,298.0796
72.4,-3.1127,-2.1832,-18.5863,344.7288,145.8976,297.64
72.42,-3.047,-2.4217,-18.4185,345.6781,145.6666,297.2104
72.43999,-2.9781,-2.6972,-18.2161,346.8187,145.387,296.7509
72.46,-2.9065,-3.0129,-17.976,348.119,145.1755,296.1759
72.48,-2.8387,-3.367,-17.697,349.4111,145.187,295.3959
72.5,-2.7029,-4.1492,-17.0299,352.2683,144.9142,293.7363
72.52,-2.6315,-4.5686,-16.6354,353.8483,144.5913,292.8586
72.54,-2.5551,-5.0062,-16.1895,355.5691,144.1953,291.8848
72.56,-2.4848,-5.4683,-15.6877,357.3316,143.9666,290.7261
72.58,-2.4134,-5.9346,-15.1413,359.1104,143.8658,289.4507
72.6,-2.2603,-6.8645,-13.9158,3.1773,142.9605,287.0634
72.62,-2.1855,-7.3183,-13.2247,5.3836,142.4307,285.6937
72.64,-2.1281,-7.7663,-12.4689,7.6697,142.1657,284.1505
72.66,-2.0821,-8.1871,-11.6582,10.1035,142.2403,282.4336
72.68,-2.0524,-8.5879,-10.7947,12.7221,142.4281,280.6964
72.7,-2.0188,-9.2818,-8.9548,18.4474,142.3321,277.299
72.72,-2.004,-9.5717,-8.0045,21.5144,141.5005,275.6967
72.74,-1.984,-9.8088,-7.0456,24.6473,140.0152,273.8976
72.76,-1.9663,-9.9932,-6.0777,28.0638,137.6708,271.7509
72.78,-1.9522,-10.1158,-5.1136,31.6778,134.1017,269.0684
72.8,-1.9365,-10.1834,-3.2201,39.166,123.7287,262.0994
72.82,-1.9273,-10.1372,-2.3144,41.548,118.2367,259.0519
72.84,-1.916,-10.031,-1.4374,43.3428,114.336,255.9146
72.86,-1.9159,-9.9033,-0.6042,44.795,110.6694,252.569
72.88,-1.908,-9.743,0.1673,46.2662,107.0174,249.0399
72.9,-1.8683,-9.3222,1.4905,49.1382,99.8317,241.5824
72.92,-1.8523,-9.0897,2.0321,50.5463,98.4525,239.1857
72.93999,-1.8481,-8.8729,2.5017,52.5536,98.1589,237.3894
72.96,-1.816,-8.6661,2.882,53.8545,97.886,235.7909
72.98,-1.7866,-8.4791,3.2024,54.6572,97.7975,234.6079
73,-1.7,-8.2559,3.6152,55.962,98.7848,233.3623
73.02,-1.6481,-8.1853,3.7273,56.7002,99.9096,233.3188
73.04,-1.6056,-8.184,3.7717,57.4148,101.1107,233.5833
73.06,-1.5714,-8.2132,3.7535,57.7975,101.8326,233.7882
73.08,-1.5303,-8.2637,3.6683,57.4071,102.0769,234.0091
73.1,-1.4645,-8.5072,3.2304,54.6156,101.6161,235.0616
73.12,-1.4398,-8.6638,2.8889,52.9105,101.6034,236.2691
73.14,-1.4254,-8.8368,2.4928,51.3621,102.0015,237.8332
73.16,-1.4294,-9.0242,2.014,49.8293,103.0386,239.8951
73.18,-1.4274,-9.2125,1.4411,48.4871,104.585,242.3133
73.2,-1.4372,-9.5509,0.0669,45.5197,108.0971,247.6716
73.22,-1.4471,-9.6954,-0.7299,43.8431,109.8606,250.4314
73.24,-1.4538,-9.8058,-1.5929,41.9276,111.6107,253.1618
73.26,-1.4613,-9.9017,-2.5256,39.914,113.614,256.1636
73.28,-1.4699,-9.9293,-3.4988,37.7209,115.5933,259.1511
73.3,-1.4725,-9.8449,-5.5837,33.2745,119.0196,265.2605
73.32,-1.4714,-9.7074,-6.6573,31.0823,120.3028,268.2863
73.34,-1.4679,-9.5062,-7.7498,28.8174,121.4678,271.2588
73.36,-1.4723,-9.2423,-8.8367,26.5461,122.5309,274.2776
73.38,-1.4821,-8.9161,-9.9054,24.2174,123.5401,277.217
73.4,-1.5217,-8.1065,-11.9341,19.5961,125.4217,282.7497
73.42,-1.5503,-7.6431,-12.8729,17.3305,126.3168,285.3466
73.43999,-1.5844,-7.1637,-13.7497,15.1905,127.0117,287.8852
73.46,-1.6248,-6.6556,-14.549,13.2161,127.511,290.248
73.48,-1.6809,-6.1425,-15.2533,11.4433,128.0663,292.4064
73.5,-1.8201,-5.1397,-16.3766,7.0737,128.9327,295.8871
73.52,-1.9006,-4.6798,-16.7992,4.9,129.3923,297.0949
73.54,-1.9896,-4.2684,-17.1344,2.8427,129.8923,298.0036
73.56,-2.0845,-3.9216,-17.3901,1.4931,130.6697,298.653
73.58,-2.1808,-3.646,-17.5757,0.3467,131.4403,299.0532
73.6,-2.3696,-3.3372,-17.7572,358.7394,132.8969,299.2225
73.62,-2.463,-3.3111,-17.7574,357.677,134.5537,298.6294
73.64,-2.5386,-3.3587,-17.7134,356.8849,135.4374,298.3141
73.66,-2.6028,-3.4867,-17.6129,357.5833,134.9249,298.396
73.68,-2.6601,-3.7064,-17.439,358.6349,134.2962,298.399
73.7,-2.7335,-4.3247,-16.9042,2.0997,132.1543,298.0311
73.72,-2.7564,-4.7197,-16.5294,4.1102,131.2196,297.4798
73.74,-2.7721,-5.1572,-16.0802,5.8937,130.8269,296.3362
73.76,-2.7754,-5.6223,-15.5615,7.6856,130.5253,294.8749
73.78,-2.7672,-6.1108,-14.9701,9.5963,130.0052,293.2744
73.8,-2.7191,-7.116,-13.5657,13.9445,128.0324,289.6786
73.82,-2.6869,-7.6094,-12.7547,16.2153,126.6773,287.6601
73.84,-2.6439,-8.075,-11.8838,18.5127,125.0228,285.436
73.86,-2.5991,-8.5102,-10.9539,20.8742,123.0055,283.113
73.88,-2.5537,-8.8969,-9.9714,23.1133,120.948,280.5345
73.9,-2.5136,-9.4978,-7.869,27.2557,117.7935,274.7465
73.92,-2.5157,-9.7043,-6.7817,29.3728,116.6747,271.6994
73.93999,-2.5289,-9.8593,-5.6934,31.6122,115.5735,268.7117
73.96,-2.5274,-9.9307,-4.6117,34.2556,114.23,265.5526
73.98,-2.5186,-9.9667,-3.5623,36.9673,112.4071,262.457
74,-2.4541,-9.9373,-1.6051,42.3575,106.9477,255.6309
74.02,-2.4112,-9.8608,-0.7096,44.3385,104.3645,252.3926
74.04,-2.3445,-9.7568,0.0947,46.0226,102.3366,249.3719
74.06,-2.2898,-9.6006,0.8561,47.6229,100.3661,246.1989
74.08,-2.2187,-9.4526,1.5194,49.407,98.7952,243.3397
74.1,-2.0551,-9.1379,2.5853,53.6253,96.2297,237.6948
74.12,-1.9522,-9.0007,2.9852,54.5956,94.9822,235.4171
74.14,-1.8599,-8.8879,3.2469,55.563,94.5007,233.9047
74.16,-1.7491,-8.8016,3.4107,56.392,94.5095,232.937
74.18,-1.6456,-8.742,3.4797,56.3568,94.3783,232.5541
74.2,-1.4642,-8.7858,3.34,54.9021,95.062,233.513
74.22,-1.3614,-8.8859,3.117,53.6899,95.6217,234.6467
74.24,-1.2888,-9.0128,2.8426,52.6349,96.2341,235.919
74.26,-1.2292,-9.1949,2.4878,51.5799,97.1229,237.5829
74.28,-1.1727,-9.3834,2.0565,50.2787,98.0303,239.5045
74.3,-1.0901,-9.7566,0.9753,47.2023,100.2481,243.7167
74.32,-1.055,-9.914,0.329,45.5913,101.4744,245.8803
74.34,-1.0236,-10.0525,-0.3882,44.0251,102.9474,248.2499
74.36,-1.0021,-10.149,-1.1496,42.3117,104.4619,250.6622
74.38,-0.9834,-10.2195,-1.9697,40.6125,106.1404,253.2647
74.4,-0.9408,-10.2286,-3.7365,36.8824,109.5301,258.763
74.42,-0.9242,-10.1656,-4.6637,34.6257,111.1134,261.5226
74.43999,-0.9202,-10.0598,-5.6069,32.6892,112.7606,264.3385
74.46,-0.9232,-9.9047,-6.5549,30.885,114.3513,267.1116
74.48,-0.9257,-9.7061,-7.5076,29.2435,115.7895,269.8623
74.5,-0.9364,-9.1571,-9.3933,25.583,118.1411,275.177
74.52,-0.9441,-8.8161,-10.3091,23.2875,119.0466,277.7831
74.54,-0.9589,-8.4417,-11.1969,21.3669,119.7694,280.3785
74.56,-0.9849,-8.0145,-12.0372,18.9821,120.7303,282.5436
74.58,-1.0296,-7.5719,-12.8353,16.9629,122.126,284.6728
74.6,-1.136,-6.6288,-14.2878,12.7087,124.93,288.3782
74.62,-1.1996,-6.1494,-14.9328,10.3445,126.1623,289.9645
74.64,-1.2717,-5.6752,-15.5177,7.3437,127.1129,291.2643
74.66,-1.3595,-5.225,-16.0375,5.3619,128.178,292.5305
74.68,-1.4562,-4.7934,-16.4981,3.471,129.2059,293.6719
74.7,-1.6755,-4.0288,-17.2495,0.1887,131.0173,295.6675
74.72,-1.7979,-3.7107,-17.5409,358.8973,131.7931,296.5794
74.74,-1.9273,-3.4436,-17.778,357.7963,132.5379,297.4133
74.76,-2.0649,-3.2323,-17.9563,356.9252,133.4001,298.0318
74.78,-2.2091,-3.0805,-18.0813,355.3948,134.6626,298.5208
74.8,-2.481,-2.9546,-18.1859,355.4038,135.1831,299.5778
74.82,-2.6076,-2.9854,-18.1588,355.8029,135.2543,299.9424
74.84,-2.7292,-3.0805,-18.0761,356.3791,135.4099,300.1489
74.86,-2.8415,-3.2419,-17.9369,357.2306,135.5067,300.1539
74.88,-2.9394,-3.457,-17.7476,358.161,135.6732,299.8465
74.9,-3.0918,-4.0299,-17.2168,359.9926,136.4836,298.7181
74.92,-3.1434,-4.3723,-16.8774,1.0149,136.8519,297.9462
74.93999,-3.175,-4.7444,-16.4931,2.1215,137.1744,297.0919
74.96,-3.1823,-5.1421,-16.0625,3.5161,137.1018,296.2737
74.98,-3.1666,-5.5626,-15.5832,5.1827,136.6466,295.3162
75,-3.0933,-6.4496,-14.4626,8.6186,135.7772,292.851
75.02,-3.0356,-6.8905,-13.8299,10.4334,135.2108,291.4154
75.04,-2.9562,-7.3121,-13.1578,12.3182,134.3726,289.865
75.06,-2.8642,-7.7212,-12.4382,14.279,133.1864,288.1898
75.08,-2.7557,-8.1025,-11.6811,16.2118,131.7704,286.3337
75.1,-2.5068,-8.754,-10.0658,19.9669,128.6091,282.1344
75.12,-2.3574,-9.0343,-9.1852,21.8567,126.7631,279.6753
75.14,-2.2373,-9.2643,-8.3498,23.6505,124.7649,277.2727
75.16,-2.1032,-9.4698,-7.4636,25.5356,122.4333,274.4473
75.18,-1.9766,-9.646,-6.566,27.5164,119.5435,271.3515
75.2,-1.7663,-9.9173,-4.7628,32.1179,110.7553,264.1438
75.22,-1.6878,-10.0025,-3.8701,33.8994,106.133,260.9108
75.24,-1.6189,-10.0621,-2.9979,35.6265,102.2726,258.3497
75.25999,-1.594,-10.0665,-2.1322,37.1809,100.1857,255.4709
75.28,-1.5746,-10.0391,-1.3147,39.2518,97.9021,252.1721
75.3,-1.5187,-9.8754,0.1122,42.3634,93.9036,246.3395
75.32,-1.4699,-9.7491,0.704,43.4378,92.3926,243.9111
