time,pos_x,pos_y,pos_z,rot_x,rot_y,rot_z
23.18,-29.6179,1.4685,2.7054,83.6337,128.8791,3.4951
23.2,-29.6144,1.4847,2.7451,83.6963,127.5128,2.4883
23.22,-29.6132,1.4949,2.7905,83.7614,125.9585,1.2715
23.24,-29.6153,1.4934,2.8841,83.8661,123.2904,359.0351
23.26,-29.608,1.488,2.9437,83.8932,121.6291,357.481
23.28,-29.6125,1.4752,2.9996,83.9584,120.4093,356.3312
23.3,-29.6123,1.454,3.0564,83.9967,119.2951,355.1826
23.32,-29.6124,1.435,3.1129,84.0549,118.154,353.8621
23.34,-29.6298,1.392,3.2028,84.1714,116.3531,351.327
23.36,-29.6304,1.3662,3.2363,84.176,115.9414,350.5561
23.38,-29.6416,1.3514,3.2488,84.2362,115.6062,350.1566
23.4,-29.6475,1.348,3.2521,84.2674,115.7632,350.2864
23.42,-29.6649,1.3536,3.2309,84.2497,116.6203,351.1823
23.44,-29.7159,1.395,3.107,84.1587,121.4979,356.3444
23.46,-29.7451,1.4132,3.0086,84.0676,124.493,359.5441
23.48,-29.7838,1.4337,2.8892,83.9594,128.0463,3.303
23.5,-29.8297,1.4657,2.7506,83.858,131.6734,7.0942
23.52,-29.869,1.4648,2.5903,83.6391,136.0601,11.5831
23.54,-29.9663,1.4796,2.2318,83.0742,144.7861,20.3734
23.56,-30.0238,1.5081,2.043,82.7673,148.882,24.3745
23.58,-30.0759,1.524,1.8497,82.3748,152.7225,28.1282
23.6,-30.1246,1.5635,1.6668,82.0328,156.0149,31.4581
23.62,-30.1718,1.5965,1.4859,81.6092,158.9138,34.4858
23.64,-30.2603,1.6912,1.1611,80.7977,163.3096,39.2405
23.66,-30.2933,1.7137,1.0106,80.3518,164.7949,40.9346
23.68,-30.3255,1.7457,0.8789,79.9939,166.0109,42.3288
23.7,-30.3572,1.7571,0.7478,79.5602,167.0035,43.3631
23.72,-30.3778,1.7623,0.6332,79.1158,167.8064,43.8776
23.74,-30.4162,1.775,0.4408,78.6283,168.8951,44.5819
23.76,-30.4231,1.8084,0.3893,78.5857,169.383,45.279
23.78,-30.4199,1.8495,0.3655,78.5962,169.6472,45.9293
23.8,-30.4084,1.879,0.3612,78.5699,169.6497,46.3778
23.82,-30.4039,1.9117,0.3764,78.6607,169.4043,46.5143
23.84,-30.3628,1.9255,0.4875,78.9937,168.1627,45.6454
23.86,-30.344,1.9004,0.5681,79.1736,167.384,44.8445
23.88,-30.3198,1.8607,0.6642,79.417,166.2664,43.5413
23.9,-30.293,1.795,0.7617,79.6092,164.9396,41.9246
23.92,-30.27,1.7446,0.8683,79.7894,163.5902,40.3174
23.94,-30.2326,1.6743,1.0562,79.9916,160.9166,37.583
23.96,-30.216,1.6801,1.1345,80.0683,160.293,37.0258
23.98,-30.2086,1.7029,1.1829,80.0958,160.0174,36.7612
24,-30.2149,1.7354,1.1989,80.0713,160.038,36.7432
24.02,-30.236,1.7767,1.1881,79.9918,160.5864,37.2531
24.04,-30.3196,1.8612,1.0683,79.7834,162.8327,39.3656
24.06,-30.3725,1.897,0.9732,79.593,164.4681,40.9252
24.08,-30.4333,1.9173,0.8518,79.3015,166.206,42.6344
24.1,-30.5087,1.9272,0.7005,78.906,168.1528,44.5909
24.12,-30.5852,1.931,0.5306,78.4132,170.0919,46.4693
24.14,-30.7578,1.9697,0.1561,77.3969,173.9659,50.2834
24.16,-30.8392,1.9883,-0.0398,76.7739,175.6414,51.9865
24.18,-30.9275,2.0259,-0.239,76.1717,177.2023,53.6468
24.2,-31.0134,2.0785,-0.4338,75.563,178.5878,55.1014
24.22,-31.0924,2.1264,-0.627,74.9008,179.7932,56.3393
24.24,-31.2428,2.2506,-0.9892,73.7376,181.8944,58.7201
24.26,-31.3147,2.3219,-1.1595,73.1648,182.7413,59.8293
24.28,-31.378,2.3838,-1.3209,72.5638,183.4579,60.716
24.3,-31.453,2.4463,-1.4851,71.9932,184.0237,61.3822
24.32,-31.512,2.4943,-1.6408,71.3618,184.5491,61.9279
24.34,-31.6241,2.5829,-1.9342,70.3068,185.6207,63.2102
24.36,-31.6781,2.6134,-2.0762,69.7982,186.043,63.7269
24.38,-31.7247,2.6412,-2.2052,69.3326,186.4202,64.1041
24.4,-31.7675,2.6642,-2.3226,68.9437,186.7257,64.3674
24.42,-31.7956,2.6893,-2.4084,68.658,187.0375,64.6842
24.44,-31.8243,2.7064,-2.5087,68.3242,187.3134,65.323
24.46,-31.822,2.7076,-2.5133,68.3034,187.3107,65.4351
24.48,-31.8115,2.6974,-2.4916,68.3905,187.2317,65.4165
24.5,-31.7842,2.6732,-2.4343,68.5841,187.0314,65.2196
24.52,-31.7486,2.6411,-2.3424,68.9462,186.7202,64.9084
24.54,-31.6433,2.542,-2.0632,70.0108,185.9316,64.1701
24.56,-31.5714,2.4724,-1.8706,70.7294,185.4217,63.6505
24.58,-31.4891,2.3964,-1.6456,71.6028,184.6331,62.8781
24.6,-31.3994,2.3334,-1.382,72.592,183.6586,61.8716
24.62,-31.2997,2.2564,-1.0873,73.6081,182.3838,60.5768
24.64,-31.0719,2.1057,-0.3892,76.2528,179.2303,57.8526
24.66,-30.9431,2.0241,0.0123,77.6617,176.8909,56.0212
24.68,-30.8121,1.9481,0.4382,79.0261,173.6896,53.1792
24.7,-30.6785,1.8784,0.8875,80.4054,169.3744,49.096
24.72,-30.5409,1.8085,1.3555,81.7138,163.6111,43.4616
24.74,-30.2707,1.6969,2.332,84.0494,144.5004,24.0755
24.76,-30.1345,1.6458,2.8252,84.9116,128.5624,7.6789
24.78,-30.0024,1.6164,3.3245,85.269,108.7472,347.4016
24.8,-29.8618,1.6017,3.8274,85.0653,89.4899,327.685
24.82,-29.726,1.6084,4.3259,84.3208,73.5098,311.2589
24.84,-29.4507,1.6549,5.2851,82.0751,54.6012,291.731
24.86,-29.3329,1.7084,5.7398,80.7424,48.8017,285.8496
24.88,-29.2069,1.7594,6.1705,79.4171,44.8855,281.8515
24.9,-29.0788,1.8335,6.5857,78.045,41.9971,279.0602
24.92,-28.967,1.9023,6.9631,76.738,40.401,277.6967
24.94,-28.7543,2.0368,7.6165,74.4659,38.8024,276.7234
24.96,-28.6706,2.1084,7.8833,73.499,38.3189,276.5547
24.98,-28.5909,2.1689,8.111,72.6387,38.0312,276.8346
25,-28.5179,2.2322,8.2974,71.9347,37.7472,276.8585
25.02,-28.4678,2.2873,8.4321,71.4186,37.4767,276.6313
25.04,-28.3907,2.3567,8.5583,70.9043,37.5528,276.4091
25.06,-28.3793,2.3749,8.5497,70.8398,37.5004,276.2843
25.08,-28.3727,2.3787,8.5001,70.9617,37.6386,276.3731
25.1,-28.3803,2.3599,8.3908,71.3081,37.9794,276.7321
25.12,-28.4041,2.3266,8.2323,71.8245,38.4663,277.2399
25.14,-28.4968,2.1949,7.7783,73.4075,40.2162,278.9629
25.16,-28.5664,2.1051,7.4793,74.3972,41.7717,280.3838
25.18,-28.6436,2.0136,7.1363,75.5163,43.7872,282.2626
25.2,-28.735,1.929,6.7495,76.6789,46.3464,284.8665
25.22,-28.8461,1.8488,6.3157,77.939,49.7119,288.447
25.24,-29.0902,1.7051,5.3355,80.5258,60.4799,299.7395
25.26,-29.2316,1.6569,4.7949,81.736,68.8413,308.3268
25.28,-29.3783,1.6279,4.2262,82.7404,80.5542,320.1525
25.3,-29.5268,1.6178,3.6426,83.3954,95.6098,335.3322
25.32,-29.6876,1.6233,3.0394,83.5479,113.0452,352.9087
25.34,-30.0087,1.7416,1.8344,82.2945,143.6998,23.6874
25.36,-30.1709,1.8528,1.2436,81.0933,153.9001,34.0774
25.38,-30.3229,1.9923,0.6756,79.695,161.8421,42.3968
25.4,-30.4732,2.1614,0.1357,78.2635,167.1743,48.1479
25.42,-30.6133,2.3398,-0.3741,76.797,171.1746,52.4422
25.44,-30.8688,2.7072,-1.2673,74.1129,176.3235,58.1475
25.46,-30.9827,2.8647,-1.6489,72.8657,177.8549,59.6468
25.48,-31.0874,3.0064,-1.9737,71.7244,179.0321,60.6598
25.5,-31.1762,3.1131,-2.2361,70.8405,179.9105,61.503
25.52,-31.2527,3.1924,-2.4285,70.2973,180.5021,62.2183
25.54,-31.3477,3.2637,-2.5882,69.7704,180.7868,62.6808
25.56,-31.3713,3.2645,-2.5563,69.8262,180.7328,62.7642
25.58,-31.3752,3.2347,-2.462,70.0438,180.6761,62.7883
25.6,-31.3629,3.1675,-2.2688,70.7403,180.3498,62.6621
25.62,-31.3326,3.077,-2.0219,71.6189,179.878,62.3866
25.64,-31.2202,2.833,-1.3526,73.8249,177.8992,60.5027
25.66,-31.141,2.6988,-0.9373,75.1764,176.2962,58.9422
25.68,-31.0438,2.5538,-0.4776,76.6438,174.1666,56.8625
25.7,-30.9326,2.4088,0.0201,78.2292,171.1631,53.9894
25.72,-30.8112,2.271,0.5507,79.83,166.8935,49.879
25.74,-30.5249,1.9862,1.6723,82.7099,151.7347,34.9562
25.76,-30.3667,1.8547,2.2538,83.7826,138.6485,21.9555
25.78,-30.2067,1.7314,2.8343,84.3411,121.2276,4.497
25.8,-30.0457,1.6195,3.4084,84.1039,103.7748,346.7037
25.82,-29.8803,1.5404,3.9628,82.1598,95.8499,337.3636
25.84,-29.5572,1.3922,5.0152,80.1079,76.9615,316.2274
25.86,-29.4023,1.3726,5.5006,78.8788,71.5912,309.5668
25.88,-29.2486,1.3693,5.9446,77.3167,70.3617,306.9453
25.9,-29.0984,1.4025,6.3607,76.4875,66.2314,302.4639
25.92,-28.9537,1.4577,6.7275,75.5525,63.2561,299.3223
25.94,-28.7119,1.6434,7.3128,73.9333,58.8384,295.0663
25.96,-28.6163,1.7552,7.5275,73.206,57.1165,293.718
25.98,-28.5155,1.8113,7.6827,72.6335,56.3767,293.2801
26,-28.4311,1.8876,7.7927,72.1498,55.7304,292.8886
26.02,-28.3741,1.9337,7.8392,71.8109,55.5948,292.9842
26.04,-28.2972,1.9726,7.7814,71.5684,56.3078,294.32
26.06,-28.274,1.9707,7.6729,71.6442,57.213,295.741
26.08,-28.2748,1.9623,7.4962,71.8684,58.3312,297.3855
26.1,-28.2848,1.9365,7.2719,72.2663,59.9919,299.4285
26.12,-28.3259,1.9099,6.9949,72.7703,61.9713,301.78
26.14,-28.4477,1.834,6.2875,74.0897,67.6992,308.2417
26.16,-28.539,1.8069,5.8593,74.8713,71.4775,312.4808
26.18,-28.647,1.8206,5.3961,75.7275,75.7334,317.1642
26.2,-28.7695,1.8359,4.8907,76.6239,81.0977,322.8719
26.22,-28.9158,1.8592,4.3505,77.4908,87.6534,329.6134
26.24,-29.2456,1.9466,3.2171,78.7749,104.5282,346.3965
26.26,-29.4261,1.9894,2.6292,79.003,114.7326,356.2705
26.28,-29.6148,2.0468,2.0378,78.8472,125.3163,6.2415
26.3,-29.8009,2.123,1.4553,78.3329,135.0307,15.2099
26.32,-29.9967,2.2176,0.8827,77.4936,143.6501,23.0909
26.34,-30.3653,2.4809,-0.1769,75.3734,156.3546,34.6952
26.36,-30.5393,2.639,-0.6548,74.2533,160.9028,38.9663
26.38,-30.7033,2.8151,-1.0839,73.1938,164.5087,42.4682
26.4,-30.8588,2.9863,-1.4699,72.1168,167.4746,45.3149
26.42,-31.0036,3.1435,-1.8063,71.5784,170.2683,48.1517
26.44,-31.2692,3.4319,-2.3102,70.0588,175.9171,53.4047
26.46,-31.3818,3.5324,-2.4708,69.0084,177.3518,54.7351
26.48,-31.4828,3.6112,-2.563,68.1092,177.7392,55.1031
26.5,-31.5689,3.643,-2.5921,68.0122,178.0365,55.5293
26.52,-31.6402,3.6394,-2.5567,68.4789,177.8185,55.4692
26.54,-31.7495,3.5263,-2.2807,69.8117,178.4738,56.3015
26.56,-31.7782,3.4342,-2.0463,70.4822,178.3612,56.1054
26.58,-31.786,3.322,-1.7483,71.4286,178.2406,55.9351
26.6,-31.7793,3.1995,-1.396,72.7277,177.6655,55.4229
26.62,-31.7513,3.0616,-0.9915,74.2,176.9297,54.7522
26.64,-31.653,2.7847,-0.0654,77.4409,174.7578,52.4386
26.66,-31.5835,2.6368,0.4394,79.1458,173.0267,50.6107
26.68,-31.4869,2.4814,0.9727,80.8986,170.1757,47.736
26.7,-31.3796,2.3259,1.5208,82.8126,165.9339,43.809
26.72,-31.2503,2.1708,2.0844,84.6549,159.1316,37.5427
26.74,-30.9672,1.9155,3.2088,85.6861,120.7438,359.618
26.76,-30.802,1.7836,3.752,84.7046,98.8982,337.5624
26.78,-30.6432,1.7211,4.2981,84.0577,80.6226,319.3091
26.8,-30.4737,1.6616,4.8145,82.5951,74.9034,313.1167
26.82,-30.3004,1.6201,5.3121,81.4482,68.1344,306.0227
26.84,-29.9498,1.5726,6.2189,79.2358,58.9082,296.0672
26.86,-29.785,1.5917,6.6193,78.1739,55.9407,292.4596
26.88,-29.6155,1.6126,6.9874,77.2042,53.792,289.534
26.9,-29.455,1.6309,7.3038,76.271,52.3562,287.1376
26.92,-29.3098,1.6717,7.5775,75.4415,51.2991,285.0703
26.94,-29.04,1.7907,7.9848,74.0556,49.8859,282.0359
26.96,-28.9228,1.8405,8.1068,73.5209,49.6963,281.522
26.98,-28.8219,1.9184,8.182,73.0645,49.5577,281.3535
27,-28.7259,1.9705,8.2042,72.7648,49.8421,281.799
27.02,-28.6552,2.0119,8.1696,72.5651,50.3651,282.6195
27.04,-28.5457,2.042,7.9505,72.5741,52.6808,285.7115
27.06,-28.5156,2.0017,7.7571,72.7928,54.5457,288.0638
27.08,-28.503,2.0023,7.532,73.0313,56.4224,290.5365
27.1,-28.5058,1.971,7.2464,73.3917,58.9131,293.8702
27.12,-28.5388,1.9607,6.9108,73.8515,61.4919,297.6079
27.14,-28.6398,1.8871,6.0976,75.0911,68.7195,306.7803
27.16,-28.7115,1.8512,5.6272,75.8409,73.6777,312.2278
27.18,-28.8249,1.8354,5.117,76.576,79.2315,318.1451
27.2,-28.9523,1.8213,4.5772,77.2918,85.8354,324.9253
27.22,-29.0843,1.8185,4.0204,77.9072,93.621,332.6417
27.24,-29.3875,1.8264,2.8419,78.4537,112.4048,350.632
27.26,-29.5527,1.8713,2.2505,78.3233,122.0323,359.7053
27.28,-29.7173,1.9414,1.6718,77.9859,130.7091,8.8833
27.3,-29.8689,2.0467,1.1327,77.5157,138.2865,18.3214
27.32,-30.0233,2.1697,0.6221,76.8092,144.9244,27.6156
27.34,-30.3376,2.445,-0.3428,74.6374,155.8733,41.9317
27.36,-30.5061,2.6081,-0.7997,73.3835,159.2158,45.4148
27.38,-30.6635,2.7751,-1.2128,72.1551,162.4895,48.8891
27.4,-30.8152,2.9379,-1.5746,71.044,165.1515,51.9986
27.42,-30.9613,3.0767,-1.8914,70.3012,167.1329,54.5604
27.44,-31.2177,3.3056,-2.3507,68.4046,170.1553,57.6618
27.46,-31.3286,3.3764,-2.4966,67.6527,170.9446,58.0138
27.48,-31.4304,3.4226,-2.576,67.4789,171.906,58.8486
27.5,-31.5144,3.4284,-2.5875,67.5184,172.5502,59.407
27.52,-31.577,3.406,-2.5369,67.7319,173.038,59.7987
27.54,-31.6664,3.2843,-2.2335,68.9239,173.3283,59.6912
27.56,-31.68,3.1917,-1.9925,69.8338,173.0283,59.273
27.58,-31.6714,3.0896,-1.6898,70.9329,172.4361,58.6298
27.6,-31.6439,2.9628,-1.3418,72.1667,171.5082,57.7794
27.62,-31.6003,2.8316,-0.9484,73.542,170.1601,56.4242
27.64,-31.4612,2.5415,-0.0621,76.389,165.4742,51.5783
27.66,-31.3658,2.3894,0.4275,77.9401,161.985,48.3167
27.68,-31.2565,2.2527,0.942,79.4927,157.0604,43.7132
27.7,-31.1313,2.1125,1.4726,80.9664,149.9881,37.1421
27.72,-30.9909,1.968,2.0129,81.973,139.6793,27.4513
27.74,-30.6869,1.738,3.1145,82.6099,109.9507,359.232
27.76,-30.5161,1.6464,3.6544,81.5369,100.1441,349.067
27.78,-30.3586,1.5624,4.1752,81.0067,89.8922,338.864
27.8,-30.1919,1.5095,4.6864,80.1401,81.7989,330.5156
27.82,-30.0402,1.4758,5.1685,79.2351,75.278,323.6127
27.84,-29.7143,1.4733,6.0641,77.2463,66.2269,313.6328
27.86,-29.5723,1.5049,6.4542,76.1487,64.5388,311.0423
27.88,-29.4353,1.5498,6.8077,75.2657,61.9876,307.8445
27.9,-29.3093,1.6077,7.1172,74.4746,59.7565,305.0735
27.92,-29.206,1.6694,7.3766,73.7777,57.9855,302.7071
27.94,-29.0185,1.7957,7.7592,72.705,55.714,299.2563
27.96,-28.9374,1.8654,7.8804,72.3083,55.0279,298.2649
27.98,-28.8896,1.9053,7.9373,72.0374,54.7157,297.9252
28,-28.8508,1.9413,7.9439,71.8991,54.7294,297.8847
28.02,-28.827,1.9649,7.9021,71.8959,55.0558,298.1707
28.04,-28.8232,1.9557,7.6393,72.2835,57.1096,300.4731
28.06,-28.8425,1.9397,7.4367,72.679,58.601,302.1451
28.08,-28.8895,1.8967,7.1722,73.156,60.7645,304.5058
28.1,-28.951,1.8555,6.8569,73.7246,63.3787,307.4042
28.12,-29.0198,1.8022,6.4882,74.3701,66.715,311.2245
28.14,-29.2091,1.694,5.6081,75.7999,75.6735,321.4298
28.16,-29.3286,1.6501,5.1011,76.5468,81.5478,327.5771
28.18,-29.4606,1.6066,4.557,77.2127,88.6355,334.8978
28.2,-29.5941,1.5672,3.9829,77.6907,97.0321,343.4814
28.22,-29.7405,1.5511,3.3882,77.9699,106.2675,352.8704
28.24,-30.0433,1.6051,2.1592,77.5522,125.6172,11.7846
28.26,-30.1883,1.6813,1.5428,76.8209,134.4624,20.2146
28.28,-30.3421,1.812,0.9377,75.9215,141.8312,27.2839
28.3,-30.4799,1.9676,0.3575,74.836,147.9326,33.2783
28.32,-30.6136,2.1435,-0.2013,73.6512,152.8524,38.3755
28.34,-30.8435,2.5549,-1.2099,71.2099,159.7107,45.6972
28.36,-30.9397,2.7686,-1.656,69.9904,162.1202,48.2392
28.38,-31.0253,2.9684,-2.0641,68.8029,164.0236,50.2403
28.4,-31.0983,3.1542,-2.4249,67.7279,165.5092,51.748
28.42,-31.1564,3.3156,-2.7364,66.754,166.6611,52.7482
28.44,-31.2329,3.5479,-3.2037,65.1585,168.2674,53.0105
28.46,-31.2541,3.6209,-3.349,64.6218,168.8757,52.3674
28.48,-31.2632,3.6606,-3.4309,64.2959,169.3301,51.3863
28.5,-31.2553,3.6654,-3.4354,64.2376,169.5465,50.1992
28.52,-31.2355,3.642,-3.3677,64.4944,169.499,49.1331
28.54,-31.1368,3.4772,-2.9767,65.8022,168.3097,46.7467
28.56,-31.0652,3.3535,-2.6766,66.7826,167.1749,45.0835
28.58,-30.9769,3.2071,-2.3076,67.9811,165.6016,43.1767
28.6,-30.8766,3.05,-1.8762,69.3317,163.4935,40.9646
28.62,-30.7518,2.8772,-1.3877,70.7452,160.614,38.1334
28.64,-30.4729,2.548,-0.2671,73.7371,152.0949,30.0973
28.66,-30.3114,2.3825,0.3454,75.162,146.1568,24.345
28.68,-30.148,2.2246,0.9814,76.4633,139,17.4973
28.7,-29.9739,2.0848,1.6428,77.5054,130.3445,9.2686
28.72,-29.793,1.9496,2.3126,78.1225,120.6299,0.0101
28.74,-29.4399,1.748,3.6539,78.1653,100.5279,340.5108
28.76,-29.2703,1.673,4.3051,77.6378,91.7297,331.7968
28.78,-29.1005,1.6244,4.9383,76.8526,84.2648,324.1346
28.8,-28.9444,1.6,5.5399,75.962,77.921,317.4883
28.82,-28.8064,1.612,6.1053,74.9687,72.6628,311.7914
28.84,-28.5772,1.7023,7.0965,72.9958,64.9406,303.5026
28.86,-28.4872,1.7757,7.5163,72.122,61.7473,300.402
28.88,-28.4111,1.8532,7.873,71.3082,59.2528,298.0021
28.9,-28.3677,1.9116,8.1533,70.643,57.4189,296.3738
28.92,-28.3352,1.9808,8.3797,70.0892,55.8325,294.97
28.94,-28.3404,2.0597,8.6068,69.5821,54.1574,293.4569
28.96,-28.3722,2.0701,8.6119,69.6409,53.8994,293.2889
28.98,-28.4206,2.0626,8.5542,69.8469,53.9838,293.5448
29,-28.4968,2.0287,8.4092,70.2938,54.5126,294.3525
29.02,-28.5908,1.9728,8.1972,70.9291,55.5049,295.6029
29.04,-28.8206,1.8157,7.589,72.6601,59.1,299.67
29.06,-28.9457,1.7112,7.1992,73.6813,61.9748,302.8808
29.08,-29.0953,1.6238,6.7513,74.7826,65.4608,306.7699
29.1,-29.2553,1.539,6.2487,75.8697,70.0776,311.8472
29.12,-29.4234,1.4961,5.7077,76.8894,75.5156,318.1057
29.14,-29.7684,1.4821,4.5129,78.5385,90.1534,335.2862
29.16,-29.9558,1.5166,3.8669,79.0493,99.6248,345.8734
29.18,-30.1452,1.5769,3.1998,79.1916,110.2651,357.2476
29.2,-30.3393,1.666,2.5129,78.9146,121.1998,8.5027
29.22,-30.5295,1.7795,1.8219,78.2287,131.5206,18.9953
29.24,-30.8858,2.0963,0.4732,75.9278,147.6614,35.2172
29.26,-31.0472,2.2938,-0.1697,74.4999,153.5373,41.0643
29.28,-31.1868,2.5015,-0.7716,73.0048,158.262,45.5597
29.3,-31.315,2.7172,-1.3339,71.5037,162.0801,48.9987
29.32,-31.4267,2.9296,-1.8374,70.1112,165.0617,51.7648
29.34,-31.5959,3.2771,-2.6329,67.7507,169.0502,55.5678
29.36,-31.6532,3.3997,-2.9102,66.884,170.294,56.5248
29.38,-31.6929,3.477,-3.1009,66.2359,171.073,56.8214
29.4,-31.7148,3.5121,-3.1978,65.903,171.4877,56.7533
29.42,-31.7146,3.5037,-3.1969,65.8951,171.5079,56.3559
29.44,-31.6529,3.3715,-2.9142,66.8162,170.5365,54.8116
29.46,-31.5879,3.253,-2.6317,67.715,169.4816,53.4429
29.48,-31.5021,3.1095,-2.2745,68.8266,168.0798,51.6378
29.5,-31.395,2.9498,-1.843,70.1282,166.2309,49.2394
29.52,-31.2679,2.7737,-1.3471,71.5628,163.7489,46.1639
29.54,-30.9431,2.4173,-0.1705,74.5852,156.055,37.9312
29.56,-30.7565,2.256,0.4889,76.013,149.9991,31.812
29.58,-30.554,2.1109,1.1857,77.4329,142.0728,23.9347
29.6,-30.3428,1.9931,1.908,78.628,131.6713,13.7851
29.62,-30.1211,1.8931,2.65,79.3795,119.0759,1.5946
29.64,-29.6758,1.7722,4.1343,79.0669,92.0293,335.3797
29.66,-29.4684,1.7524,4.8514,78.0929,81.1198,324.6787
29.68,-29.2672,1.7654,5.5472,76.7736,72.746,316.3292
29.7,-29.0793,1.8005,6.2031,75.3233,66.7497,310.1353
29.72,-28.9101,1.868,6.8126,73.8076,62.1318,305.1865
29.74,-28.6505,2.0983,7.8465,71.0009,55.6644,298.1941
29.76,-28.5533,2.2404,8.2582,69.8385,53.429,295.8129
29.78,-28.4824,2.4056,8.5939,68.8365,51.6032,293.7327
29.8,-28.4442,2.5371,8.8435,68.1339,50.2975,292.0907
29.82,-28.4211,2.6419,9.0167,67.634,49.4316,290.8989
29.84,-28.4567,2.7488,9.1231,67.3779,48.5796,289.839
29.86,-28.5034,2.7414,9.0689,67.5753,48.6008,289.9742
29.88,-28.567,2.6947,8.9397,68.0087,48.9662,290.5725
29.9,-28.6566,2.6095,8.7236,68.703,49.7867,291.7494
29.92,-28.752,2.4959,8.4482,69.6005,51.0022,293.2958
29.94,-28.9986,2.1987,7.6906,71.9193,55.2698,298.2934
29.96,-29.148,2.0541,7.2174,73.2465,58.4283,301.825
29.98,-29.2969,1.9237,6.691,74.6336,62.6347,306.3579
30,-29.475,1.794,6.0986,76.0465,68.1865,312.2783
30.02,-29.6537,1.6969,5.4674,77.355,75.383,319.8482
30.04,-30.0343,1.6046,4.086,79.22,95.7468,340.3403
30.06,-30.2291,1.6199,3.3446,79.5315,109.1126,352.9076
30.08,-30.4317,1.6921,2.5829,79.2519,122.8562,5.4625
30.1,-30.6196,1.788,1.8114,78.3747,135.6532,16.9562
30.12,-30.8107,1.9385,1.0427,77.0722,146.2852,26.3908
30.14,-31.1436,2.3646,-0.4115,73.8346,160.7378,39.049
30.16,-31.2871,2.6138,-1.0773,72.1001,165.3428,43.2908
30.18,-31.4133,2.8598,-1.6865,70.39,168.7537,46.6965
30.2,-31.5262,3.0891,-2.2342,68.7159,171.3465,49.3197
30.22,-31.6251,3.2908,-2.7109,67.1462,173.1294,51.035
30.24,-31.7766,3.5813,-3.408,65.453,175.9276,54.5092
30.26,-31.8262,3.675,-3.6191,64.6337,176.1678,55.2593
30.28,-31.8512,3.7234,-3.7141,64.1912,175.8237,55.0478
30.3,-31.8648,3.7336,-3.7227,64.1585,175.6563,55.0487
30.32,-31.8614,3.7015,-3.6483,64.4121,175.3337,54.6555
30.34,-31.7967,3.5013,-3.2097,65.9209,174.2292,52.8979
30.36,-31.7349,3.3532,-2.8733,67.0641,173.3881,51.5961
30.38,-31.6531,3.1737,-2.4687,68.4409,172.324,50.039
30.4,-31.5525,2.9893,-1.9949,70.0277,170.8896,48.1536
30.42,-31.4333,2.7899,-1.4636,71.7597,168.9317,45.8992
30.44,-31.1258,2.3761,-0.2523,75.3303,161.8877,39.186
30.46,-30.9475,2.1808,0.4133,76.9617,155.9374,33.8859
30.48,-30.7631,1.9871,1.0962,78.3622,147.3447,26.2296
30.5,-30.556,1.7914,1.8033,79.5622,135.4353,15.6109
30.52,-30.3528,1.6068,2.5119,80.1136,122.6178,3.9485
30.54,-29.9553,1.3016,3.8841,79.4707,99.866,341.7499
30.56,-29.7695,1.2009,4.5322,78.6166,91.0039,332.6494
30.58,-29.5951,1.1718,5.1548,77.7086,83.174,324.3727
30.6,-29.4273,1.1663,5.727,76.6483,77.0817,317.8242
30.62,-29.2729,1.2186,6.2597,75.63,71.7621,312.384
30.64,-29.0274,1.4174,7.1433,73.7301,63.8682,303.9431
30.66,-28.9467,1.5277,7.48,73.0081,61.1735,300.5778
30.68,-28.869,1.6118,7.7464,72.4274,59.4548,297.923
30.7,-28.8204,1.703,7.9492,71.9938,57.9052,295.5484
30.72,-28.7891,1.7627,8.0865,71.7331,56.8511,293.7206
30.74,-28.771,1.8264,8.171,71.5799,56.0461,291.8476
30.76,-28.7836,1.8183,8.1183,71.7174,56.3231,292.0413
30.78,-28.8166,1.8024,7.9993,71.9599,56.9084,292.7361
30.8,-28.8625,1.7498,7.802,72.4395,58.3082,294.302
30.82,-28.9237,1.6959,7.5568,72.9856,60.1786,296.3916
30.84,-29.0994,1.5428,6.8721,74.4934,65.8499,302.6442
30.86,-29.2033,1.4687,6.4467,75.3494,69.8976,306.8374
30.88,-29.3229,1.3797,5.9593,76.2511,75.3453,312.3578
30.9,-29.4635,1.3258,5.4254,77.1278,81.7284,318.7922
30.92,-29.6104,1.2916,4.8426,77.9125,89.5576,326.5668
30.94,-29.9545,1.3366,3.5545,78.8306,109.4257,345.7238
30.96,-30.1373,1.4108,2.8669,78.7917,120.9158,356.4745
30.98,-30.3216,1.5022,2.1564,78.3101,132.1098,7.03
31,-30.5106,1.6531,1.4554,77.4696,142.0778,16.63
31.02,-30.6909,1.8212,0.7591,76.278,150.4738,24.87
31.04,-31.0376,2.2192,-0.5863,73.155,162.6805,36.4551
31.06,-31.1962,2.4455,-1.2068,71.5163,166.6309,40.3371
31.08,-31.338,2.6665,-1.776,69.8913,169.5815,43.5631
31.1,-31.4668,2.8883,-2.279,68.388,171.8033,46.181
31.12,-31.5832,3.0832,-2.7175,66.9981,173.3728,47.997
31.14,-31.7725,3.3842,-3.357,64.7936,175.297,50.1493
31.16,-31.841,3.4756,-3.5439,64.1583,175.9229,51.0014
31.18,-31.8961,3.5178,-3.645,63.8063,176.287,51.5281
31.2,-31.9352,3.5235,-3.6566,63.6512,176.4304,51.3624
31.22,-31.9588,3.4946,-3.5866,63.8823,176.4733,51.1005
31.24,-31.9504,3.3132,-3.1609,65.4016,176.3003,50.2653
31.26,-31.913,3.1687,-2.8371,66.5183,175.8462,49.5281
31.28,-31.8634,3.0052,-2.4365,67.911,175.0597,48.3538
31.3,-31.7938,2.8297,-1.9734,69.4875,173.8741,46.7958
31.32,-31.7021,2.6338,-1.4507,71.2214,172.115,44.8573
31.34,-31.4517,2.2106,-0.2626,74.8663,165.9719,39.2668
31.36,-31.3013,2.0047,0.3893,76.6415,160.9191,34.7787
31.38,-31.1323,1.7984,1.0637,78.2598,153.8478,28.4631
31.4,-30.9501,1.6205,1.7612,79.6059,144.5624,20.0161
31.42,-30.7595,1.4482,2.4591,80.5737,132.6172,8.7828
31.44,-30.3787,1.1605,3.8338,80.9161,106.2647,343.0818
31.46,-30.1878,1.0499,4.4965,80.4168,95.1473,331.7605
31.48,-30.0186,0.9719,5.1175,79.6684,86.0923,322.0409
31.5,-29.8551,0.9327,5.7029,78.8306,78.8526,313.7267
31.52,-29.7116,0.926,6.2399,77.9365,73.0693,306.7937
31.54,-29.4641,1.0005,7.1565,76.2312,64.4429,296.549
31.56,-29.3595,1.0682,7.5233,75.479,61.4529,292.991
31.58,-29.2807,1.1593,7.8209,74.7989,58.9335,290.1767
31.6,-29.2187,1.2653,8.0506,74.2296,56.9123,288.0094
31.62,-29.174,1.3597,8.2012,73.8545,55.5428,286.6042
31.64,-29.1439,1.4908,8.2808,73.571,54.6171,285.6189
31.66,-29.1506,1.5286,8.2238,73.667,54.8583,285.9087
31.68,-29.1714,1.5335,8.0927,73.9424,55.6641,286.831
31.7,-29.2284,1.5167,7.8706,74.4368,57.1269,288.5358
31.72,-29.2761,1.4634,7.6009,75.0654,59.3548,290.9322
31.74,-29.4384,1.3368,6.8747,76.6169,66.0464,298.0313
31.76,-29.5478,1.2693,6.4238,77.4655,70.9011,303.2263
31.78,-29.6564,1.2208,5.9204,78.2865,77.0714,309.7172
31.8,-29.774,1.1679,5.3619,79.0316,84.9216,317.9459
31.82,-29.9003,1.1618,4.7641,79.5729,94.0295,327.4499
31.84,-30.1849,1.2423,3.4505,79.7715,116.178,350.2083
31.86,-30.3408,1.3452,2.754,79.2992,127.3218,1.6054
31.88,-30.4989,1.4913,2.0475,78.4397,137.1732,11.8073
31.9,-30.6351,1.6474,1.3424,77.2299,145.5167,20.592
31.92,-30.7663,1.8356,0.6448,75.779,152.1793,27.712
31.94,-31.026,2.2724,-0.6829,72.5633,161.4504,38.1685
31.96,-31.1411,2.484,-1.2921,70.8813,164.5324,41.8292
31.98,-31.253,2.6891,-1.8521,69.2148,166.8947,44.5855
32,-31.3462,2.8754,-2.3394,67.6574,168.5985,46.6039
32.02,-31.4306,3.0303,-2.7561,66.2481,169.7421,48.1617
32.04,-31.5649,3.2728,-3.3123,64.1803,170.9213,49.8788
32.06,-31.6085,3.3263,-3.4506,63.6776,171.1164,50.408
32.08,-31.647,3.3453,-3.4951,63.5522,171.1445,50.5766
32.1,-31.6642,3.3147,-3.4498,63.723,170.9995,50.4202
32.12,-31.6697,3.2546,-3.326,64.1563,170.6992,50.0151
32.14,-31.6258,3.018,-2.7718,66.018,169.3115,48.0813
32.16,-31.5765,2.8719,-2.3906,67.2828,168.1346,46.669
32.18,-31.5055,2.7063,-1.9399,68.7561,166.4646,44.8911
32.2,-31.4169,2.5302,-1.431,70.3767,164.235,42.6645
32.22,-31.3151,2.3539,-0.87,72.1376,161.2375,39.778
32.24,-31.0578,2.0009,0.3822,75.6005,151.699,30.954
32.26,-30.9038,1.8348,1.06,77.155,144.7618,24.6368
32.28,-30.7424,1.6743,1.7513,78.3212,135.7337,16.1459
32.3,-30.5896,1.5433,2.4487,79.1913,124.6049,5.4455
32.32,-30.4201,1.4197,3.149,79.5732,113.0471,354.1234
32.34,-30.0961,1.2477,4.5138,79.1205,91.472,332.0281
32.36,-29.9494,1.1968,5.1571,78.4599,82.8619,322.6777
32.38,-29.8104,1.1739,5.7671,77.6343,75.7359,314.6005
32.4,-29.6791,1.1998,6.3462,76.6963,69.8266,307.6647
32.42,-29.5552,1.2525,6.8793,75.6956,64.9648,302.1349
32.44,-29.3714,1.4392,7.7568,73.7854,57.4944,294.855
32.46,-29.3177,1.576,8.0827,73.0255,54.8523,292.3214
32.48,-29.2567,1.6944,8.3259,72.4881,53.1653,290.34
32.5,-29.2345,1.8248,8.4836,72.1605,51.8205,288.5422
32.52,-29.2107,1.9219,8.5642,72.0194,51.1529,287.4516
32.54,-29.2322,2.0455,8.5038,72.2586,50.676,286.7029
32.56,-29.257,2.0423,8.3635,72.6572,51.329,287.2648
32.58,-29.2898,1.9951,8.1402,73.295,52.6713,288.4686
32.6,-29.3357,1.9174,7.8624,74.038,54.632,290.3446
32.62,-29.39,1.8195,7.521,74.8821,57.3391,293.0583
32.64,-29.5134,1.5936,6.6431,76.7446,66.0951,302.0569
32.66,-29.5836,1.4996,6.1138,77.6364,72.5274,308.6317
32.68,-29.6678,1.4306,5.5268,78.405,80.4348,316.84
32.7,-29.7456,1.3851,4.8976,78.9591,89.8611,326.7144
32.72,-29.8278,1.3773,4.2375,79.1917,99.989,337.6641
32.74,-30.0127,1.4641,2.8328,78.5572,121.4177,0.7458
32.76,-30.1084,1.5605,2.1077,77.6319,131.1301,10.9448
32.78,-30.2034,1.6919,1.3807,76.3848,139.3256,19.3969
32.8,-30.2901,1.8535,0.6728,74.9306,145.802,26.2698
32.82,-30.3696,2.0342,-0.0092,73.351,150.8417,31.9451
32.84,-30.52,2.446,-1.2581,69.9902,157.5764,39.5904
32.86,-30.5839,2.647,-1.8059,68.7445,160.4568,42.7817
32.88,-30.6488,2.8529,-2.2905,66.8567,162.4288,44.5545
32.9,-30.7003,3.0268,-2.7009,65.3526,163.6412,45.815
32.92,-30.7433,3.1705,-3.0334,64.4998,164.8293,47.0846
32.94,-30.8117,3.3814,-3.4425,62.9559,165.8628,48.0062
32.96,-30.8388,3.4326,-3.5217,62.5252,166.0792,47.7642
32.98,-30.853,3.4362,-3.5126,62.5532,166.1783,47.5436
33,-30.861,3.4007,-3.4266,62.8784,166.1444,46.9939
33.02,-30.8626,3.3179,-3.2408,63.5272,165.9304,46.0607
33.04,-30.8443,3.0566,-2.6284,65.6839,164.7634,43.7718
33.06,-30.8174,2.883,-2.2028,67.1901,163.654,42.404
33.08,-30.782,2.6836,-1.713,68.9042,162.1349,40.7593
33.1,-30.7343,2.4751,-1.1581,70.844,160.1814,38.8157
33.12,-30.6792,2.2482,-0.5595,72.8365,157.5418,36.2645
33.14,-30.544,1.8178,0.7659,77.2241,150.0437,29.3576
33.16,-30.4658,1.6185,1.4632,78.9547,142.3761,21.8604
33.18,-30.3869,1.4437,2.1746,80.1971,131.7868,11.3946
33.2,-30.2998,1.286,2.8878,80.9311,118.0342,357.7455
33.22,-30.215,1.1495,3.5904,81.0802,105.167,344.7605
33.24,-30.0576,0.9922,4.9353,80.4217,84.4088,322.9771
33.26,-29.9899,0.9672,5.5521,79.1935,81.265,317.9839
33.28,-29.9228,0.9689,6.1302,78.5811,72.3567,308.7387
33.3,-29.8625,1.0105,6.6528,77.7605,66.4191,301.9436
33.32,-29.8036,1.0987,7.1214,76.886,61.5141,296.3073
33.34,-29.7145,1.3319,7.864,75.3895,54.1579,288.0982
33.36,-29.6902,1.4525,8.1263,74.7897,51.5123,285.2639
33.38,-29.6536,1.561,8.3235,74.2932,49.6784,283.216
33.4,-29.6435,1.6634,8.4435,73.973,48.2611,281.6267
33.42,-29.6209,1.734,8.4978,73.8262,47.606,280.7546
33.44,-29.6185,1.813,8.4041,73.9938,47.626,280.5467
33.46,-29.6246,1.7961,8.2389,74.3649,48.6135,281.5094
33.48,-29.6404,1.7656,8.0111,74.8888,50.2777,283.3557
33.5,-29.6597,1.7057,7.7215,75.5216,52.6805,286.0311
33.52,-29.6864,1.6222,7.3609,76.2902,56.1257,289.7752
33.54,-29.7666,1.4877,6.4653,77.9156,65.9311,300.1793
33.56,-29.8148,1.4297,5.9301,78.6832,72.9591,307.5847
33.58,-29.8623,1.4116,5.3548,79.2609,80.9099,316.0669
33.6,-29.9125,1.4209,4.7375,79.6447,90.1284,326.1532
33.62,-29.9716,1.4586,4.087,79.7012,100.0608,337.3639
33.64,-30.0843,1.6342,2.722,78.773,120.1757,359.8192
33.66,-30.1367,1.7673,2.0204,77.7957,129.2581,9.3915
33.68,-30.1914,1.9258,1.3177,76.5413,137.0002,17.2423
33.7,-30.2543,2.101,0.6224,75.0922,143.3857,23.5848
33.72,-30.3024,2.289,-0.0398,73.5417,148.5629,28.5681
33.74,-30.3901,2.6608,-1.2413,70.3393,155.9657,34.9891
33.76,-30.4178,2.8225,-1.7431,68.8982,158.4048,37.1601
33.78,-30.4389,2.9639,-2.1621,67.6783,160.1469,39.0021
33.8,-30.4528,3.0764,-2.4942,66.6709,161.295,40.1865
33.82,-30.4687,3.1722,-2.7342,65.9113,161.9922,40.6281
33.84,-30.4693,3.2461,-2.9126,65.3267,162.2826,40.5902
33.86,-30.4602,3.2181,-2.8604,65.4751,161.9692,40.1636
33.88,-30.4437,3.1596,-2.7182,65.9347,161.3434,39.3333
33.9,-30.4163,3.0559,-2.4511,66.7197,160.3696,38.0521
33.92,-30.3841,2.9308,-2.1185,67.7118,159.0852,36.4492
33.94,-30.2867,2.6135,-1.2268,70.2902,155.1303,31.885
33.96,-30.2278,2.4511,-0.682,71.8018,152.1963,28.72
33.98,-30.1585,2.2851,-0.087,73.3224,148.4083,24.6819
34,-30.0733,2.1154,0.5491,74.7695,143.589,19.6117
34.02,-29.9904,1.9656,1.2153,76.1027,137.5256,13.3177
34.04,-29.7889,1.6774,2.6062,78.0457,120.3359,356.283
34.06,-29.6821,1.5572,3.3156,78.5051,109.9431,346.2505
34.08,-29.575,1.4462,4.0159,78.5064,99.605,336.3482
34.1,-29.4618,1.3613,4.7075,78.1211,90.0658,326.9948
34.12,-29.3602,1.2922,5.3636,77.4301,82.033,318.8549
34.14,-29.1859,1.2728,6.5623,75.5616,70.3307,305.8606
34.16,-29.1233,1.3187,7.0867,74.6187,65.6522,300.7966
34.18,-29.06,1.4037,7.5646,73.5931,61.6632,296.6773
34.2,-29.0166,1.503,7.9782,72.7135,58.3355,293.4901
34.22,-28.9805,1.5933,8.3203,71.9319,55.8824,291.0496
34.24,-28.9483,1.8077,8.804,70.8333,52.1893,287.1187
34.26,-28.9554,1.8915,8.9364,70.5969,51.0149,285.706
34.28,-28.9827,1.9403,8.9839,70.5779,50.3337,284.8643
34.3,-28.9981,1.9763,8.9802,70.6659,50.0047,284.4172
34.32,-29.0276,1.9676,8.9117,70.9628,50.1065,284.4739
34.34,-29.1315,1.8585,8.5401,72.1629,51.9013,286.2224
34.36,-29.2022,1.758,8.2557,73.0001,53.7445,288.1359
34.38,-29.2785,1.6503,7.9096,73.9096,56.2821,290.8606
34.4,-29.3469,1.5171,7.4989,74.8718,59.9886,294.8399
34.42,-29.4468,1.4336,7.0284,75.8642,64.206,299.4554
34.44,-29.6496,1.269,5.8979,77.7799,77.2768,313.3659
34.46,-29.7669,1.251,5.2612,78.4963,85.6777,322.2589
34.48,-29.8913,1.2438,4.574,78.9619,95.7968,332.8879
34.5,-30.016,1.2905,3.8627,79.0838,106.7214,344.2247
34.52,-30.1385,1.3299,3.1134,78.7122,118.2745,356.0878
34.54,-30.3954,1.5475,1.5826,76.7298,138.3693,16.1988
34.56,-30.5183,1.6898,0.8158,75.1887,146.1856,23.6116
34.58,-30.6402,1.8566,0.0589,73.3919,152.5011,29.1197
34.6,-30.7526,2.0484,-0.6693,71.4829,157.4594,33.0129
34.62,-30.8636,2.27,-1.3595,69.5827,161.3622,35.751
34.64,-31.0168,2.7493,-2.5472,66.0905,166.4154,39.8724
34.66,-31.0666,2.9932,-3.0289,64.6302,167.9098,41.7191
34.68,-31.1039,3.2198,-3.4323,63.3336,168.9059,43.0756
34.7,-31.1247,3.4047,-3.7536,62.1969,169.6002,43.9235
34.72,-31.1387,3.5435,-3.9896,61.3919,169.8893,44.4695
34.74,-31.1256,3.6366,-4.1808,60.7365,169.773,44.886
34.76,-31.1068,3.6127,-4.1331,60.9174,169.3731,44.7477
34.78,-31.0782,3.5447,-3.9989,61.415,168.7161,44.322
34.8,-31.0282,3.4145,-3.7322,62.2874,167.7552,43.5193
34.82,-30.9787,3.2721,-3.3938,63.4447,166.6158,42.4681
34.84,-30.8402,2.8928,-2.4801,66.3973,163.3412,38.9489
34.86,-30.7542,2.6845,-1.9161,68.124,161.0382,36.3674
34.88,-30.6519,2.4742,-1.2869,69.958,158.0492,33.0691
34.9,-30.5403,2.2576,-0.6114,71.7677,154.2184,28.9365
34.92,-30.417,2.0582,0.1116,73.5502,149.3716,23.8098
34.94,-30.1367,1.6801,1.6478,76.547,134.8505,9.406
34.96,-29.986,1.5437,2.4549,77.6603,124.3096,359.3477
34.98,-29.833,1.4235,3.2617,78.1749,112.4096,347.973
35,-29.6776,1.3213,4.0573,78.0862,101.1882,336.9909
35.02,-29.5346,1.2611,4.8282,77.5446,90.7348,326.523
35.04,-29.2911,1.2583,6.252,75.5211,74.6903,309.9295
35.06,-29.1765,1.3318,6.8996,74.2844,68.6174,304.1072
35.08,-29.0814,1.445,7.4834,73.0431,63.7147,299.5062
35.1,-28.9941,1.5742,8.002,71.8279,59.736,296.1435
35.12,-28.9409,1.7443,8.4355,70.7996,56.5337,292.9799
35.14,-28.8922,2.0243,9.0496,69.3607,52.0951,288.5121
35.16,-28.887,2.1362,9.2387,68.9696,50.7056,286.8993
35.18,-28.8989,2.2316,9.3494,68.7611,49.5472,285.3942
35.2,-28.9259,2.2667,9.3826,68.8658,48.9296,284.3353
35.22,-28.9647,2.2664,9.3476,69.1311,48.6737,283.7067
35.24,-29.0721,2.1474,9.058,70.296,49.5714,284.169
35.26,-29.1525,2.0285,8.8038,71.1901,50.8403,285.264
35.28,-29.2193,1.902,8.4742,72.2496,52.8679,286.9577
35.3,-29.3159,1.783,8.0796,73.4087,55.5271,289.3557
35.32,-29.4208,1.6404,7.6119,74.6337,59.2773,293.1135
35.34,-29.6647,1.4159,6.4924,76.9604,70.1543,304.7084
35.36,-29.7876,1.3389,5.8568,77.9789,77.9695,312.8865
35.38,-29.9182,1.2849,5.1684,78.7416,87.7122,322.9834
35.4,-30.0679,1.27,4.4362,79.1583,98.7616,334.4865
35.42,-30.1998,1.2868,3.6905,79.1419,110.8195,347.1128
35.44,-30.4773,1.3863,2.1289,77.6115,133.1887,10.94
35.46,-30.6249,1.5193,1.3432,76.3188,142.0155,20.1431
35.48,-30.7685,1.671,0.5506,74.6478,149.3879,27.398
35.5,-30.8951,1.8701,-0.2144,72.8127,155.1758,32.7307
35.52,-31.0287,2.1131,-0.958,70.8903,159.7534,36.9273
35.54,-31.2463,2.6847,-2.3041,67.0706,166.2637,42.7795
35.56,-31.3356,2.9865,-2.8984,65.2505,168.5289,44.6051
35.58,-31.4161,3.2866,-3.4299,63.5639,170.309,45.8504
35.6,-31.4793,3.549,-3.8947,61.9898,171.6632,46.5934
35.62,-31.5358,3.7816,-4.2827,60.6388,172.7859,47.0869
35.64,-31.6119,4.0719,-4.8344,58.615,174.2097,47.2484
35.66,-31.6335,4.1402,-4.9891,58.0211,174.5441,46.8211
35.68,-31.6426,4.1679,-5.0528,57.7845,174.6526,46.3436
35.7,-31.6372,4.1594,-5.0218,57.9396,174.5226,46.0706
35.72,-31.6151,4.1033,-4.9111,58.3745,174.1603,45.822
35.74,-31.5252,3.8421,-4.391,60.32,172.6026,44.9062
35.76,-31.4618,3.6651,-4.0162,61.6668,171.4354,44.1944
35.78,-31.3838,3.4556,-3.5718,63.1997,169.8981,43.0986
35.8,-31.2933,3.2264,-3.0625,64.899,167.9469,41.5762
35.82,-31.1893,2.9946,-2.4886,66.7475,165.526,39.6151
35.84,-30.9458,2.5149,-1.1972,70.4953,158.7129,33.4512
35.86,-30.8165,2.2973,-0.4968,72.3156,154.1435,28.7246
35.88,-30.676,2.0863,0.2294,73.9785,148.7272,22.7904
35.9,-30.5357,1.8935,0.9717,75.4644,142.3442,15.6379
35.92,-30.3825,1.7094,1.7251,76.7179,134.8631,7.2171
35.94,-30.0698,1.3937,3.2335,78.3128,117.0668,347.1764
35.96,-29.9079,1.2699,3.9748,78.6363,107.4657,336.3286
35.98,-29.7406,1.1694,4.6933,78.6406,98.072,325.6138
36,-29.5853,1.1023,5.3728,78.3436,89.3751,315.7818
36.02,-29.4329,1.0895,6.016,77.8136,81.3861,306.9029
36.04,-29.1488,1.2436,7.1456,76.1142,68.3654,293.7305
36.06,-29.0194,1.3712,7.6082,75.1185,63.732,289.8395
36.08,-28.9158,1.535,8.0001,74.1534,59.956,286.8942
36.1,-28.8228,1.7016,8.3185,73.3225,57.2056,284.5438
36.12,-28.7624,1.8487,8.5539,72.6654,55.2798,282.6715
36.14,-28.686,2.0494,8.8006,71.8579,53.3341,280.641
36.16,-28.6532,2.0966,8.8229,71.6586,53.2089,280.7414
36.18,-28.6443,2.1159,8.7773,71.63,53.4362,281.4014
36.2,-28.655,2.0939,8.6617,71.8177,54.3228,282.8928
36.22,-28.6871,2.038,8.4428,72.2027,55.7322,284.7689
36.24,-28.7949,1.8397,7.822,73.5813,60.6906,290.0974
36.26,-28.8806,1.7304,7.4146,74.4508,64.2983,293.7817
36.28,-28.9754,1.6052,6.9329,75.4152,69.0851,298.6893
36.3,-29.0854,1.4815,6.3945,76.3403,75.0967,304.8499
36.32,-29.2148,1.3922,5.8077,77.2077,82.2352,312.1492
36.34,-29.5032,1.2587,4.4948,78.2314,101.0439,331.5741
36.36,-29.6581,1.2423,3.7979,78.2163,111.4074,342.6758
36.38,-29.8174,1.2561,3.0785,77.8267,121.5912,353.7533
36.4,-29.9908,1.3059,2.3369,77.0232,131.1705,3.9118
36.42,-30.1611,1.4142,1.5983,75.9185,139.6026,12.6066
36.44,-30.5043,1.7479,0.1309,72.9477,152.5656,25.7325
36.46,-30.6722,1.9764,-0.5723,71.2822,157.302,30.5417
36.48,-30.8327,2.2353,-1.243,69.593,161.161,34.507
36.5,-30.978,2.5173,-1.8713,67.8921,164.3079,37.7523
36.52,-31.1151,2.8108,-2.457,66.2157,166.8842,40.4466
36.54,-31.3616,3.3917,-3.4754,63.107,170.7891,44.196
36.56,-31.4707,3.6525,-3.8981,61.7525,172.1945,45.1844
36.58,-31.5703,3.866,-4.2549,61.9152,174.7219,47.8527
36.6,-31.6559,4.0478,-4.5277,60.8964,175.5556,47.9964
36.62,-31.7291,4.1743,-4.7115,59.9661,176.3297,48.307
36.64,-31.8259,4.22,-4.799,59.6411,176.9724,48.2033
36.66,-31.8474,4.149,-4.7088,60.0655,176.8472,47.9094
36.68,-31.8522,4.019,-4.4988,60.8904,176.6155,47.6221
36.7,-31.8347,3.8519,-4.1958,62.0215,176.1622,47.302
36.72,-31.7945,3.6539,-3.8092,63.4054,175.3882,46.8316
36.74,-31.6522,3.2031,-2.8058,66.9257,172.8757,44.9672
36.76,-31.5518,2.9546,-2.2114,68.8911,170.9691,43.3674
36.78,-31.4341,2.6898,-1.5742,70.8831,168.4618,41.2619
36.8,-31.3007,2.4288,-0.8932,72.9097,165.0907,38.4367
36.82,-31.1511,2.1648,-0.1844,74.7794,160.6848,34.514
36.84,-30.8093,1.6484,1.285,78.0791,146.3435,20.7463
36.86,-30.6322,1.4169,2.0248,79.15,137.6348,11.8485
36.88,-30.4563,1.2101,2.7508,79.848,127.5686,1.0085
36.9,-30.2828,1.0363,3.454,80.2011,117.2062,349.1942
36.92,-30.1057,0.9132,4.1363,80.3026,107.0494,337.2238
36.94,-29.7683,0.8234,5.408,79.5993,87.8542,315.4685
36.96,-29.6127,0.8525,5.9797,78.9301,79.6129,306.6171
36.98,-29.4547,0.9192,6.5084,78.1374,72.848,299.3634
37,-29.3004,1.0211,6.9882,77.1619,67.4756,293.7032
37.02,-29.1728,1.1472,7.402,76.2106,63.183,289.3846
37.04,-28.9237,1.417,8.0397,74.3938,57.7141,284.5506
37.06,-28.8251,1.5572,8.2593,73.6102,55.9546,283.3207
37.08,-28.7474,1.6732,8.4026,72.9759,54.9428,282.963
37.1,-28.6719,1.7623,8.4766,72.4689,54.6171,283.3036
37.12,-28.6266,1.8459,8.4849,72.1348,54.5309,283.8985
37.14,-28.5652,1.887,8.2952,72.0147,56.3575,287.0746
37.16,-28.5573,1.8643,8.0806,72.2236,58.0144,289.4756
37.18,-28.5803,1.8392,7.8062,72.5982,60.029,292.2457
37.2,-28.6146,1.79,7.4687,73.115,62.7087,295.546
37.22,-28.6716,1.7279,7.0616,73.7731,66.0866,299.4935
37.24,-28.849,1.642,6.0639,75.2962,74.9834,310.0883
37.26,-28.973,1.6354,5.4839,76.0441,80.6866,316.728
37.28,-29.0993,1.6508,4.8537,76.7466,87.7929,324.7302
37.3,-29.2437,1.6733,4.1856,77.2467,96.1395,333.8339
37.32,-29.4062,1.7185,3.4895,77.4719,105.3769,343.64
37.34,-29.7483,1.8686,2.0473,76.8513,125.254,3.7083
37.36,-29.9247,1.9712,1.3231,75.9694,134.2864,12.5422
37.38,-30.0966,2.102,0.6186,74.8125,142.1093,20.0174
37.4,-30.261,2.2641,-0.0548,73.4885,148.4825,25.8343
37.42,-30.4156,2.4522,-0.6871,72.0792,153.649,30.468
37.44,-30.6739,2.8528,-1.7606,69.1849,160.5447,36.7889
37.46,-30.7783,3.0321,-2.1841,67.9333,162.8121,39.1922
37.48,-30.8603,3.1764,-2.5203,67.4589,165.0222,41.5516
37.5,-30.9278,3.2857,-2.7687,66.6448,165.687,42.2415
37.52,-30.9767,3.352,-2.9192,65.981,166.7111,43.2267
37.54,-31.01,3.3371,-2.9284,65.9775,166.4657,43.3214
37.56,-31.0007,3.2841,-2.7994,66.4587,165.7396,42.8209
37.58,-30.9643,3.1784,-2.5418,67.2798,164.586,41.8758
37.6,-30.9092,3.0574,-2.217,68.3037,163.0856,40.5241
37.62,-30.8353,2.9161,-1.8141,69.556,161.1194,38.7023
37.64,-30.6304,2.6033,-0.8015,72.508,154.9764,32.6788
37.66,-30.4989,2.441,-0.2039,74.0853,150.4075,28.1423
37.68,-30.355,2.2975,0.4454,75.6592,144.3958,22.1848
37.7,-30.1955,2.1597,1.1323,77.1007,136.7599,14.66
37.72,-30.024,2.0274,1.8435,78.2868,127.0897,5.2206
37.74,-29.6517,1.82,3.3036,79.0306,103.288,341.8185
37.76,-29.4603,1.7389,4.0285,78.4461,91.2942,329.9204
37.78,-29.2783,1.6922,4.7341,77.509,81.981,320.5096
37.8,-29.1038,1.6705,5.4091,76.3909,74.7834,312.9413
37.82,-28.9395,1.6793,6.0449,75.1598,69.3821,306.8602
37.84,-28.6538,1.8182,7.1691,72.714,61.655,297.5945
37.86,-28.5318,1.9329,7.641,71.5431,58.5465,294.3181
37.88,-28.4383,2.0804,8.0413,70.4636,55.8507,291.5446
37.9,-28.3578,2.2393,8.3702,69.5124,53.7363,289.4651
37.92,-28.2921,2.3777,8.6221,68.7425,52.2212,288.0177
37.94,-28.2152,2.6157,8.9041,67.7481,50.3378,286.3121
37.96,-28.2105,2.6724,8.9333,67.6218,50.0341,286.0583
37.98,-28.2207,2.6956,8.8945,67.6614,50.0682,286.1364
38,-28.2383,2.6739,8.8014,67.9143,50.5199,286.6664
38.02,-28.2805,2.6062,8.6033,68.459,51.5287,287.8239
38.04,-28.4158,2.4058,8.0317,70.0532,54.7387,291.194
38.06,-28.5005,2.2721,7.6395,71.1415,57.4012,293.7726
38.08,-28.6167,2.1351,7.1768,72.3579,60.704,297.0556
38.1,-28.7512,2.0086,6.6556,73.6291,64.9155,301.3234
38.12,-28.8947,1.9022,6.0849,74.8934,70.2049,306.8328
38.14,-29.2167,1.6732,4.8102,76.9931,85.3427,323.8148
38.16,-29.4051,1.6084,4.1293,77.7006,94.4383,334.4002
38.18,-29.6027,1.542,3.4022,78.0519,105.6022,346.5086
38.2,-29.8103,1.5389,2.6544,77.8599,117.0092,358.2366
38.22,-30.029,1.6119,1.9044,77.2417,127.8522,9.2511
38.24,-30.4693,1.9195,0.4294,74.968,144.988,26.8024
38.26,-30.6789,2.1361,-0.276,73.5079,151.5228,33.2887
38.28,-30.8802,2.3734,-0.9415,71.9331,156.7969,38.4346
38.3,-31.0722,2.6121,-1.5629,70.2939,161.1727,42.4822
38.32,-31.25,2.8365,-2.1314,68.6549,164.744,45.4449
38.34,-31.5548,3.2215,-3.0506,65.9036,169.7773,49.3546
38.36,-31.6797,3.3826,-3.3778,65.2076,171.8726,51.139
38.38,-31.7823,3.491,-3.6239,64.1018,173.4292,52.4012
38.4,-31.8641,3.5711,-3.7698,63.5301,174.3203,52.9516
38.42,-31.9309,3.6008,-3.8276,63.2824,174.7072,53.0387
38.44,-31.9926,3.5338,-3.6637,63.9512,174.701,52.8564
38.46,-31.9936,3.4271,-3.4152,64.8716,174.3278,52.3705
38.48,-31.9706,3.2844,-3.1036,65.9943,173.6703,51.5755
38.5,-31.9218,3.1101,-2.7107,67.3811,172.6856,50.5442
38.52,-31.8428,2.9111,-2.2366,69.0306,171.2224,49.2171
38.54,-31.6299,2.5179,-1.0671,72.9879,166.043,44.8537
38.56,-31.4913,2.3191,-0.3887,75.1235,161.9183,41.1838
38.58,-31.3292,2.1175,0.3345,77.1982,155.8729,35.7206
38.6,-31.15,1.9338,1.0958,79.1577,147.5079,28.0652
38.62,-30.9578,1.7572,1.8749,80.5623,135.3162,16.5786
38.64,-30.5449,1.4806,3.46,81.1041,100.9196,343.4019
38.66,-30.346,1.3902,4.2321,80.4225,87.1299,329.675
38.68,-30.1431,1.3489,4.9784,79.2044,76.6264,318.6953
38.7,-29.956,1.3664,5.686,77.7418,69.2309,310.6828
38.72,-29.781,1.4096,6.337,76.2499,63.8333,304.708
38.74,-29.494,1.6572,7.4352,73.3176,55.2898,295.4824
38.76,-29.3786,1.8243,7.8705,72.0354,52.4785,292.0162
38.78,-29.3065,1.9813,8.2034,71.0549,50.3262,289.0482
38.8,-29.2429,2.1218,8.46,70.3135,48.754,286.5649
38.82,-29.2012,2.2195,8.6297,69.8433,47.7881,284.7409
38.84,-29.1338,2.3297,8.755,69.5488,46.8963,282.8794
38.86,-29.151,2.3401,8.6937,69.7216,47.0066,283.0758
38.88,-29.1592,2.3089,8.569,70.0886,47.5368,283.6679
38.9,-29.2013,2.2312,8.3196,70.8054,48.8768,285.1447
38.92,-29.2635,2.1654,8.0262,71.6243,50.3938,286.7914
38.94,-29.4068,1.9162,7.2159,73.7202,56.14,293.0765
38.96,-29.5131,1.7933,6.7046,74.9729,60.3463,297.569
38.98,-29.6306,1.6789,6.1311,76.2202,65.9626,303.3913
39,-29.7617,1.5909,5.5024,77.4306,73.0888,310.6723
39.02,-29.9018,1.5082,4.8211,78.4781,82.6039,320.4081
39.04,-30.2082,1.4118,3.3615,79.3048,106.9057,346.2099
39.06,-30.3671,1.3972,2.599,79.0348,119.4625,0.0218
39.08,-30.5315,1.4572,1.817,78.2199,131.2541,12.1249
39.1,-30.6903,1.5925,1.0374,76.9482,141.28,22.0041
39.12,-30.8544,1.7976,0.274,75.4259,148.956,29.763
39.14,-31.1374,2.3169,-1.1479,71.9344,159.7455,41.0114
39.16,-31.2739,2.6116,-1.8017,70.1298,163.5724,44.5911
39.18,-31.3916,2.8907,-2.4005,68.2871,166.5634,46.8958
39.2,-31.4995,3.1445,-2.9413,66.54,168.911,48.4605
39.22,-31.6023,3.3624,-3.4163,64.9105,170.8273,49.3463
39.24,-31.7619,3.6863,-4.0983,62.5218,173.3902,50.1256
39.26,-31.8177,3.7872,-4.3022,61.7983,174.1503,50.2412
39.28,-31.8545,3.8312,-4.3893,61.5463,174.5182,50.4398
39.3,-31.8705,3.8262,-4.3814,61.6264,174.5904,50.7471
39.32,-31.8738,3.7834,-4.2883,62.0124,174.431,50.8546
39.34,-31.8329,3.5473,-3.81,63.754,173.296,49.818
39.36,-31.7882,3.383,-3.4556,65.0019,172.295,48.9803
39.38,-31.7189,3.1903,-3.0224,66.4513,170.9312,47.7837
39.4,-31.6314,2.9848,-2.5219,68.069,169.168,46.1093
39.42,-31.5319,2.7725,-1.9648,69.8453,166.8307,43.9924
39.44,-31.2613,2.3387,-0.6852,73.5118,159.8156,37.7706
39.46,-31.1076,2.1442,0.0125,75.2906,154.6239,33.0209
39.48,-30.9331,1.9536,0.7388,76.9027,147.9503,26.7733
39.5,-30.7423,1.7752,1.4889,78.3829,138.8774,18.3567
39.52,-30.5429,1.589,2.2436,79.3984,128.3004,8.476
39.54,-30.163,1.297,3.7283,79.9177,103.9766,344.3374
39.56,-29.9856,1.2078,4.4345,79.4589,93.062,332.8129
39.58,-29.8028,1.1449,5.1084,78.6482,84.1874,323.2563
39.6,-29.6402,1.1466,5.7389,77.6369,76.5284,315.3793
39.62,-29.4818,1.1934,6.3144,76.4662,70.3896,309.4059
39.64,-29.2302,1.4403,7.2774,74.0885,60.9267,301.6406
39.66,-29.1274,1.5805,7.6472,72.9842,57.9459,299.5445
39.68,-29.0516,1.7104,7.932,72.0788,55.8477,298.0495
39.7,-28.997,1.8129,8.1316,71.3866,54.6055,297.0614
39.72,-28.9554,1.899,8.2573,70.8777,53.861,296.4126
39.74,-28.9444,1.9887,8.2834,70.5421,53.6041,296.5752
39.76,-28.9588,1.9619,8.1859,70.7082,54.2952,297.5886
39.78,-28.9948,1.9257,8.004,71.1266,55.3319,298.9071
39.8,-29.047,1.8462,7.7441,71.8004,57.168,300.8129
39.82,-29.1237,1.7608,7.4171,72.656,59.4867,303.0309
39.84,-29.322,1.5586,6.5481,74.8041,66.9194,310.1099
39.86,-29.4493,1.4682,6.0138,75.9494,72.3447,315.3828
39.88,-29.578,1.3956,5.4275,77.0167,79.297,322.1904
39.9,-29.7297,1.3546,4.7897,77.9377,87.8182,330.6844
39.92,-29.8853,1.3287,4.1092,78.528,98.0877,341.0571
39.94,-30.2222,1.3955,2.6672,78.4447,120.8411,4.3623
39.96,-30.3891,1.4932,1.9231,77.6973,131.4872,15.3177
39.98,-30.5649,1.6456,1.1766,76.5781,140.4942,24.6729
40,-30.7273,1.8369,0.4428,75.1651,147.8216,32.3989
40.02,-30.8907,2.061,-0.2775,73.5466,153.7124,38.6954
40.04,-31.1785,2.5847,-1.6181,70.0531,162.0378,47.3321
40.06,-31.3095,2.8551,-2.2315,68.2676,165.0075,50.1428
40.08,-31.4309,3.1232,-2.7925,66.5522,167.3844,52.2655
40.1,-31.5385,3.3695,-3.2943,64.8879,169.2312,53.5846
40.12,-31.6368,3.5919,-3.7298,63.3515,170.7221,54.3577
40.14,-31.7882,3.9242,-4.3586,61.5944,173.5494,56.2592
40.16,-31.8385,4.037,-4.5325,60.814,173.9285,56.2451
40.18,-31.8723,4.0948,-4.6116,60.4225,174.4133,56.672
40.2,-31.8907,4.0946,-4.5996,60.463,174.4417,56.4441
40.22,-31.897,4.0435,-4.503,60.8726,174.2836,56.1649
40.24,-31.8488,3.7614,-3.9863,62.8312,173.1717,54.8998
40.26,-31.8025,3.5701,-3.611,64.2072,172.2407,53.9259
40.28,-31.725,3.3474,-3.1328,65.9156,170.9867,52.6385
40.3,-31.6334,3.1082,-2.5914,67.7849,169.2477,50.9283
40.32,-31.5196,2.8582,-1.9817,69.7869,167.0336,48.7315
40.34,-31.2334,2.3587,-0.602,73.9687,159.8639,41.7092
40.36,-31.0606,2.1192,0.1498,75.8505,153.9768,35.8796
40.38,-30.8732,1.89,0.9284,77.6224,145.4008,27.6058
40.4,-30.671,1.6831,1.7294,78.9815,133.6894,16.305
40.42,-30.4648,1.5042,2.5385,79.776,120.865,3.785
40.44,-30.0391,1.2424,4.1298,79.3775,95.194,337.711
40.46,-29.8432,1.1844,4.8834,78.4082,85.0766,326.8465
40.48,-29.6493,1.1805,5.6022,77.1399,76.9129,318.0084
40.5,-29.4705,1.2291,6.2752,75.7532,70.3053,310.966
40.52,-29.3087,1.3286,6.8925,74.316,64.8594,305.5277
40.54,-29.0315,1.6522,7.9304,71.5753,56.9331,298.1666
40.56,-28.9231,1.8346,8.3277,70.4167,54.3088,295.7508
40.58,-28.8351,2.0121,8.6412,69.474,52.3778,293.7527
40.6,-28.7838,2.1662,8.864,68.7881,50.9538,292.0572
40.62,-28.7378,2.2877,9.0115,68.3273,50.0971,290.817
40.64,-28.7185,2.4277,9.0708,68.0673,49.3447,289.8381
40.66,-28.7255,2.4371,9.0017,68.246,49.514,290.0816
40.68,-28.7534,2.4056,8.8499,68.6963,50.1219,290.689
40.7,-28.8061,2.3183,8.5976,69.472,51.426,291.8983
40.72,-28.8737,2.2123,8.2897,70.3919,53.1343,293.5583
40.74,-29.0534,1.9378,7.4623,72.7076,58.5667,299.1535
40.76,-29.1613,1.7956,6.9512,74.0135,62.6365,303.3867
40.78,-29.2917,1.6413,6.37,75.3872,68.143,309.1875
40.8,-29.436,1.5179,5.7382,76.7188,75.2347,316.5742
40.82,-29.5799,1.4095,5.0598,77.838,84.438,326.1209
40.84,-29.9134,1.2891,3.5571,79.0282,109.2857,350.9486
40.86,-30.0951,1.317,2.7551,78.7781,123.2213,4.1587
40.88,-30.2753,1.4028,1.9325,77.8748,135.8084,15.8969
40.9,-30.4451,1.5689,1.1244,76.5473,146.0718,25.6757
40.92,-30.6089,1.8053,0.3389,74.9524,153.7537,33.2714
40.94,-30.9057,2.3884,-1.1393,71.3006,163.7252,43.4744
40.96,-31.0337,2.6872,-1.81,69.3945,166.8471,46.6719
40.98,-31.1492,2.972,-2.4182,67.5945,169.071,48.9578
41,-31.246,3.2087,-2.9544,65.7952,170.5895,50.5714
41.02,-31.3295,3.4118,-3.403,64.6551,172.3722,52.5024
41.04,-31.4553,3.7245,-3.9885,62.0679,173.035,52.8929
41.06,-31.4929,3.7919,-4.1185,61.6472,173.2773,53.4515
41.08,-31.5167,3.7961,-4.1457,61.5351,173.2628,53.1894
41.1,-31.5283,3.7473,-4.0766,61.7945,173.1091,52.6956
41.12,-31.5254,3.6483,-3.9019,62.5004,172.8007,51.9218
41.14,-31.4591,3.314,-3.2134,64.989,171.4412,49.9622
41.16,-31.3973,3.1063,-2.7414,66.6744,170.3112,48.5899
41.18,-31.3181,2.8822,-2.1927,68.5808,168.7741,46.8673
41.2,-31.214,2.6374,-1.5778,70.6241,166.6807,44.6509
41.22,-31.0903,2.394,-0.9037,72.8021,163.8119,41.7392
41.24,-30.792,1.9239,0.568,77.0831,154.2401,32.603
41.26,-30.6219,1.7175,1.3494,78.7806,145.084,23.7588
41.28,-30.4351,1.5225,2.1414,80.0521,130.972,10.1241
41.3,-30.2404,1.3527,2.9352,80.4424,116.9485,355.9804
41.32,-30.0561,1.2167,3.7119,80.3777,104.2419,342.6429
41.34,-29.6899,1.0649,5.1804,78.6433,83.3961,319.9013
41.36,-29.5196,1.0796,5.8605,77.4869,75.5614,311.5855
41.38,-29.3689,1.1731,6.4919,76.1483,68.545,304.9158
41.4,-29.2073,1.281,7.0596,74.7826,63.278,300.4598
41.42,-29.0751,1.4457,7.5571,73.4533,58.9179,297.3024
41.44,-28.8886,1.8111,8.3,71.4312,53.1151,292.4836
41.46,-28.8256,1.9608,8.5366,70.9388,51.7546,290.086
41.48,-28.7812,2.0624,8.6799,70.6854,50.8808,287.6662
41.5,-28.7508,2.1581,8.7574,70.5617,50.149,285.8264
41.52,-28.749,2.2075,8.7566,70.6381,49.6601,284.8202
41.54,-28.7571,2.1816,8.5551,71.3921,50.0886,284.8018
41.56,-28.7941,2.1121,8.3198,72.1616,51.1061,285.6498
41.58,-28.8538,2.0334,8.0281,73.0577,52.6768,287.0359
41.6,-28.9237,1.9038,7.6562,74.1455,55.3367,289.5271
41.62,-29.0195,1.7865,7.2138,75.3229,58.7431,292.9492
41.64,-29.2514,1.5714,6.1487,77.6669,69.4796,304.3851
41.66,-29.3883,1.4898,5.5342,78.6988,77.3105,312.8465
41.68,-29.5467,1.4514,4.8774,79.5242,87.1203,323.3004
41.7,-29.6949,1.381,4.1711,79.9198,99.7897,336.3887
41.72,-29.8595,1.3625,3.437,79.8038,113.1263,350.1499
41.74,-30.1922,1.4343,1.9037,78.0194,137.1759,14.2489
41.76,-30.3641,1.5533,1.1252,76.5597,146.3277,23.2078
41.78,-30.5192,1.7267,0.3628,74.8501,153.5786,30.046
41.8,-30.672,1.9436,-0.3881,72.9963,159.1008,35.1631
41.82,-30.8088,2.2097,-1.0984,71.0529,163.5735,38.9981
41.84,-31.0447,2.8071,-2.3903,67.2574,169.5567,43.6372
41.86,-31.1411,3.0999,-2.9546,65.4767,171.5872,44.9257
41.88,-31.2131,3.3555,-3.4541,63.7976,173.0816,45.6736
41.9,-31.2719,3.5791,-3.8823,62.3423,174.1219,46.1682
41.92,-31.3083,3.762,-4.2285,61.1522,174.771,46.5778
41.94,-31.3114,3.9976,-4.6498,59.6296,174.91,47.0767
41.96,-31.2843,4.0517,-4.7221,59.3209,174.4821,46.983
41.98,-31.2407,4.06,-4.7032,59.2476,173.7759,46.5679
42,-31.1815,4.0202,-4.6048,59.5754,172.8859,46.0536
42.02,-31.0934,3.917,-4.3951,60.3126,171.8344,45.3648
42.04,-30.887,3.6005,-3.7526,62.5499,169.2057,42.9199
42.06,-30.7564,3.3973,-3.3081,64.0657,167.4121,41.3722
42.08,-30.616,3.1784,-2.7901,65.7941,165.1956,39.4697
42.1,-30.4607,2.9519,-2.2008,67.6609,162.4411,36.9192
42.12,-30.2954,2.7239,-1.5532,69.6403,159.0032,33.7271
42.14,-29.9391,2.2601,-0.1252,73.4632,149.1511,24.6968
42.16,-29.7536,2.0455,0.6389,75.0008,141.9084,17.8014
42.18,-29.5718,1.844,1.419,76.3063,132.3851,8.7424
42.2,-29.3787,1.6358,2.2014,76.9842,122.6539,359.2481
42.22,-29.2014,1.4502,2.9703,77.153,113.2341,349.5805
42.24,-28.8836,1.1839,4.4117,76.3311,96.65,331.518
42.26,-28.7514,1.1528,5.0754,75.5924,89.5664,323.9337
42.28,-28.612,1.13,5.6535,74.7863,83.8069,318.2958
42.3,-28.5168,1.2267,6.1791,74.0086,78.3136,313.0821
42.32,-28.44,1.3383,6.6107,73.2942,74.2404,309.1752
42.34,-28.3279,1.5998,7.2394,72.1822,68.5913,303.3887
42.36,-28.3011,1.7126,7.433,71.803,66.7831,301.4795
42.38,-28.292,1.8188,7.56,71.5743,65.3677,299.9668
42.4,-28.288,1.8512,7.6034,71.5055,64.8559,299.4237
42.42,-28.2961,1.8632,7.5819,71.5567,64.7705,299.4461
42.44,-28.3656,1.7868,7.3125,72.1366,66.4674,301.5789
42.46,-28.4256,1.7126,7.0634,72.6607,68.4531,303.7874
42.48,-28.499,1.6415,6.745,73.3123,71.1428,306.6342
42.5,-28.5896,1.566,6.3534,74.0375,74.778,310.4305
42.52,-28.6935,1.4982,5.8953,74.7763,79.4341,315.2601
42.54,-28.9502,1.3922,4.7908,76.0933,92.2598,328.3964
42.56,-29.0958,1.3741,4.1669,76.5064,100.3198,336.5054
42.58,-29.263,1.3701,3.4932,76.643,109.3644,345.6596
42.6,-29.4306,1.4023,2.7904,76.4198,118.7795,355.1831
42.62,-29.6086,1.4665,2.0618,75.8371,127.9725,4.4823
42.64,-29.9779,1.7286,0.5731,73.7084,143.9703,20.431
42.66,-30.1636,1.9126,-0.1712,72.2104,150.4125,26.8384
42.68,-30.3396,2.1438,-0.8903,70.5805,155.7454,32.1249
42.7,-30.5184,2.4089,-1.5892,68.8434,160.0313,36.2885
42.72,-30.6809,2.693,-2.2507,67.0336,163.4453,39.4454
42.74,-30.9814,3.3029,-3.4336,63.5342,168.2755,43.7637
42.76,-31.1088,3.5942,-3.9398,61.9296,169.9292,45.0414
42.78,-31.2206,3.8573,-4.3818,60.4127,171.2121,45.8284
42.8,-31.3142,4.0725,-4.7538,59.0875,172.1715,46.4377
42.82,-31.3849,4.2438,-5.0387,58.0711,172.8823,47.0405
42.84,-31.4707,4.4182,-5.3542,56.9745,173.5463,47.8234
42.86,-31.4818,4.4214,-5.376,56.9066,173.5565,47.7769
42.88,-31.4738,4.3805,-5.3082,57.1829,173.3729,47.5427
42.9,-31.4428,4.2835,-5.1494,57.7822,172.9367,47.0758
42.92,-31.3895,4.1379,-4.8825,58.7672,172.2795,46.4097
42.94,-31.2302,3.7438,-4.1318,61.4363,170.1579,44.3281
42.96,-31.1245,3.5104,-3.6445,63.1271,168.6135,42.8119
42.98,-30.9975,3.2535,-3.0897,64.9641,166.6527,40.8987
43,-30.8607,2.9963,-2.4762,66.9381,164.2074,38.6755
43.02,-30.7032,2.7245,-1.8119,68.8965,161.132,35.7864
43.04,-30.3685,2.1974,-0.3745,72.5635,152.2662,27.0967
43.06,-30.1868,1.9481,0.3867,74.2655,145.857,20.823
43.08,-29.9992,1.7194,1.1678,75.6916,138.3124,13.3846
43.1,-29.819,1.5045,1.9411,76.6539,129.4843,4.321
43.12,-29.641,1.3372,2.7101,77.2139,120.0657,354.4446
43.14,-29.3103,1.1809,4.1829,77.1459,100.8283,334.5133
43.16,-29.1607,1.1884,4.8587,76.6843,92.1904,325.9527
43.18,-29.0402,1.2587,5.4756,76.0525,84.6226,318.6262
43.2,-28.9306,1.3453,6.022,75.3035,78.5448,312.7368
43.22,-28.8465,1.4571,6.4915,74.6029,73.7431,307.8255
43.24,-28.7288,1.6652,7.1893,73.3608,67.3557,301.1143
43.26,-28.694,1.7731,7.433,72.8879,64.9331,298.6579
43.28,-28.6914,1.8209,7.5617,72.5958,63.769,297.6404
43.3,-28.7011,1.8692,7.6288,72.4544,62.8918,296.9261
43.32,-28.7271,1.8643,7.6137,72.5233,62.7845,296.9964
43.34,-28.8144,1.7682,7.3605,73.1805,64.6176,299.1817
43.36,-28.8816,1.6802,7.1186,73.7388,66.7004,301.4504
43.38,-28.9571,1.5717,6.8052,74.4651,69.7901,304.6131
43.4,-29.058,1.4709,6.4181,75.2159,73.7528,308.6341
43.42,-29.1727,1.3816,5.9705,76.0091,78.7857,313.6616
43.44,-29.4186,1.2218,4.8905,77.2587,93.2737,327.8877
43.46,-29.5594,1.1823,4.2756,77.5645,102.2691,336.8221
43.48,-29.6992,1.1699,3.6201,77.5065,111.879,346.3917
43.5,-29.844,1.1851,2.9272,77.07,121.5805,356.1586
43.52,-29.9917,1.2341,2.2082,76.256,130.6332,5.554
43.54,-30.271,1.4499,0.7345,73.7575,145.1518,21.1234
43.56,-30.3972,1.615,-0.0081,72.1516,150.7893,27.1077
43.58,-30.5277,1.8303,-0.7424,70.4195,155.417,31.9662
43.6,-30.6501,2.0872,-1.4556,68.6097,159.1291,35.9191
43.62,-30.7523,2.3759,-2.131,66.7676,162.0932,39.1869
43.64,-30.9272,3.0082,-3.3567,63.169,166.3875,44.0551
43.66,-30.9972,3.3309,-3.8975,61.4375,167.9436,45.5501
43.68,-31.0519,3.6369,-4.379,59.829,169.1503,46.5988
43.7,-31.0914,3.9112,-4.7973,58.3789,170.0999,47.4312
43.72,-31.1206,4.1424,-5.1515,57.1242,170.7936,47.9729
43.74,-31.1419,4.4588,-5.6451,55.3052,171.652,48.1562
43.76,-31.1306,4.5343,-5.7703,54.8412,171.7446,48.1059
43.78,-31.1053,4.5611,-5.8063,54.726,171.6274,47.989
43.8,-31.0667,4.5358,-5.7566,54.9353,171.3038,47.7877
43.82,-31.0188,4.464,-5.6262,55.4759,170.753,47.4142
43.84,-30.8762,4.1484,-5.0716,57.5212,168.9087,45.6365
43.86,-30.7915,3.9331,-4.6774,58.9214,167.6208,44.319
43.88,-30.6902,3.6843,-4.1983,60.5734,165.9452,42.8583
43.9,-30.5789,3.4193,-3.6397,62.435,163.8583,41.0513
43.92,-30.456,3.136,-3.0156,64.3772,161.2818,38.6315
43.94,-30.1767,2.561,-1.5888,68.4039,154.0379,32.0072
43.96,-30.0214,2.2792,-0.8042,70.2395,149.0108,27.4205
43.98,-29.8632,2.0123,0.0165,72.0241,142.5127,21.6327
44,-29.6966,1.7612,0.8631,73.4879,134.7669,14.6048
44.02,-29.5334,1.5307,1.717,74.4981,125.9025,6.2903
44.04,-29.2179,1.2085,3.4204,75.2181,106.7151,347.5091
44.06,-29.0805,1.1307,4.2358,74.9786,97.5153,338.1422
44.08,-28.9454,1.1067,5.0106,74.3958,89.4352,329.8432
44.1,-28.8354,1.1625,5.7368,73.6669,82.0223,322.3737
44.12,-28.7421,1.2413,6.3903,72.8561,75.9071,316.2204
44.14,-28.6071,1.5034,7.463,71.2496,66.8351,306.485
44.16,-28.5726,1.649,7.8653,70.5518,63.6236,302.9999
44.18,-28.5549,1.7997,8.1758,70.0012,61.0407,300.1962
44.2,-28.5436,1.9201,8.3915,69.6481,59.3526,298.1749
44.22,-28.5622,2.0244,8.5089,69.4832,58.1107,296.6534
44.24,-28.6081,2.0875,8.4924,69.7514,57.6644,295.788
44.26,-28.6596,2.0382,8.3645,70.1227,58.2449,296.3545
44.28,-28.7068,1.9549,8.1255,70.7987,59.8322,297.99
44.3,-28.7793,1.8433,7.8176,71.5647,61.9013,300.2621
44.32,-28.8582,1.7143,7.4348,72.4404,64.8471,303.3813
44.34,-29.0566,1.4707,6.4499,74.3434,73.6259,312.6179
44.36,-29.1668,1.3674,5.8628,75.2631,79.7806,319.0607
44.38,-29.2917,1.2978,5.218,76.0032,87.1652,326.7436
44.4,-29.4345,1.2748,4.5277,76.5549,95.6219,335.5184
44.42,-29.5782,1.2772,3.8005,76.7509,105.1348,345.3465
44.44,-29.8813,1.4266,2.2748,76.0166,124.5966,4.9611
44.46,-30.0327,1.5782,1.4993,75.0773,133.4453,13.4981
44.48,-30.1925,1.7763,0.7201,73.8132,141.2237,20.7409
44.5,-30.3475,2.0207,-0.04,72.344,147.7421,26.6229
44.52,-30.4921,2.2902,-0.7745,70.7135,153.0652,31.2795
44.54,-30.7614,2.8808,-2.1097,67.3618,160.8518,38.0139
44.56,-30.8824,3.1501,-2.696,65.6721,163.5942,40.1522
44.58,-30.9919,3.3824,-3.2124,64.0906,165.8609,41.7281
44.6,-31.0914,3.574,-3.6494,62.7213,167.6015,42.7065
44.62,-31.175,3.7195,-3.9904,61.6205,168.8792,43.2651
44.64,-31.2909,3.8749,-4.3491,60.5015,170.2446,43.9776
44.66,-31.3236,3.8799,-4.3673,60.5113,170.3974,44.1295
44.68,-31.3379,3.841,-4.2869,60.8288,170.313,44.01
44.7,-31.3374,3.75,-4.1037,61.4951,169.9629,43.574
44.72,-31.3192,3.6137,-3.8085,62.521,169.3428,42.891
44.74,-31.2247,3.2539,-2.9943,65.2503,167.128,40.8184
44.76,-31.1535,3.0428,-2.4812,66.9081,165.4113,39.2027
44.78,-31.0656,2.8235,-1.9087,68.6683,163.1756,36.9754
44.8,-30.9637,2.6054,-1.2851,70.4903,160.3446,34.1199
44.82,-30.8465,2.3746,-0.6266,72.265,156.6949,30.4075
44.84,-30.5746,1.9434,0.7784,75.4876,146.8904,19.9509
44.86,-30.438,1.7463,1.4985,76.9667,139.9965,12.4187
44.88,-30.2815,1.5535,2.2265,78.1199,132.0819,3.7406
44.9,-30.1331,1.3902,2.9499,78.9763,123.0429,353.8135
44.92,-29.9805,1.2396,3.6538,79.4556,113.479,342.9905
44.94,-29.6945,1.1137,4.9844,79.5126,93.9333,321.0135
44.96,-29.5504,1.1173,5.5902,79.0571,85.1135,311.6082
44.98,-29.4191,1.1843,6.1446,78.3422,77.2319,303.7733
45,-29.3017,1.3063,6.6438,77.4962,70.5394,297.42
45.02,-29.199,1.4231,7.0634,76.615,65.7625,293.0384
45.04,-29.0592,1.6753,7.6864,75.1902,59.4921,286.7433
45.06,-29.0205,1.7817,7.8819,74.6336,57.7224,284.8647
45.08,-28.9898,1.8537,8.0041,74.2455,56.7269,283.9586
45.1,-28.9865,1.8999,8.0498,74.0087,56.2729,283.8235
45.12,-28.9872,1.9074,8.0205,73.9685,56.5037,284.4448
45.14,-29.0476,1.8321,7.7285,74.5163,59.0516,287.7784
45.16,-29.1157,1.7432,7.4571,75.1134,61.5223,290.5312
45.18,-29.1932,1.6501,7.1198,75.8349,64.8172,294.0284
45.2,-29.2771,1.5438,6.716,76.6579,69.3367,298.6741
45.22,-29.3909,1.4428,6.238,77.509,75.0654,304.6172
45.24,-29.638,1.2909,5.1149,78.8784,91.1134,321.1813
45.26,-29.7785,1.2438,4.4788,79.233,101.3532,331.7848
45.28,-29.9234,1.2418,3.7988,79.1881,112.3506,343.204
45.3,-30.079,1.2807,3.0869,78.7476,123.1338,354.3663
45.32,-30.2353,1.3809,2.3617,77.9628,133.0224,4.5599
45.34,-30.5459,1.6941,0.8815,75.3765,148.5782,20.9667
45.36,-30.6922,1.9002,0.1475,73.737,154.2223,26.9687
45.38,-30.832,2.1403,-0.5658,71.9832,158.8078,31.7557
45.4,-30.9667,2.3971,-1.2547,70.1485,162.5026,35.5687
45.42,-31.0939,2.663,-1.9101,68.3026,165.4292,38.5858
45.44,-31.3258,3.1897,-3.0796,64.802,169.7422,42.713
45.46,-31.4233,3.4294,-3.5714,63.195,171.3436,43.8081
45.48,-31.5177,3.6387,-3.9965,61.7683,172.6135,44.5355
45.5,-31.594,3.812,-4.3318,60.5974,173.6201,45.0707
45.52,-31.6624,3.9376,-4.5848,59.7242,174.3775,45.5231
45.54,-31.7529,4.0423,-4.8152,58.877,175.2899,45.6588
45.56,-31.7742,4.0243,-4.7884,58.9745,175.4333,45.5766
45.58,-31.7806,3.963,-4.6838,59.3506,175.3648,45.421
45.6,-31.7709,3.8448,-4.4661,60.1248,175.0482,45.0987
45.62,-31.7416,3.6978,-4.1745,61.1786,174.5245,44.6419
45.64,-31.6298,3.3019,-3.3787,63.9173,172.6679,43.0099
45.66,-31.5497,3.0871,-2.877,65.6286,171.287,41.8217
45.68,-31.4523,2.8538,-2.3202,67.4667,169.3959,40.2012
45.7,-31.3388,2.6198,-1.7144,69.3645,166.9392,37.9147
45.72,-31.2082,2.386,-1.0656,71.2374,163.8506,34.7317
45.74,-30.9186,1.9672,0.3223,74.8237,155.1223,25.3238
45.76,-30.7418,1.7463,1.0448,76.4284,148.7024,18.5321
45.78,-30.5592,1.5488,1.7768,77.8015,140.8232,10.1935
45.8,-30.368,1.3682,2.51,78.8009,131.7881,0.4213
45.82,-30.1814,1.2297,3.23,79.4126,121.6002,349.262
45.84,-29.8257,1.0578,4.5774,79.5535,101.2651,326.6123
45.86,-29.6491,1.059,5.197,79.1564,92.1786,316.6144
45.88,-29.4805,1.1067,5.7617,78.5193,84.0538,308.2126
45.9,-29.338,1.2045,6.2638,77.6895,76.998,301.4183
45.92,-29.1864,1.3266,6.7077,76.752,71.6272,296.5706
45.94,-28.951,1.5766,7.3797,74.8312,64.3922,291.129
45.96,-28.8765,1.7106,7.6144,74.0255,62.1281,289.6692
45.98,-28.819,1.7885,7.7643,73.3832,61.0013,289.1235
46,-28.7791,1.8483,7.8448,72.928,60.5276,289.1059
46.02,-28.7561,1.8725,7.8484,72.6503,60.6987,289.753
46.04,-28.7658,1.8595,7.6469,72.6416,62.5237,292.8335
46.06,-28.8053,1.8032,7.4135,72.9691,64.4249,295.3159
46.08,-28.859,1.7245,7.1196,73.5087,67.0592,298.2896
46.1,-28.9263,1.6444,6.7601,74.2262,70.4103,301.6903
46.12,-29.0215,1.5552,6.3311,75.0557,74.8531,306.0375
46.14,-29.2511,1.3922,5.2945,76.754,87.4367,318.1448
46.16,-29.3957,1.3241,4.6884,77.4142,96.0976,326.4158
46.18,-29.5549,1.2928,4.0402,77.7959,105.8764,335.8081
46.2,-29.7191,1.2993,3.3576,77.7828,116.2761,345.9555
46.22,-29.8875,1.353,2.6463,77.3544,126.4746,356.0923
46.24,-30.2426,1.635,1.1779,75.3999,143.6312,13.4638
46.26,-30.4118,1.8381,0.4471,73.9608,150.1364,20.2716
46.28,-30.5798,2.0846,-0.2725,72.3438,155.3975,25.8591
46.3,-30.7461,2.3401,-0.9757,70.5743,159.5959,30.266
46.32,-30.8959,2.6001,-1.6435,68.7363,162.9608,33.6193
46.34,-31.1763,3.1031,-2.8453,65.1376,167.8956,37.9641
46.36,-31.2995,3.3236,-3.3573,63.5056,169.7063,39.3652
46.38,-31.3994,3.5061,-3.7914,62.0577,171.1844,40.3883
46.4,-31.4879,3.6586,-4.1431,60.8616,172.4362,41.0912
46.42,-31.5576,3.7689,-4.4048,59.9506,173.4051,41.5811
46.44,-31.6404,3.8627,-4.6407,59.1406,174.5565,42.1945
46.46,-31.6585,3.8469,-4.6194,59.2446,174.7769,42.2736
46.48,-31.6579,3.7891,-4.5189,59.611,174.7637,42.102
46.5,-31.6372,3.6751,-4.3064,60.3584,174.4549,41.7576
46.52,-31.5984,3.5346,-4.0196,61.408,173.8241,41.3259
46.54,-31.4629,3.1696,-3.2129,64.2382,171.4484,39.9614
46.56,-31.3627,2.9561,-2.7034,65.9227,169.5875,38.6636
46.58,-31.2472,2.7384,-2.1326,67.7477,167.1996,36.7761
46.6,-31.1145,2.5164,-1.5112,69.6373,164.1116,34.2173
46.62,-30.9662,2.3041,-0.8408,71.5626,160.1561,30.8524
46.64,-30.6246,1.9174,0.6028,75.0677,148.6997,20.4826
46.66,-30.4414,1.7602,1.3602,76.5503,140.694,12.8029
46.68,-30.2545,1.6146,2.1219,77.7339,130.7336,3.219
46.7,-30.0598,1.4945,2.8843,78.4447,119.3889,352.0863
46.72,-29.8727,1.4031,3.6273,78.6188,107.8167,340.4244
46.74,-29.5191,1.3638,5.0311,77.6314,87.2207,319.382
46.76,-29.3571,1.4185,5.6696,76.7065,79.2311,311.2778
46.78,-29.2058,1.5281,6.2601,75.6151,72.5377,304.8327
46.8,-29.0669,1.6656,6.7841,74.4364,67.2874,300.1453
46.82,-28.9472,1.8379,7.2451,73.2714,62.9728,296.5671
46.84,-28.7676,2.1453,7.9334,71.3878,57.6268,292.0384
46.86,-28.708,2.2573,8.1607,70.7284,56.1426,290.4636
46.88,-28.6658,2.3434,8.3098,70.2797,55.1804,289.3798
46.9,-28.6484,2.395,8.3799,69.9779,54.6315,288.9654
46.92,-28.6323,2.4119,8.3818,69.8687,54.6139,289.2909
46.94,-28.6581,2.3543,8.1436,70.2809,56.1486,291.8038
46.96,-28.706,2.2817,7.8851,70.8828,57.8928,293.7695
46.98,-28.7646,2.1896,7.5649,71.6401,60.2819,296.2283
47,-28.8449,2.0815,7.1675,72.5283,63.4686,299.5404
47.02,-28.9297,1.9586,6.704,73.5036,67.7048,303.9268
47.04,-29.1681,1.7413,5.5904,75.4854,79.3625,315.84
47.06,-29.3076,1.664,4.9483,76.3199,87.2485,323.8106
47.08,-29.456,1.6023,4.2616,76.8491,96.4786,333.2814
47.1,-29.6131,1.5856,3.5421,77.0595,106.4969,343.6601
47.12,-29.7766,1.6044,2.792,76.8559,117.0301,354.5421
47.14,-30.1243,1.7965,1.2453,75.1991,136.0736,13.9214
47.16,-30.2968,1.9667,0.4742,73.8553,143.7953,21.698
47.18,-30.47,2.1818,-0.2815,72.2663,150.1422,28.0763
47.2,-30.6357,2.4276,-1.0091,70.5243,155.2727,33.0963
47.22,-30.7916,2.6903,-1.699,68.7146,159.3655,36.9392
47.24,-31.079,3.2082,-2.9235,65.1056,165.3007,41.9417
47.26,-31.2071,3.4406,-3.4438,63.438,167.4396,43.4153
47.28,-31.3251,3.6409,-3.8748,62.0197,169.0849,44.3367
47.3,-31.4264,3.801,-4.2214,60.8359,170.4279,45.0881
47.32,-31.5132,3.9137,-4.4743,59.97,171.421,45.7258
47.34,-31.6423,3.9888,-4.693,59.2048,172.7293,46.3376
47.36,-31.686,3.9587,-4.664,59.2975,173.0938,46.2304
47.38,-31.7129,3.8871,-4.5539,59.6834,173.2722,45.9314
47.4,-31.7276,3.7591,-4.3231,60.4436,173.2341,45.4783
47.42,-31.7233,3.6076,-4.0247,61.4656,172.9879,44.9242
47.44,-31.6546,3.2047,-3.2103,64.1943,171.7008,43.2654
47.46,-31.5935,2.9786,-2.7038,65.8537,170.6222,41.9963
47.48,-31.5135,2.7362,-2.1443,67.6067,169.162,40.3486
47.5,-31.4187,2.4914,-1.534,69.4908,167.1414,38.3692
47.52,-31.3006,2.2404,-0.8812,71.2947,164.5182,35.9867
47.54,-31.0302,1.7642,0.5117,75.0243,156.0536,28.1562
47.56,-30.8792,1.5406,1.23,76.7166,149.7866,22.0633
47.58,-30.7209,1.3594,1.9648,78.2274,141.7903,14.0363
47.6,-30.5583,1.2005,2.6933,79.331,131.8162,3.9423
47.62,-30.3864,1.0625,3.4082,79.9427,120.433,352.3492
47.64,-30.0446,0.944,4.7915,79.9086,96.8956,328.5261
47.66,-29.8728,0.9613,5.4348,79.2886,86.6378,318.1937
47.68,-29.7191,1.0163,6.0218,78.4774,78.1634,309.7413
47.7,-29.5794,1.1179,6.5485,77.5734,71.2287,302.6327
47.72,-29.4442,1.267,7.0134,76.7911,65.6783,296.3841
47.74,-29.2401,1.5631,7.695,75.6577,57.8102,286.3572
47.76,-29.1529,1.6971,7.928,75.3468,54.9313,282.2832
47.78,-29.0962,1.8236,8.0846,75.2295,52.4315,278.6277
47.8,-29.0425,1.8979,8.1596,75.2706,50.8971,275.9242
47.82,-29.0113,1.9419,8.1666,75.473,49.8532,273.8503
47.84,-28.9785,1.9411,7.9766,76.2791,50.206,272.9393
47.86,-28.9857,1.9165,7.7561,76.8262,51.5291,274.0126
47.88,-29.0026,1.8365,7.4664,77.5518,54.3954,276.7263
47.9,-29.0319,1.7707,7.1212,78.2844,58.1651,280.4646
47.92,-29.066,1.6925,6.7137,78.999,63.4929,285.9521
47.94,-29.1909,1.5475,5.7206,80.1741,78.9433,302.335
47.96,-29.2744,1.4994,5.1437,80.4923,89.1669,313.073
47.98,-29.364,1.4556,4.521,80.4595,100.7654,325.1212
48,-29.4523,1.4394,3.8623,80.042,112.4568,337.2714
48.02,-29.5584,1.4554,3.1669,79.2671,123.2755,348.6817
48.04,-29.7886,1.6398,1.7289,76.8645,140.6188,7.251
48.06,-29.8963,1.7761,0.9974,75.2838,147.3654,14.4701
48.08,-30.0115,1.9429,0.2664,73.581,152.857,20.5778
48.1,-30.1258,2.1366,-0.4531,71.76,157.3984,25.5623
48.12,-30.2369,2.3571,-1.1505,69.8591,161.1826,29.3028
48.14,-30.461,2.8756,-2.4388,66.1421,166.7195,34.4586
48.16,-30.5583,3.1336,-3.0054,64.4286,168.5959,36.357
48.18,-30.6476,3.3804,-3.5086,62.8746,170.1062,37.744
48.2,-30.731,3.6051,-3.9411,61.4899,171.2018,38.4484
48.22,-30.8025,3.8006,-4.2854,60.3758,171.9725,38.9949
48.24,-30.8988,4.0308,-4.6992,59.0593,172.5975,40.1583
48.26,-30.931,4.0691,-4.7723,58.8538,172.6337,40.598
48.28,-30.9476,4.0417,-4.7409,58.9894,172.4762,40.5918
48.3,-30.9584,3.9825,-4.6366,59.3877,172.201,40.5055
48.32,-30.9508,3.8592,-4.41,60.184,171.6971,40.2391
48.34,-30.9056,3.5419,-3.7474,62.4954,170.1842,39.2194
48.36,-30.8611,3.339,-3.3088,63.9397,169.0866,38.2893
48.38,-30.8059,3.1223,-2.8081,65.5965,167.6719,37.102
48.4,-30.7439,2.8966,-2.2541,67.3837,165.8683,35.5613
48.42,-30.6667,2.67,-1.6477,69.2466,163.545,33.4689
48.44,-30.4739,2.2039,-0.3304,72.8835,156.7204,27.0185
48.46,-30.3592,1.9678,0.3626,74.529,151.8918,22.405
48.48,-30.2406,1.7811,1.0882,76.1587,145.6905,16.3611
48.5,-30.1107,1.5972,1.8113,77.4922,137.9733,8.6538
48.52,-29.9717,1.4342,2.534,78.4592,129.0293,359.538
48.54,-29.7131,1.2621,3.9335,79.2709,107.9257,337.9062
48.56,-29.563,1.2381,4.5952,79.0645,97.5529,327.4466
48.58,-29.4521,1.2762,5.2081,78.5557,87.7827,318.0621
48.6,-29.3194,1.3561,5.7828,77.7336,79.464,310.485
48.62,-29.2005,1.46,6.2949,76.8102,72.8731,304.8435
48.64,-29.0199,1.7073,7.1132,75.0033,64.1333,297.0842
48.66,-28.9525,1.8214,7.4124,74.2957,61.3911,294.2891
48.68,-28.9141,1.9183,7.6305,73.7463,59.4597,292.2244
48.7,-28.8749,1.9909,7.7844,73.3961,58.2229,290.8457
48.72,-28.857,2.0346,7.8602,73.2152,57.5058,290.1521
48.74,-28.8747,2.0329,7.7859,73.4371,57.6819,290.5214
48.76,-28.9044,1.9758,7.6185,73.9131,58.9246,291.7431
48.78,-28.9603,1.9011,7.3673,74.5684,61.0216,293.8092
48.8,-29.0091,1.8149,7.0568,75.3193,63.9758,296.6522
48.82,-29.1,1.7388,6.667,76.1714,67.728,300.4627
48.84,-29.2984,1.5692,5.6915,77.8982,79.6348,312.4521
48.86,-29.4116,1.496,5.111,78.5928,88.2256,321.0792
48.88,-29.5421,1.4609,4.4823,79.0152,98.1591,331.0898
48.9,-29.6796,1.457,3.8139,79.0748,109.0098,341.9413
48.92,-29.8097,1.4769,3.1066,78.6891,120.6281,353.1957
48.94,-30.1185,1.6951,1.6219,76.7891,140.7862,11.7209
48.96,-30.2613,1.8679,0.8769,75.3443,148.4536,18.7849
48.98,-30.3989,2.0626,0.1391,73.6958,154.4572,24.5591
49,-30.5298,2.2978,-0.5706,71.9763,159.2035,29.2213
49.02,-30.6487,2.5441,-1.2506,70.1655,162.9928,32.8399
49.04,-30.8704,3.044,-2.495,66.5475,168.3555,37.4363
49.06,-30.9716,3.2824,-3.0352,64.8498,170.2726,38.8679
49.08,-31.0527,3.4877,-3.505,63.3124,171.6992,39.9743
49.1,-31.1228,3.6716,-3.8925,62.0303,172.7753,40.7985
49.12,-31.1826,3.8165,-4.1958,61.0105,173.4849,41.4133
49.14,-31.2532,3.9757,-4.502,59.9792,174.1397,42.3604
49.16,-31.2712,3.978,-4.5095,59.9612,174.1191,42.4952
49.18,-31.2788,3.9379,-4.4267,60.2816,173.9369,42.4979
49.2,-31.2696,3.8375,-4.2384,60.9585,173.5182,42.2864
49.22,-31.248,3.6975,-3.9496,61.9764,172.8702,41.8549
49.24,-31.1591,3.3296,-3.1416,64.7222,170.8303,40.1105
49.26,-31.0943,3.1221,-2.6312,66.4053,169.3799,38.7648
49.28,-31.0174,2.8994,-2.0564,68.2595,167.4151,36.7444
49.3,-30.9213,2.6748,-1.4309,70.177,164.9713,34.0557
49.32,-30.8186,2.4509,-0.7673,72.1032,161.8908,30.5949
49.34,-30.5645,2.0466,0.6676,75.8816,152.6675,20.8377
49.36,-30.4269,1.861,1.4098,77.5356,146.0208,13.9625
49.38,-30.275,1.6879,2.1579,78.9852,137.3457,4.7704
49.4,-30.1282,1.5438,2.9033,80.0973,126.8542,353.5718
49.42,-29.9827,1.4245,3.6339,80.7311,115.0378,340.854
49.44,-29.7004,1.3028,5.0077,80.596,91.6312,315.8158
49.46,-29.5693,1.32,5.6263,79.9956,81.705,305.4505
49.48,-29.4474,1.3997,6.1906,79.157,73.3182,297.2833
49.5,-29.3429,1.5171,6.6827,78.1498,66.8083,291.5092
49.52,-29.2583,1.6698,7.1005,77.1259,61.7417,287.3143
49.54,-29.1505,1.9348,7.6916,75.4541,56.1475,282.7693
49.56,-29.1374,2.0275,7.8641,74.842,54.7483,281.8154
49.58,-29.1207,2.0771,7.9672,74.3883,54.2319,281.8064
49.6,-29.1395,2.1021,7.9851,74.1304,54.1599,282.4748
49.62,-29.1642,2.0669,7.9237,74.1534,55.0362,284.0883
49.64,-29.2758,1.9357,7.5323,74.913,58.4462,288.547
49.66,-29.358,1.8514,7.2203,75.6246,61.2519,291.6606
49.68,-29.4484,1.756,6.833,76.5142,65.1687,295.7454
49.7,-29.5486,1.6469,6.3726,77.5017,70.5805,301.2357
49.72,-29.6603,1.564,5.8573,78.493,77.3164,307.9204
49.74,-29.9062,1.4343,4.6593,79.9623,97.2431,327.4181
49.76,-30.0386,1.3896,3.9942,80.0929,109.7809,340.0538
49.78,-30.1572,1.3709,3.3107,79.6897,122.0143,352.9142
49.8,-30.2809,1.3838,2.6084,78.8136,132.5632,4.6727
49.82,-30.3971,1.4235,1.8817,77.5212,141.4775,14.3381
49.84,-30.6463,1.695,0.3834,74.0906,154.7001,26.5219
49.86,-30.7502,1.9102,-0.3435,72.186,158.9296,30.6545
49.88,-30.8362,2.1678,-1.0359,70.333,161.9792,34.3826
49.9,-30.9021,2.4459,-1.6922,68.4749,164.3309,37.5682
49.92,-30.959,2.736,-2.3158,66.6272,166.2684,39.8612
49.94,-31.0477,3.304,-3.4296,63.0673,169.2499,42.3069
49.96,-31.072,3.5528,-3.8952,61.5256,170.2385,43.1578
49.98,-31.0763,3.7594,-4.2857,60.2148,170.9226,43.9203
50,-31.0731,3.9368,-4.5937,59.1882,171.3623,44.5192
50.02,-31.0606,4.069,-4.815,58.4458,171.5346,44.7846
50.04,-31.0003,4.1739,-4.9755,57.9155,171.2415,44.4913
50.06,-30.9566,4.1432,-4.9152,58.1496,170.806,44.1539
50.08,-30.9009,4.0588,-4.763,58.7246,170.0996,43.534
50.1,-30.8311,3.9185,-4.494,59.6457,169.1385,42.6277
50.12,-30.7563,3.7476,-4.1528,60.801,167.9725,41.426
50.14,-30.5739,3.3197,-3.2374,63.7512,164.7794,37.975
50.16,-30.4723,3.0762,-2.684,65.4457,162.6947,35.6706
50.18,-30.3548,2.8143,-2.0738,67.193,160.1503,32.856
50.2,-30.2288,2.5468,-1.4158,68.9982,156.9928,29.6557
50.22,-30.0905,2.2744,-0.7172,70.6222,153.2437,25.9143
50.24,-29.797,1.7288,0.7441,73.7733,142.5044,15.0384
50.26,-29.6611,1.4945,1.4888,74.9617,135.7973,7.7018
50.28,-29.5129,1.2594,2.2184,75.7699,129.0463,359.7503
50.3,-29.3834,1.0918,2.9367,76.3718,121.6139,351.0601
50.32,-29.2537,0.9844,3.6365,76.7102,113.6298,342.0985
50.34,-29.0202,0.9555,4.9192,76.7329,97.3485,325.7156
50.36,-28.9134,1.0151,5.4764,76.4081,90.2227,318.8646
50.38,-28.8459,1.1335,5.9624,76.0237,83.9119,312.7437
50.4,-28.7913,1.2474,6.3655,75.6347,79.0124,307.7206
50.42,-28.7645,1.3786,6.6918,75.2677,75.0116,303.4242
50.44,-28.7495,1.6264,7.1216,74.6885,69.3807,297.3661
50.46,-28.7654,1.7098,7.2254,74.5116,67.7844,295.9076
50.48,-28.7847,1.7531,7.2633,74.4802,66.999,295.3414
50.5,-28.8291,1.7827,7.2373,74.5631,66.7456,295.3713
50.52,-28.8758,1.7598,7.1469,74.7934,67.4368,296.3047
50.54,-29.0348,1.6409,6.7135,75.7585,71.4289,300.7176
50.56,-29.1287,1.5613,6.4002,76.3647,74.8512,304.3326
50.58,-29.2319,1.4847,6.0177,77.0144,79.4792,309.0051
50.6,-29.3565,1.4114,5.5621,77.67,85.56,315.0192
50.62,-29.4839,1.365,5.0576,78.2087,92.8738,322.1869
50.64,-29.7539,1.3462,3.8994,78.6279,111.0547,339.9425
50.66,-29.8962,1.3731,3.2587,78.3668,121.182,349.6799
50.68,-30.0348,1.432,2.5926,77.7322,130.987,358.8531
50.7,-30.1876,1.5296,1.8979,76.7592,140.079,7.0939
50.72,-30.331,1.6642,1.1947,75.466,147.9995,13.8004
50.74,-30.6024,2.0169,-0.2076,72.2131,159.9854,23.2223
50.76,-30.7212,2.2354,-0.8793,70.4491,164.1406,26.3924
50.78,-30.8225,2.4666,-1.52,68.6649,167.3134,28.9481
50.8,-30.9089,2.7169,-2.1138,66.9794,169.6435,31.0611
50.82,-30.9757,2.9624,-2.653,65.3706,171.3413,32.7416
50.84,-31.0684,3.3954,-3.5347,62.6679,173.2984,35.1455
50.86,-31.0893,3.5556,-3.8547,61.6651,173.7507,35.9899
50.88,-31.1017,3.6781,-4.0831,60.9659,173.9338,36.5954
50.9,-31.0978,3.7315,-4.223,60.5049,173.8425,36.8459
50.92,-31.0871,3.7459,-4.2639,60.4083,173.5643,36.894
50.94,-31.0287,3.6444,-4.061,61.1645,172.4912,36.3621
50.96,-30.9777,3.521,-3.7938,62.0424,171.6259,35.6716
50.98,-30.9233,3.39,-3.4521,63.2171,170.638,34.7718
51,-30.8485,3.2061,-3.0366,64.5415,169.3535,33.4768
51.02,-30.7658,3.019,-2.5454,66.1164,167.7653,31.8898
51.04,-30.5708,2.6139,-1.3916,69.6189,163.2808,27.4677
51.06,-30.4577,2.4155,-0.7416,71.4747,160.0778,24.2689
51.08,-30.3335,2.2219,-0.0568,73.2859,155.9914,20.2395
51.1,-30.1977,2.0315,0.6498,74.9848,150.7565,15.2231
51.12,-30.0578,1.8531,1.371,76.4617,144.2229,8.9136
51.14,-29.7613,1.5501,2.8185,78.6527,126.2072,350.9832
51.16,-29.619,1.4449,3.5256,79.1421,115.7788,340.3408
51.18,-29.4706,1.3483,4.204,79.2121,105.6647,330.0175
51.2,-29.3386,1.329,4.8584,78.9634,95.4375,319.6704
51.22,-29.2047,1.3349,5.4699,78.4215,86.574,310.6656
51.24,-28.9549,1.4665,6.539,76.7014,72.8763,297.8628
51.26,-28.8253,1.5728,6.9953,75.6499,67.7273,293.7906
51.28,-28.7419,1.7599,7.3835,74.5454,63.4542,290.8673
51.3,-28.6415,1.8715,7.7004,73.5632,60.7973,289.3739
51.32,-28.5632,1.9695,7.9491,72.667,59.0702,288.748
51.34,-28.4392,2.1103,8.2472,71.2647,57.5363,289.0049
51.36,-28.4111,2.1335,8.267,70.897,57.7499,289.9025
51.38,-28.3863,2.1369,8.2244,70.6989,58.4526,291.2488
51.4,-28.383,2.1288,8.1017,70.6888,59.6158,293.2499
51.42,-28.3916,2.0936,7.868,70.9082,61.3779,295.8306
51.44,-28.4497,1.9675,7.2045,71.9667,66.8372,302.1712
51.46,-28.5055,1.8907,6.7678,72.7196,70.6562,306.099
51.48,-28.5732,1.8009,6.2621,73.4949,75.4987,310.9497
51.5,-28.6446,1.7103,5.7029,74.2906,81.4902,316.877
51.52,-28.7327,1.6401,5.0911,74.9691,88.4629,323.7044
51.54,-28.9607,1.554,3.7146,75.6648,105.9729,340.3354
51.56,-29.0918,1.576,2.9734,75.5153,115.6692,349.0435
51.58,-29.2356,1.6405,2.1994,74.9709,125.5514,357.4133
51.6,-29.3982,1.7684,1.4081,74.054,134.6973,4.7285
51.62,-29.5558,1.9547,0.6299,72.8655,142.6385,11.1254
51.64,-29.8608,2.436,-0.8545,69.8757,154.4054,21.1665
51.66,-30.0118,2.7009,-1.5389,68.2711,158.6128,24.9633
51.68,-30.1565,2.9645,-2.1663,66.6958,161.9442,27.9287
51.7,-30.2906,3.1843,-2.7303,65.1199,164.6186,30.3445
51.72,-30.4168,3.3757,-3.2144,63.7443,166.6789,32.2803
51.74,-30.6493,3.6434,-3.9051,61.7377,169.3624,35.0226
51.76,-30.7494,3.7119,-4.0925,61.1849,170.1627,36.0388
51.78,-30.8402,3.737,-4.1706,60.9802,170.6778,36.6444
51.8,-30.9216,3.7192,-4.147,61.1304,171.0179,37.0221
51.82,-30.9855,3.6591,-4.0283,61.5771,171.1637,37.1511
51.84,-31.0912,3.3928,-3.4552,63.5664,170.9245,36.762
51.86,-31.121,3.2209,-3.0485,64.9488,170.4961,36.2046
51.88,-31.1315,3.0303,-2.5646,66.5539,169.7959,35.3407
51.9,-31.1253,2.8262,-2.0154,68.3403,168.7481,34.1112
51.92,-31.1068,2.6121,-1.4146,70.2369,167.2459,32.5196
51.94,-30.9945,2.1854,-0.0702,74.2077,161.9831,27.5957
51.96,-30.9164,1.9734,0.6418,76.1262,157.5959,23.7587
51.98,-30.8232,1.7799,1.3702,77.8926,151.7541,18.3078
52,-30.7201,1.5992,2.1016,79.4542,143.8239,10.5075
52.02,-30.6035,1.4383,2.8225,80.6015,133.7696,0.1543
52.04,-30.3803,1.2538,4.2018,81.6176,108.7539,334.6741
52.06,-30.2659,1.2316,4.8365,81.4175,95.9365,321.9281
52.08,-30.1458,1.2473,5.4247,80.8173,84.957,311.2559
52.1,-30.0491,1.3364,5.9592,79.9736,75.5554,302.5085
52.12,-29.951,1.4429,6.4322,78.99,68.4744,296.1772
52.14,-29.7876,1.6893,7.1883,77.005,58.9534,288.9544
52.16,-29.714,1.7966,7.4762,76.1125,55.9619,286.9799
52.18,-29.6614,1.8556,7.6892,75.4467,54.0551,285.8181
52.2,-29.6174,1.91,7.8464,74.9047,52.6312,284.7422
52.22,-29.5833,1.9041,7.9244,74.6174,52.3068,284.4844
52.24,-29.5304,1.8591,7.8905,74.5649,53.2167,285.3957
52.26,-29.5138,1.8301,7.7747,74.759,54.4353,286.6153
52.28,-29.5065,1.7665,7.5449,75.2524,56.9612,289.1398
52.3,-29.5075,1.7165,7.2694,75.813,59.8954,292.0222
52.32,-29.5225,1.6625,6.9233,76.4498,63.7142,295.821
52.34,-29.5778,1.5581,6.0464,77.758,74.5088,306.7568
52.36,-29.6178,1.5086,5.5179,78.3071,81.9869,314.2196
52.38,-29.6775,1.4861,4.9353,78.7092,90.7294,322.7554
52.4,-29.738,1.4765,4.3067,78.844,100.7032,332.3947
52.42,-29.8107,1.497,3.6365,78.6343,111.0908,342.5196
52.44,-29.9673,1.6014,2.209,77.0689,130.7718,1.7129
52.46,-30.0554,1.7033,1.465,75.7847,138.9592,9.5751
52.48,-30.1428,1.8447,0.7223,74.2734,145.7142,15.9666
52.5,-30.2313,2.0164,-0.017,72.5715,151.3477,21.3475
52.52,-30.3147,2.2198,-0.7354,70.7876,155.8911,25.8573
52.54,-30.4685,2.7397,-2.0635,67.2374,162.2887,32.4409
52.56,-30.5407,3.034,-2.6526,65.5522,164.4703,34.8535
52.58,-30.6009,3.3137,-3.1812,63.9788,166.0893,36.7799
52.6,-30.6555,3.5571,-3.6486,62.6863,167.2053,38.2425
52.62,-30.7088,3.7603,-4.041,62.7632,169.2806,40.673
52.64,-30.7938,4.0317,-4.5729,60.6415,170.6955,41.5188
52.66,-30.8174,4.0825,-4.6936,60.1673,170.7703,41.5574
52.68,-30.8332,4.082,-4.7133,60.1778,170.8385,41.6953
52.7,-30.8403,4.0349,-4.6414,60.4761,170.5728,41.4602
52.72,-30.84,3.9427,-4.465,61.1412,170.2517,41.087
52.74,-30.8044,3.6247,-3.822,63.4134,168.97,39.5911
52.76,-30.7702,3.4255,-3.3803,64.9285,167.9405,38.4747
52.78,-30.726,3.2087,-2.8655,66.6606,166.5655,37.0789
52.8,-30.669,2.9822,-2.283,68.5701,164.75,35.2739
52.82,-30.5958,2.7452,-1.6435,70.57,162.296,32.9546
52.84,-30.4068,2.2811,-0.2161,74.6193,154.4789,26.4922
52.86,-30.2937,2.0615,0.5526,76.3063,148.4014,21.4216
52.88,-30.1713,1.8523,1.3396,77.8214,139.5771,13.5368
52.9,-30.0482,1.6552,2.1339,79.1479,128.114,2.8823
52.92,-29.93,1.4893,2.9244,79.8678,115.9502,351.0923
52.94,-29.7001,1.2481,4.4507,79.7235,93.0358,327.8043
52.96,-29.597,1.1891,5.1629,79.0106,83.4037,317.6015
52.98,-29.5039,1.1799,5.8304,78.1443,75.4916,309.0685
53,-29.419,1.2256,6.446,77.156,68.8554,302.0093
53.02,-29.349,1.3194,7.0012,76.1125,63.1412,296.4186
53.04,-29.2408,1.5877,7.8888,74.2237,54.8337,288.7679
53.06,-29.2205,1.742,8.2067,73.4812,51.9117,286.0684
53.08,-29.2071,1.8802,8.4462,72.9552,49.7398,283.8516
53.1,-29.2139,1.9792,8.5998,72.6394,48.221,282.2601
53.12,-29.2205,2.0705,8.6872,72.4431,47.1021,281.0941
53.14,-29.2884,2.1118,8.6183,72.7371,46.4563,280.631
53.16,-29.3334,2.0558,8.4569,73.2592,47.1726,281.39
53.18,-29.4053,1.9881,8.213,74.0153,48.3009,282.5477
53.2,-29.4686,1.8803,7.9026,74.891,50.4207,284.6701
53.22,-29.5553,1.7924,7.5231,75.8621,53.1125,287.4913
53.24,-29.7396,1.5712,6.5479,78.1307,62.6061,297.4586
53.26,-29.8516,1.5103,5.9808,79.2127,69.374,304.5044
53.28,-29.9524,1.4471,5.3457,80.1414,79.0431,314.4466
53.3,-30.0658,1.4105,4.6691,80.7387,90.7554,326.5949
53.32,-30.179,1.441,3.9746,80.9411,103.2473,339.8991
53.34,-30.4017,1.603,2.5136,79.9234,127.6316,6.3061
53.36,-30.5064,1.7534,1.7732,78.7883,137.4267,16.8947
53.38,-30.6167,1.953,1.0389,77.3953,145.1272,25.375
53.4,-30.717,2.175,0.3285,75.8304,151.134,32.0247
53.42,-30.813,2.393,-0.3626,74.1139,155.7721,37.1289
53.44,-30.9893,2.8274,-1.6102,70.5468,162.089,43.3769
53.46,-31.065,3.0167,-2.1349,68.8844,164.4633,45.643
53.48,-31.1293,3.175,-2.577,67.491,166.0715,47.2529
53.5,-31.1859,3.3041,-2.9244,66.3717,167.2911,48.3178
53.52,-31.2306,3.3882,-3.1714,65.5539,168.1527,48.9882
53.54,-31.2877,3.4353,-3.3293,65.0592,168.9232,49.4703
53.56,-31.299,3.3961,-3.2526,65.3363,168.9233,49.308
53.58,-31.294,3.3176,-3.0657,65.9849,168.658,48.6957
53.6,-31.2794,3.1975,-2.7631,66.9665,168.1004,47.7373
53.62,-31.2422,3.0422,-2.3841,68.1916,167.2128,46.4022
53.64,-31.12,2.6819,-1.3882,71.3221,164.1097,42.4883
53.66,-31.0387,2.4866,-0.7948,73.0782,161.7115,39.676
53.68,-30.9401,2.2921,-0.1507,74.8868,158.3818,35.9252
53.7,-30.8315,2.0962,0.5278,76.5483,153.9018,30.9842
53.72,-30.7149,1.9273,1.2384,78.081,147.5575,24.0962
53.74,-30.4597,1.6037,2.6885,80.7059,127.8701,3.4134
53.76,-30.3306,1.4843,3.4172,81.5396,114.5963,349.481
53.78,-30.2044,1.3843,4.1312,81.7284,100.1975,334.3509
53.8,-30.082,1.3169,4.8227,81.3756,87.2663,320.8448
53.82,-29.9601,1.2789,5.4841,80.6313,76.6041,309.8495
53.84,-29.7428,1.3458,6.6674,78.3623,61.8958,294.9701
53.86,-29.6568,1.4462,7.1712,77.159,56.8674,290.3314
53.88,-29.5693,1.5643,7.6099,75.9428,53.2447,287.313
53.9,-29.5273,1.6861,7.9443,74.9448,50.6529,285.0147
53.92,-29.4725,1.82,8.2155,74.1982,48.9083,283.1007
53.94,-29.4184,2.0073,8.4839,73.3593,47.3039,281.0187
53.96,-29.4334,2.0781,8.4901,73.2484,46.9841,280.6614
53.98,-29.4247,2.096,8.4326,73.3888,47.3531,280.9616
54,-29.4378,2.08,8.2909,73.7275,48.1606,281.8179
54.02,-29.458,2.0106,8.0477,74.3668,49.9792,283.6496
54.04,-29.511,1.8085,7.3715,76.0741,55.9962,289.4403
54.06,-29.5678,1.7016,6.9176,77.0637,60.6433,294.046
54.08,-29.6205,1.5999,6.402,78.0517,66.7942,300.175
54.1,-29.6781,1.5008,5.8189,78.9022,74.9328,308.3708
54.12,-29.7484,1.4543,5.1866,79.5673,84.6533,318.2969
54.14,-29.893,1.4716,3.787,79.7474,107.6632,342.1323
54.16,-29.9632,1.5424,3.0405,79.1886,119.1877,354.188
54.18,-30.0402,1.6594,2.2744,78.1808,129.3069,4.9279
54.2,-30.118,1.8216,1.5028,76.8625,137.582,13.8596
54.22,-30.1841,2.0158,0.739,75.2833,144.4102,21.239
54.24,-30.3222,2.4869,-0.7425,71.7515,153.9545,31.3499
54.26,-30.3772,2.7411,-1.4272,69.9298,157.2201,34.7389
54.28,-30.433,2.989,-2.0541,68.1667,159.6893,37.3177
54.3,-30.4733,3.2145,-2.6139,66.4695,161.67,39.289
54.32,-30.5162,3.4191,-3.0974,65.0053,163.0573,40.7001
54.34,-30.5694,3.7074,-3.7739,62.8605,164.8348,42.582
54.36,-30.5862,3.7833,-3.9559,62.1944,165.1946,42.9672
54.38,-30.5934,3.8165,-4.0241,61.97,165.1772,43.1787
54.4,-30.5957,3.8005,-3.9902,62.0658,165.0958,43.2013
54.42,-30.5909,3.7424,-3.8642,62.477,164.6808,42.8618
54.44,-30.5533,3.474,-3.2661,64.4697,162.7467,41.1613
54.46,-30.5214,3.2991,-2.8469,65.7998,161.307,39.8068
54.48,-30.4837,3.1085,-2.3529,67.3598,159.4238,38.0449
54.5,-30.4294,2.9039,-1.79,69.0641,156.9698,35.7
54.52,-30.3687,2.6902,-1.1752,70.8455,153.8462,32.7176
54.54,-30.2234,2.2727,0.1833,74.3279,144.8931,24.1978
54.56,-30.1352,2.0704,0.9081,75.8213,138.8027,18.3111
54.58,-30.0412,1.8826,1.6503,77.1397,131.1089,10.6333
54.6,-29.9646,1.7039,2.3861,78.2058,121.7661,1.0881
54.62,-29.8674,1.5422,3.1272,78.8903,112.1468,350.6659
54.64,-29.7267,1.3082,4.5327,79.1302,92.4866,328.7349
54.66,-29.6492,1.2616,5.2006,78.7913,83.4666,318.7811
54.68,-29.5799,1.2754,5.829,78.1438,75.2378,309.9863
54.7,-29.5279,1.333,6.3981,77.351,68.3405,302.9644
54.72,-29.4787,1.4277,6.9087,76.4314,62.6928,297.5659
54.74,-29.4119,1.7024,7.7298,74.5336,54.2406,290.5136
54.76,-29.4012,1.8325,8.028,73.7822,51.5938,288.3061
54.78,-29.3993,1.9502,8.2523,73.1798,49.6543,286.5912
54.8,-29.4104,2.0468,8.3995,72.7352,48.254,285.3415
54.82,-29.4194,2.0803,8.4721,72.5212,47.762,285.0471
54.84,-29.4699,2.1035,8.4145,72.5455,47.7154,285.6501
54.86,-29.5113,2.0513,8.272,72.9199,48.6554,287.0377
54.88,-29.5682,1.9844,8.0387,73.4643,49.9866,288.7676
54.9,-29.6273,1.8956,7.7469,74.1984,52.0401,291.072
54.92,-29.6836,1.7912,7.3875,75.0897,55.0579,294.2058
54.94,-29.8329,1.5893,6.4704,77.1036,64.1444,303.621
54.96,-29.9131,1.521,5.9325,78.0715,70.4798,310.1532
54.98,-30.0002,1.4613,5.3384,78.9373,78.6279,318.4888
55,-30.0895,1.4299,4.7033,79.5694,88.4466,328.5199
55.02,-30.1746,1.4283,4.0386,79.8736,99.4835,339.9086
55.04,-30.3394,1.5707,2.6609,79.3659,120.8426,3.2101
55.06,-30.4178,1.7202,1.9621,78.5548,130.1548,13.438
55.08,-30.4946,1.9148,1.269,77.4307,137.9898,21.6792
55.1,-30.5659,2.1344,0.5982,76.1274,144.2387,27.9814
55.12,-30.6337,2.341,-0.0373,74.7256,149.1885,32.9404
55.14,-30.7515,2.6685,-1.1242,72.017,155.8374,39.6774
55.16,-30.7965,2.776,-1.5497,70.824,157.929,41.7081
55.18,-30.8431,2.8692,-1.8772,69.9128,159.4079,43.1405
55.2,-30.8786,2.9305,-2.0971,69.27,160.3007,44.1127
55.22,-30.9052,2.9598,-2.206,68.9758,160.7816,44.8126
55.24,-30.9445,2.9198,-2.1245,69.2187,160.7233,44.56
55.26,-30.9512,2.8459,-1.9399,69.738,160.2234,43.6981
55.28,-30.9548,2.7501,-1.6466,70.6207,159.226,42.3699
55.3,-30.9382,2.6351,-1.2891,71.6442,157.8893,40.6552
55.32,-30.9115,2.5041,-0.8643,72.826,156.0094,38.3425
55.34,-30.8194,2.2286,0.1537,75.4989,150.0676,31.4879
55.36,-30.7549,2.0903,0.7279,76.8649,145.5294,26.5166
55.38,-30.6813,1.9579,1.3272,78.1354,139.5978,20.1383
55.4,-30.5964,1.8463,1.9525,79.2311,132.0969,12.1673
55.42,-30.4966,1.7568,2.5971,80.114,122.2596,2.1075
55.44,-30.2768,1.6349,3.8949,80.7079,97.8656,337.8074
55.46,-30.1588,1.603,4.5334,80.2876,86.1019,326.0999
55.48,-30.0409,1.5817,5.1558,79.4988,76.2436,316.3238
55.5,-29.9203,1.5704,5.7508,78.4707,68.6379,308.7014
55.52,-29.8166,1.5895,6.3119,77.3317,62.5702,302.4876
55.54,-29.613,1.67,7.2972,75.0632,54.8051,293.9988
55.56,-29.5298,1.7386,7.7097,74.0735,52.1637,290.8966
55.58,-29.4638,1.8277,8.0598,73.1999,50.0176,288.1042
55.6,-29.4045,1.8987,8.3413,72.5508,48.4908,285.8547
55.62,-29.3533,1.9756,8.5585,72.0685,47.3334,283.9233
55.64,-29.316,2.0977,8.7746,71.6397,45.8332,281.3951
55.66,-29.2975,2.134,8.7878,71.6765,45.6396,281.009
55.68,-29.3101,2.1402,8.7294,71.8598,45.7011,281.0863
55.7,-29.3245,2.123,8.6032,72.2319,46.2538,281.648
55.72,-29.3627,2.0639,8.3841,72.8462,47.4858,283.0022
55.74,-29.4585,1.9215,7.7823,74.4124,51.425,287.4742
55.76,-29.5279,1.8277,7.3785,75.3888,54.6477,291.0461
55.78,-29.6048,1.7259,6.9127,76.444,58.9839,295.6515
55.8,-29.697,1.6346,6.3817,77.5235,64.7025,301.5703
55.82,-29.8052,1.561,5.7978,78.5429,72.059,309.1128
55.84,-30.0272,1.4728,4.4895,79.9166,92.6034,330.0736
55.86,-30.1398,1.4569,3.7765,80.034,105.4297,343.0656
55.88,-30.2709,1.5232,3.0476,79.7101,117.9047,355.676
55.9,-30.3935,1.597,2.2934,78.83,129.5579,7.4864
55.92,-30.5085,1.7173,1.5405,77.5784,139.1892,17.2562
55.94,-30.7258,2.0718,0.0464,74.2979,152.8777,30.7737
55.96,-30.8258,2.3002,-0.6721,72.4543,157.462,35.2176
55.98,-30.9116,2.5577,-1.3477,70.6321,160.8744,38.6564
56,-30.987,2.8232,-1.9756,68.896,163.4478,41.3652
56.02,-31.055,3.0865,-2.5461,68.1232,166.2709,44.7019
56.04,-31.1563,3.5265,-3.4961,64.7972,169.8276,47.9141
56.06,-31.1918,3.7048,-3.8402,63.7307,170.799,48.9273
56.08,-31.2156,3.8318,-4.0953,62.649,171.0941,49.5203
56.1,-31.2321,3.9097,-4.2555,62.169,171.0896,49.7215
56.12,-31.2394,3.9303,-4.3165,62.0395,170.6528,49.6182
56.14,-31.23,3.845,-4.1484,62.7705,169.9162,49.4428
56.16,-31.2028,3.7088,-3.8876,63.6764,169.1367,49.0643
56.18,-31.1747,3.5609,-3.5565,64.8617,168.1975,48.4359
56.2,-31.1315,3.3762,-3.1439,66.2881,167.028,47.4416
56.22,-31.0792,3.1782,-2.6513,68.0162,165.4992,46.1492
56.24,-30.9332,2.7285,-1.465,71.9388,161.0482,42.2871
56.26,-30.8459,2.5034,-0.7945,74.0318,157.6929,39.1635
56.28,-30.7525,2.2898,-0.0783,76.0862,153.0976,34.6788
56.3,-30.6471,2.0906,0.6704,78.0264,146.8667,28.5237
56.32,-30.5378,1.9037,1.4345,79.516,137.9249,19.4682
56.34,-30.3065,1.5654,2.9806,81.0647,107.4596,348.7972
56.36,-30.1947,1.4283,3.7392,80.7932,94.1018,334.8712
56.38,-30.0883,1.3155,4.4681,80.1852,83.8574,323.8084
56.4,-29.9877,1.2595,5.1693,79.4041,75.4293,314.5316
56.42,-29.8977,1.2601,5.8215,78.1765,70.9155,308.6649
56.44,-29.7251,1.3727,6.9819,76.021,60.317,297.0807
56.46,-29.67,1.494,7.4682,75.0034,55.8363,292.5998
56.48,-29.6201,1.5903,7.8782,74.0258,52.6066,289.549
56.5,-29.5899,1.722,8.2187,73.1843,49.8385,286.9879
56.52,-29.5443,1.8294,8.4961,72.4577,48.0625,285.3738
56.54,-29.5281,2.0153,8.8141,71.5613,45.5167,283.3383
56.56,-29.5261,2.0745,8.8682,71.3952,45.0518,282.8869
56.58,-29.5403,2.0706,8.8354,71.4989,45.1178,282.9492
56.6,-29.558,2.0721,8.7536,71.7159,45.3779,283.1925
56.62,-29.596,1.9919,8.563,72.27,46.4926,284.4279
56.64,-29.6786,1.8375,8.0102,73.7103,50.1032,288.2657
56.66,-29.7211,1.7348,7.6326,74.6712,53.1322,291.2876
56.68,-29.7976,1.6397,7.1812,75.701,56.866,295.0919
56.7,-29.8723,1.5375,6.6684,76.8039,62.0623,300.4205
56.72,-29.9479,1.4434,6.0965,77.8273,68.859,307.5264
56.74,-30.123,1.3316,4.8085,79.4073,87.4124,327.2057
56.76,-30.2155,1.3098,4.1004,79.6801,99.2307,339.4041
56.78,-30.312,1.3239,3.3579,79.4927,111.8093,352.1805
56.8,-30.4084,1.3764,2.5936,78.8235,123.5167,4.057
56.82,-30.4984,1.4808,1.829,77.7427,133.3843,14.2869
56.84,-30.6783,1.8244,0.3123,74.7155,147.6611,29.4628
56.86,-30.7681,2.0518,-0.4196,72.9635,152.6362,34.7097
56.88,-30.8361,2.2958,-1.1079,71.1361,156.4767,38.5278
56.9,-30.901,2.5528,-1.7505,69.3749,159.53,41.4099
56.92,-30.9615,2.8075,-2.3327,67.705,161.8642,43.493
56.94,-31.0419,3.2259,-3.2552,64.8741,164.9634,46.3645
56.96,-31.0669,3.381,-3.5717,63.846,165.8352,47.0963
56.98,-31.0869,3.4811,-3.7899,63.1183,166.3344,47.5855
57,-31.0982,3.5297,-3.898,62.7152,166.4096,47.7055
57.02,-31.0944,3.5227,-3.8966,62.713,166.3752,47.7654
57.04,-31.0722,3.3759,-3.604,63.733,165.3702,46.71
57.06,-31.0477,3.239,-3.3093,64.7053,164.4227,45.6506
57.08,-31.0075,3.0807,-2.9297,65.923,163.2173,44.366
57.1,-30.9616,2.9061,-2.4754,67.376,161.6048,42.6499
57.12,-30.9,2.7164,-1.9511,69.0004,159.5176,40.4463
57.14,-30.7494,2.3281,-0.7355,72.5203,153.3418,33.9966
57.16,-30.6581,2.1395,-0.0624,74.2717,148.8885,29.3612
57.18,-30.5571,1.9524,0.6426,75.887,143.0811,23.4773
57.2,-30.4465,1.7817,1.3723,77.2582,135.9411,16.2776
57.22,-30.3406,1.6299,2.1098,78.3888,126.7302,7.0409
57.24,-30.1073,1.3659,3.5837,79.4447,104.4583,344.3936
57.26,-30.0017,1.2764,4.299,79.2525,93.2696,332.7027
57.28,-29.8947,1.2095,4.9758,78.7226,84.2346,322.9113
57.3,-29.8009,1.1828,5.6149,77.9973,76.4278,314.34
57.32,-29.7114,1.2134,6.2113,77.0671,69.8994,307.2252
57.34,-29.572,1.4267,7.2238,74.9434,59.4333,298.2286
57.36,-29.5243,1.571,7.6149,73.8805,55.8047,295.9543
57.38,-29.4898,1.7193,7.9187,73.0277,53.2996,294.3434
57.4,-29.4875,1.8629,8.1288,72.3694,51.5978,292.9533
57.42,-29.4894,1.948,8.2494,71.9997,50.8288,292.3032
57.44,-29.545,2.0242,8.2545,71.8184,50.5068,292.6479
57.46,-29.5788,2.003,8.1587,72.0756,51.0694,293.5419
57.48,-29.642,1.929,7.9504,72.6037,52.3145,295.0901
57.5,-29.7029,1.8291,7.6839,73.3536,54.187,297.0473
57.52,-29.7738,1.7068,7.3476,74.2671,56.858,299.6788
57.54,-29.9302,1.4633,6.4813,76.4059,65.0153,307.5872
57.56,-30.017,1.3657,5.9582,77.4937,70.9708,313.4104
57.58,-30.1042,1.2939,5.3833,78.4697,78.6146,320.8955
57.6,-30.192,1.2592,4.7666,79.1986,87.8809,330.0579
57.62,-30.2844,1.2831,4.1132,79.6515,98.1922,340.382
57.64,-30.4464,1.4686,2.7408,79.2191,120.0214,2.6084
57.66,-30.5181,1.6217,2.0396,78.3928,129.6247,12.5377
57.68,-30.5856,1.8113,1.3414,77.262,137.5596,20.7483
57.7,-30.6485,2.015,0.6516,75.8786,143.8989,27.3025
57.72,-30.7009,2.2352,-0.0079,74.4003,148.8468,32.4558
57.74,-30.7744,2.6362,-1.2167,71.0999,155.7127,39.3727
57.76,-30.8,2.8176,-1.7369,69.533,157.8654,41.4901
57.78,-30.8156,2.9732,-2.1886,67.977,159.4169,42.882
57.8,-30.8241,3.1151,-2.5521,66.8018,160.3308,43.8946
57.82,-30.8217,3.2195,-2.8257,65.9302,160.986,44.7788
57.84,-30.8036,3.3242,-3.0946,65.0259,161.1821,44.8823
57.86,-30.7856,3.3132,-3.0881,65.0321,160.8959,44.5675
57.88,-30.76,3.2729,-2.9925,65.313,160.3661,43.9472
57.9,-30.7269,3.1887,-2.7851,65.956,159.3972,42.8696
57.92,-30.6897,3.0818,-2.4988,66.821,158.1662,41.4724
57.94,-30.5935,2.8009,-1.6993,69.2032,154.6151,37.3021
57.96,-30.5381,2.6401,-1.1964,70.6874,152.1285,34.5995
57.98,-30.4814,2.4794,-0.637,72.295,148.9477,31.2443
58,-30.4173,2.3005,-0.0341,73.8731,145.0948,27.1517
58.02,-30.35,2.1299,0.6089,75.4207,140.1232,22.0064
58.04,-30.2109,1.8236,1.9693,77.8411,126.0191,7.796
58.06,-30.1419,1.6803,2.6609,78.6895,116.5182,358.2766
58.08,-30.067,1.554,3.3487,79.1481,106.1822,347.844
58.1,-30.0063,1.4669,4.0239,79.2237,95.4053,336.9211
58.12,-29.9527,1.4025,4.6679,78.9146,86.165,327.3819
58.14,-29.859,1.357,5.8332,77.6214,71.5602,312.1626
58.16,-29.8194,1.3851,6.3429,76.8558,66.0606,306.4294
58.18,-29.7838,1.4363,6.7939,76.0644,61.8545,302.0316
58.2,-29.7596,1.4978,7.1753,75.3193,58.2825,298.4561
58.22,-29.7486,1.5756,7.4848,74.7182,55.5089,295.6373
58.24,-29.7288,1.7255,7.8986,73.9079,51.9052,291.8075
58.26,-29.7297,1.7748,7.9943,73.7366,50.8472,290.6203
58.28,-29.7467,1.8371,8.0121,73.7646,50.306,289.9082
58.3,-29.7489,1.8255,7.9643,73.9791,50.5816,289.9234
58.32,-29.7639,1.8096,7.8534,74.4022,51.3156,290.3111
58.34,-29.8197,1.6993,7.3772,75.6537,54.9614,293.377
58.36,-29.8445,1.6318,7.0523,76.4257,58.0902,296.2594
58.38,-29.8805,1.5521,6.6532,77.2711,62.4322,300.3987
58.4,-29.9227,1.501,6.1958,78.1115,67.9639,305.5771
58.42,-29.9681,1.4495,5.6708,78.9227,75.3877,312.4987
58.44,-30.0784,1.439,4.4574,79.9051,95.13,331.0165
58.46,-30.1289,1.4792,3.7891,79.9,106.7327,342.0249
58.48,-30.1797,1.5535,3.0874,79.4385,118.1515,352.794
58.5,-30.2307,1.6641,2.3622,78.5844,128.7065,2.6615
58.52,-30.2728,1.8147,1.6358,77.4212,137.388,10.9865
58.54,-30.3314,2.1853,0.2207,74.398,149.5003,23.1813
58.56,-30.3521,2.3908,-0.4425,72.7538,153.5343,27.2804
58.58,-30.368,2.5785,-1.067,71.032,156.6335,30.1251
58.6,-30.3826,2.7732,-1.6181,69.475,158.8918,32.1889
58.62,-30.3814,2.931,-2.087,68.0724,160.4284,33.8553
58.64,-30.3749,3.1628,-2.7466,66.0544,161.8776,35.8501
58.66,-30.3701,3.2324,-2.9195,65.5031,162.0119,36.0564
58.68,-30.359,3.2463,-2.9873,65.2603,161.8168,35.9888
58.7,-30.3487,3.2346,-2.9426,65.3974,161.4187,35.6081
58.72,-30.3384,3.1787,-2.8126,65.7859,160.8139,34.9308
58.74,-30.3027,2.9562,-2.2082,67.6272,158.6129,32.176
58.76,-30.2802,2.8169,-1.7902,68.8924,157.0869,30.343
58.78,-30.2504,2.6713,-1.296,70.3646,155.1366,28.0324
58.8,-30.2114,2.4972,-0.7494,71.8883,152.5283,25.0568
58.82,-30.1676,2.3337,-0.1464,73.512,149.2004,21.3703
58.84,-30.049,2.0141,1.1752,76.6004,139.0423,11.0772
58.86,-29.9807,1.8804,1.876,77.8496,132.0257,4.1028
58.88,-29.8916,1.7357,2.5858,78.8142,122.9539,355.0875
58.9,-29.8211,1.6346,3.2913,79.5547,111.862,344.2624
58.92,-29.7403,1.536,3.9866,79.8012,100.4192,332.9255
58.94,-29.6025,1.427,5.2939,79.0536,80.5506,312.6575
58.96,-29.5391,1.4201,5.8867,78.3532,72.934,304.7148
58.98,-29.4961,1.4451,6.4211,77.558,66.7876,298.2953
59,-29.4501,1.5067,6.9063,76.7061,61.8485,293.1828
59.02,-29.4285,1.5826,7.317,75.9396,57.8647,289.1583
59.04,-29.3955,1.7439,7.9301,74.6994,52.3476,283.4748
59.06,-29.4075,1.8343,8.1243,74.2965,50.3983,281.4683
59.08,-29.4268,1.866,8.2411,74.1013,49.3228,280.384
59.1,-29.4586,1.9153,8.2871,74.0534,48.5201,279.5422
59.12,-29.4985,1.9266,8.2644,74.174,48.2833,279.2592
59.14,-29.5966,1.853,7.9886,75.0439,49.8837,280.7397
59.16,-29.6538,1.7754,7.7405,75.7573,51.8946,282.7435
59.18,-29.7259,1.6916,7.4227,76.5367,54.7001,285.616
59.2,-29.7826,1.6084,7.0486,77.4418,58.5251,289.4205
59.22,-29.847,1.5196,6.6012,78.3582,64.0084,294.9203
59.24,-29.9932,1.407,5.5312,79.9641,79.4426,310.523
59.26,-30.0557,1.399,4.9334,80.4324,89.7402,320.7995
59.28,-30.125,1.3906,4.2654,80.5443,101.856,332.8394
59.3,-30.1868,1.4351,3.5799,80.2585,113.9579,344.7901
59.32,-30.2435,1.5057,2.8672,79.5281,125.3544,356.0477
59.34,-30.3332,1.7502,1.4111,76.9797,142.7693,13.3151
59.36,-30.371,1.9237,0.6878,75.3807,148.9085,19.5138
59.38,-30.3964,2.1215,-0.017,73.6499,153.5608,24.2712
59.4,-30.4219,2.3494,-0.6938,71.8998,157.0829,27.9626
59.42,-30.4391,2.5803,-1.3332,70.1379,159.75,30.7844
59.44,-30.4529,3.0278,-2.4489,66.8055,163.365,34.4142
59.46,-30.4563,3.225,-2.9077,65.3397,164.4303,35.4348
59.48,-30.4485,3.3884,-3.2827,64.1078,165.1088,36.1387
59.5,-30.4419,3.5219,-3.5685,63.1699,165.4701,36.655
59.52,-30.4251,3.6137,-3.7566,62.5213,165.5967,36.8882
59.54,-30.3868,3.6575,-3.8478,62.167,165.2206,36.5222
59.56,-30.3628,3.6166,-3.757,62.4533,164.7939,36.0606
59.58,-30.3293,3.5277,-3.5541,63.1128,164.058,35.2714
59.6,-30.2955,3.4066,-3.2692,64.0397,163.1087,34.282
59.62,-30.2563,3.2631,-2.9065,65.2068,161.904,33.0328
59.64,-30.1609,2.9235,-1.966,68.1634,158.3238,29.4401
59.66,-30.1036,2.7377,-1.4041,69.8324,155.7713,26.873
59.68,-30.0449,2.5509,-0.7928,71.5631,152.5535,23.6712
59.7,-29.9791,2.3635,-0.141,73.2592,148.5392,19.5719
59.72,-29.9105,2.184,0.5416,74.8515,143.5287,14.3333
59.74,-29.7684,1.8639,1.9736,77.4537,130.0123,0.45
59.76,-29.6953,1.7222,2.6976,78.3903,120.6154,350.7683
59.78,-29.6299,1.6254,3.4186,79.0312,109.9269,339.9896
59.8,-29.562,1.541,4.1193,79.1841,99.3084,329.1797
59.82,-29.5049,1.4956,4.7923,79.0044,89.6029,319.003
59.84,-29.4145,1.4825,6.0196,78.0198,73.6701,301.7667
59.86,-29.3816,1.5042,6.5641,77.3656,67.3675,294.9506
59.88,-29.355,1.5546,7.0601,76.642,61.9681,289.1767
59.9,-29.3354,1.5977,7.4912,75.9628,57.9307,284.7302
59.92,-29.3155,1.6605,7.8675,75.3,54.498,281.0982
59.94,-29.3086,1.8128,8.4212,74.187,49.514,276.0032
59.96,-29.3167,1.8695,8.5857,73.8383,48.0715,274.5584
59.98,-29.3271,1.9217,8.6872,73.5892,47.1,273.6424
60,-29.3408,1.9609,8.7191,73.5021,46.5497,273.2722
60.02,-29.3493,1.9614,8.6835,73.5693,46.7771,273.7558
60.04,-29.3893,1.9316,8.4136,74.1042,48.425,276.127
60.06,-29.4091,1.8709,8.1812,74.6068,50.2579,278.2617
60.08,-29.4327,1.8055,7.8889,75.2445,52.7333,280.9532
60.1,-29.4722,1.7217,7.5247,75.9981,56.0984,284.5378
60.12,-29.4946,1.6485,7.113,76.8022,60.4016,288.9354
60.14,-29.5773,1.5552,6.093,78.3877,72.3766,301.1422
60.16,-29.6123,1.538,5.508,79.0241,80.4974,309.3499
60.18,-29.647,1.5414,4.8783,79.43,90.0222,319.0049
60.2,-29.6903,1.5637,4.2062,79.5232,100.6405,329.7505
60.22,-29.7273,1.6119,3.5088,79.2327,111.4109,340.6395
60.24,-29.8023,1.8099,2.0737,77.5317,130.3102,359.9391
60.26,-29.8352,1.9555,1.3545,76.2578,137.6067,7.4722
60.28,-29.8629,2.1209,0.6496,74.7485,143.4471,13.6034
60.3,-29.8892,2.3132,-0.0274,73.1716,147.9974,18.3985
60.32,-29.9123,2.5168,-0.6659,71.5809,151.5251,22.1904
60.34,-29.9515,2.9047,-1.7848,68.4761,156.4499,27.366
60.36,-29.9669,3.0737,-2.2407,67.1272,158.0717,29.0721
60.38,-29.9765,3.2176,-2.6123,65.9851,159.2212,30.3248
60.4,-29.9846,3.3296,-2.8966,65.0845,160.0205,31.1959
60.42,-29.9911,3.4103,-3.0854,64.4976,160.5035,31.7218
60.44,-29.9932,3.4452,-3.1714,64.231,160.6006,31.8773
60.46,-29.9923,3.4058,-3.0786,64.5288,160.2487,31.5707
60.48,-29.9843,3.3182,-2.8695,65.1786,159.5686,30.8703
60.5,-29.9776,3.2051,-2.5815,66.0741,158.6385,29.8426
60.52,-29.9645,3.0629,-2.2202,67.1614,157.4169,28.4005
60.54,-29.9299,2.7227,-1.3009,69.8722,153.8595,24.3294
60.56,-29.9071,2.5429,-0.757,71.406,151.3426,21.6385
60.58,-29.8792,2.3571,-0.1707,72.9348,148.1393,18.3418
60.6,-29.8481,2.1803,0.4527,74.4755,144.0201,14.3348
60.62,-29.8051,2.0097,1.105,75.8495,139.229,9.4986
60.64,-29.7324,1.704,2.4368,78.2255,125.2258,355.1497
60.66,-29.695,1.5734,3.103,79.1122,116.4539,345.985
60.68,-29.6585,1.4665,3.7596,79.6386,106.6819,335.7809
60.7,-29.6396,1.3973,4.3912,79.8198,96.8461,325.4739
60.72,-29.6077,1.3478,4.9949,79.7408,88.2736,316.2051
60.74,-29.5802,1.3541,6.073,79.0442,73.1596,299.6271
60.76,-29.5806,1.3917,6.5338,78.5594,67.123,293.1733
60.78,-29.5747,1.4451,6.9476,78.0087,62.078,287.9403
60.8,-29.5901,1.5117,7.2928,77.4648,57.8622,283.7113
60.82,-29.5955,1.5718,7.5773,76.9551,54.7926,280.7444
60.84,-29.638,1.6945,7.9486,76.2922,50.6293,276.6332
60.86,-29.6724,1.7463,8.0275,76.1461,49.3955,275.4823
60.88,-29.7124,1.7599,8.0344,76.1732,49.0083,275.3247
60.9,-29.7391,1.7566,7.9869,76.3077,49.2505,275.8118
60.92,-29.7824,1.7224,7.8592,76.6585,50.2715,277.2007
60.94,-29.8987,1.6115,7.3816,77.8209,54.4923,281.8793
60.96,-29.9474,1.5399,7.0515,78.59,58.2486,285.7052
60.98,-30.0068,1.4675,6.6524,79.4174,63.3904,290.8544
61,-30.072,1.4199,6.198,80.2368,69.93,297.4126
61.02,-30.1357,1.3552,5.6731,80.9493,79.0309,306.567
61.04,-30.2798,1.3123,4.4741,81.5462,102.5125,330.1925
61.06,-30.343,1.3416,3.8193,81.2446,115.3112,343.1035
61.08,-30.4036,1.3962,3.1314,80.49,127.077,355.0715
61.1,-30.4659,1.4916,2.4213,79.361,136.9284,5.197
61.12,-30.5138,1.6012,1.6949,77.8815,144.855,13.3881
61.14,-30.5949,1.9466,0.2482,74.4049,155.4541,24.4538
61.16,-30.6273,2.1784,-0.4488,72.5958,158.8223,28.2327
61.18,-30.6453,2.4286,-1.1112,70.7888,161.3235,31.3044
61.2,-30.6553,2.6867,-1.731,69.0425,163.1406,33.7183
61.22,-30.664,2.9494,-2.297,67.4112,164.5176,35.3417
61.24,-30.6681,3.3907,-3.2159,64.4943,166.3519,36.5613
61.26,-30.6591,3.5446,-3.5471,63.4162,166.7357,36.9614
61.28,-30.638,3.6287,-3.7554,62.7641,166.804,37.4043
61.3,-30.6124,3.6613,-3.8661,62.3961,166.6798,37.5341
61.32,-30.5862,3.6513,-3.8661,62.3906,166.3395,37.3066
61.34,-30.5171,3.4958,-3.5391,63.4282,164.9534,36.0353
61.36,-30.4732,3.3604,-3.2147,64.464,163.8737,35.0548
61.38,-30.4249,3.1981,-2.8053,65.7484,162.431,33.7789
61.4,-30.3716,3.0166,-2.3155,67.2668,160.6135,32.0905
61.42,-30.3092,2.8178,-1.7568,68.9131,158.3302,29.8316
61.44,-30.1755,2.408,-0.4787,72.4453,151.8242,23.4113
61.46,-30.0978,2.2214,0.2278,74.1998,147.254,18.8373
61.48,-30.0212,2.0438,0.9566,75.805,141.6279,13.1303
61.5,-29.9405,1.8732,1.6973,77.1599,134.9456,6.1728
61.52,-29.8558,1.724,2.449,78.3819,126.1872,357.0769
61.54,-29.6985,1.4742,3.9112,79.6767,105.3829,335.206
61.56,-29.6307,1.3974,4.5952,79.6846,95.0941,324.342
61.58,-29.567,1.3776,5.2426,79.4064,85.6533,314.4251
61.6,-29.525,1.4155,5.8252,78.8819,77.0377,305.7819
61.62,-29.4749,1.4842,6.3471,78.1805,69.9267,298.9834
61.64,-29.4426,1.73,7.1544,76.7685,59.8103,289.3334
61.66,-29.4542,1.8087,7.4167,76.2074,57.0297,286.5697
61.68,-29.4803,1.8908,7.6082,75.8047,54.8838,284.4922
61.7,-29.5192,1.9716,7.725,75.5179,53.3176,283.1914
61.72,-29.5612,1.9757,7.7508,75.4579,52.9387,283.1375
61.74,-29.6863,1.915,7.5792,76.0028,54.0462,284.7612
61.76,-29.7728,1.8465,7.3561,76.6466,55.9029,286.7665
61.78,-29.8646,1.7513,7.0679,77.4058,58.7435,289.7525
61.8,-29.9766,1.6893,6.713,78.2883,62.2309,293.4121
61.82,-30.0651,1.5514,6.2738,79.2833,68.3727,299.5744
61.84,-30.2966,1.399,5.218,81.0197,85.7332,316.9299
61.86,-30.4177,1.3721,4.6116,81.5036,97.7635,329.0808
61.88,-30.5308,1.379,3.9693,81.5248,110.8443,342.4326
61.9,-30.6361,1.4123,3.2913,81.0619,123.8854,355.9075
61.92,-30.7374,1.5088,2.5953,80.1945,135.0478,7.5809
61.94,-30.9241,1.8354,1.1781,77.5134,150.8888,24.3577
61.96,-31.0024,2.0574,0.4901,75.9168,155.8271,29.8973
61.98,-31.0704,2.2856,-0.1731,74.2509,159.496,34.1508
62,-31.1312,2.5144,-0.8007,72.573,162.2391,37.2912
62.02,-31.1811,2.7189,-1.3806,70.8439,164.3857,39.4541
62.04,-31.2602,3.0478,-2.3537,67.7933,167.3267,41.5604
62.06,-31.2852,3.1718,-2.7184,66.6101,168.3207,41.9083
62.08,-31.3019,3.2592,-2.9955,65.6972,169.0349,42.0284
62.1,-31.3073,3.3178,-3.1719,65.124,169.4959,42.041
62.12,-31.298,3.3446,-3.2404,64.9092,169.652,42.0804
62.14,-31.2535,3.2922,-3.097,65.3965,169.2344,41.5927
62.16,-31.2166,3.1993,-2.8646,66.1543,168.5142,40.755
62.18,-31.1685,3.0763,-2.5638,67.0891,167.4793,39.6605
62.2,-31.1057,2.9322,-2.1822,68.2646,166.04,38.2793
62.22,-31.0397,2.7809,-1.7353,69.647,164.1312,36.5677
62.24,-30.8688,2.448,-0.6741,72.6977,158.612,31.1431
62.26,-30.775,2.2777,-0.0919,74.2393,154.9215,27.1953
62.28,-30.6714,2.117,0.5271,75.7256,150.3298,22.0375
62.3,-30.5693,1.9708,1.1583,77.127,144.6829,15.6771
62.32,-30.4503,1.8212,1.8045,78.3516,137.9395,8.253
62.34,-30.2068,1.5587,3.0919,80.0651,120.8997,349.5348
62.36,-30.0915,1.4546,3.7133,80.491,111.0125,338.7194
62.38,-29.9777,1.3814,4.3114,80.5694,101.1586,327.995
62.4,-29.8696,1.3431,4.872,80.3856,92.0061,318.1086
62.42,-29.7626,1.3454,5.3882,80.0109,84.0126,309.5897
62.44,-29.5892,1.457,6.2418,78.8668,71.5299,296.8179
62.46,-29.5257,1.5628,6.5735,78.2789,66.9677,292.2049
62.48,-29.4696,1.6569,6.8318,77.7506,63.8228,288.9874
62.5,-29.4358,1.7667,7.0218,77.3518,61.3755,286.4745
62.52,-29.4221,1.8213,7.1236,77.1073,60.1702,285.3018
62.54,-29.4211,1.8982,7.1417,76.9826,59.5318,284.9065
62.56,-29.4288,1.8956,7.0622,77.1428,60.3387,285.8447
62.58,-29.4652,1.8715,6.8806,77.5391,62.1296,287.8116
62.6,-29.5147,1.7994,6.6291,78.0691,65.1601,290.9382
62.62,-29.5659,1.7375,6.3272,78.6638,69.0211,294.7859
62.64,-29.7078,1.6055,5.5169,79.9513,81.5239,307.2976
62.66,-29.8006,1.5586,5.0164,80.4119,90.2722,316.0864
62.68,-29.8939,1.5342,4.472,80.6432,100.5285,326.4001
62.7,-29.994,1.5336,3.8822,80.5305,111.4433,337.4395
62.72,-30.0802,1.5541,3.2627,80.0142,122.1216,348.301
62.74,-30.2584,1.6764,1.9574,77.9626,139.7208,6.7124
62.76,-30.3472,1.7896,1.2881,76.5984,146.2285,13.6122
62.78,-30.4304,1.9287,0.6173,75.048,151.3988,19.1168
62.8,-30.5044,2.1094,-0.035,73.4446,155.4999,23.5248
62.82,-30.5681,2.3121,-0.6624,71.7961,158.6621,27.0561
62.84,-30.6693,2.7506,-1.8109,68.5995,163.1381,31.9126
62.86,-30.7148,2.9725,-2.3123,67.1437,164.6729,33.2758
62.88,-30.7412,3.1703,-2.7418,65.8322,165.7806,34.1613
62.9,-30.761,3.3362,-3.0957,64.7301,166.5337,34.8371
62.92,-30.7651,3.4571,-3.362,63.8705,166.9716,35.2492
62.94,-30.7366,3.5604,-3.6164,63.0271,167.0701,35.1034
62.96,-30.7069,3.5454,-3.6039,63.0546,166.7302,34.7139
62.98,-30.6658,3.5019,-3.5033,63.3709,166.1784,34.2293
63,-30.6059,3.4136,-3.2911,64.0411,165.2235,33.3736
63.02,-30.5415,3.301,-3.0074,64.9327,163.9953,32.3618
63.04,-30.3793,3.0139,-2.2111,67.3535,160.4359,29.3304
63.06,-30.2873,2.8454,-1.7185,68.7973,157.9645,27.0797
63.08,-30.1889,2.6665,-1.176,70.2992,154.9058,24.2616
63.1,-30.0854,2.4886,-0.5879,71.8434,151.116,20.7666
63.12,-29.9783,2.3193,0.0375,73.3596,146.5212,16.4903
63.14,-29.7664,2.0147,1.3543,75.9812,134.5011,4.9469
63.16,-29.6583,1.8801,2.029,76.9419,127.2671,357.6193
63.18,-29.5647,1.7673,2.7007,77.7314,118.7344,348.7567
63.2,-29.4741,1.6729,3.3627,78.2695,109.9654,339.2631
63.22,-29.3995,1.604,3.9989,78.5194,101.1742,329.5137
63.24,-29.2834,1.5692,5.1752,78.3729,85.3195,311.8788
63.26,-29.2405,1.6118,5.7053,78.0413,78.2932,304.1786
63.28,-29.2015,1.6676,6.1696,77.6539,72.3326,297.8674
63.3,-29.1745,1.7454,6.5755,77.2202,67.4324,292.7213
63.32,-29.1613,1.8429,6.9176,76.7549,63.2183,288.4902
63.34,-29.177,2.0145,7.3781,76.0515,57.601,282.7739
63.36,-29.1933,2.0757,7.4997,75.8572,56.1213,281.2913
63.38,-29.2091,2.1164,7.554,75.748,55.3317,280.6373
63.4,-29.2465,2.1318,7.5324,75.7868,55.1846,280.7882
63.42,-29.2786,2.113,7.4507,75.9655,55.8706,281.7793
63.44,-29.3865,2.0009,7.0351,76.8619,59.8321,286.2786
63.46,-29.4448,1.9138,6.7274,77.4848,63.383,289.9543
63.48,-29.5038,1.8267,6.3578,78.2041,68.1615,294.7618
63.5,-29.5734,1.7377,5.9204,78.9346,74.4178,301.0351
63.52,-29.6606,1.67,5.4248,79.5912,82.1001,308.7844
63.54,-29.8263,1.5694,4.2894,80.2449,102.435,329.295
63.56,-29.909,1.5569,3.6627,80.0749,113.7798,340.6379
63.58,-30.004,1.5727,2.9994,79.4896,124.8039,351.6722
63.6,-30.0932,1.6289,2.321,78.5372,134.4763,1.4635
63.62,-30.1758,1.7189,1.6372,77.2863,142.4354,9.6951
63.64,-30.3371,2.0065,0.2755,74.2214,153.7393,21.6397
63.66,-30.415,2.1974,-0.3822,72.5599,157.5084,25.9012
63.68,-30.4752,2.401,-1.0044,70.8491,160.3302,29.3625
63.7,-30.5322,2.6162,-1.5861,69.2172,162.411,32.2627
63.72,-30.5808,2.8287,-2.1249,67.6505,164.0363,34.4859
63.74,-30.6736,3.2302,-3.0407,64.8103,166.3434,36.9172
63.76,-30.712,3.3976,-3.4002,63.6656,167.1692,37.6622
63.78,-30.7374,3.5226,-3.6825,62.7296,167.7704,38.2357
63.8,-30.7535,3.6099,-3.8822,62.0615,168.2269,38.6901
63.82,-30.7652,3.6614,-3.999,61.6702,168.5612,38.9234
63.84,-30.7717,3.6497,-3.976,61.7729,168.7497,38.8241
63.86,-30.7641,3.5922,-3.839,62.2671,168.5846,38.5764
63.88,-30.7466,3.4785,-3.5977,63.0907,168.1312,38.0553
63.9,-30.7237,3.3467,-3.291,64.1319,167.4142,37.3637
63.92,-30.6932,3.1906,-2.9108,65.4041,166.357,36.4771
63.94,-30.6005,2.8257,-1.9524,68.4591,162.9776,33.4531
63.96,-30.5498,2.6466,-1.3898,70.1942,160.5161,31.0314
63.98,-30.4809,2.4559,-0.7824,71.9261,157.3266,27.7838
64,-30.4102,2.2836,-0.1358,73.6828,153.2181,23.765
64.02,-30.328,2.1233,0.5451,75.3886,147.8448,18.6625
64.04,-30.1334,1.8382,1.9604,78.1707,132.8011,4.1167
64.06,-30.0334,1.7245,2.6746,79.1451,122.9684,354.4573
64.08,-29.9386,1.6207,3.3743,79.7055,111.8478,343.3194
64.1,-29.8506,1.5486,4.0539,79.8385,100.7287,331.8741
64.12,-29.7645,1.4875,4.6959,79.6184,90.8295,321.5871
64.14,-29.6309,1.5127,5.8554,78.607,74.623,304.3806
64.16,-29.5752,1.5575,6.3418,77.9783,68.7488,298.1173
64.18,-29.54,1.6591,6.7686,77.3316,63.4429,292.7549
64.2,-29.5186,1.7598,7.1195,76.7207,59.3885,288.599
64.22,-29.5024,1.8651,7.3974,76.27,56.3709,285.3202
64.24,-29.5174,1.9983,7.7207,75.8254,52.6894,280.9854
64.26,-29.5425,2.0387,7.7826,75.8173,51.6125,279.7239
64.28,-29.5836,2.0344,7.7552,75.9992,51.3996,279.448
64.3,-29.6147,1.9983,7.6749,76.3099,51.87,279.8395
64.32,-29.6816,1.9353,7.4938,76.9125,53.0832,280.935
64.34,-29.8141,1.763,6.9485,78.3721,58.5392,286.1745
64.36,-29.8873,1.6444,6.5739,79.2448,63.5324,291.0953
64.38,-29.9738,1.562,6.1385,80.0885,69.8933,297.4575
64.4,-30.065,1.483,5.6452,80.835,78.2527,305.8631
64.42,-30.15,1.4092,5.0992,81.3432,89.1706,316.8959
64.43999,-30.3465,1.3743,3.8812,81.3016,113.5734,341.8938
64.46,-30.4324,1.3958,3.2246,80.6296,125.3779,354.0502
64.48,-30.5191,1.4712,2.5529,79.6383,135.3255,4.3752
64.5,-30.608,1.5791,1.859,78.3345,143.4569,12.8978
64.52,-30.6761,1.7259,1.1735,76.8467,149.8335,19.5077
64.54,-30.8146,2.1445,-0.1753,73.5635,158.7007,28.7224
64.56,-30.8687,2.372,-0.8146,71.8434,161.6875,32.0274
64.58,-30.9132,2.5985,-1.4173,70.1548,164.047,34.7371
64.6,-30.9544,2.8163,-1.9806,68.5127,165.8792,36.713
64.62,-30.987,3.0121,-2.4935,66.9173,167.3815,38.1037
64.64,-31.0369,3.3467,-3.3305,64.2142,169.3857,39.8877
64.66,-31.0482,3.4692,-3.6427,63.1578,169.9911,40.4086
64.68,-31.0596,3.5863,-3.8703,62.4161,170.3984,40.6784
64.7,-31.0594,3.6599,-4.0161,61.9033,170.6079,40.8074
64.72,-31.0522,3.6889,-4.0798,61.6668,170.598,40.803
64.74,-31.0219,3.6529,-3.959,62.0874,170.1869,40.589
64.76,-30.9949,3.5656,-3.7553,62.8009,169.5945,40.1756
64.78,-30.9625,3.4434,-3.4878,63.7023,168.8166,39.5682
64.8,-30.9201,3.2937,-3.1455,64.8271,167.7845,38.6885
64.82,-30.8726,3.1372,-2.73,66.1988,166.4647,37.5408
64.84,-30.7422,2.7478,-1.7279,69.3325,162.3491,34.5138
64.86,-30.6567,2.5459,-1.1401,71.0737,159.2535,32.4727
64.88,-30.568,2.3561,-0.5108,72.8316,155.2771,29.6922
64.9,-30.4714,2.1713,0.1482,74.4824,150.1514,25.6311
64.92,-30.3751,1.9935,0.8267,75.9897,143.9019,20.2942
64.93999,-30.1774,1.6724,2.2101,78.2524,127.5833,4.9784
64.96,-30.0748,1.5303,2.9019,78.9037,117.8092,355.3371
64.98,-29.9842,1.4189,3.5758,79.19,107.7529,345.0427
65,-29.8974,1.3415,4.229,79.1918,98.0388,334.8405
65.02,-29.8072,1.2803,4.8483,78.9107,89.4544,325.5648
65.04,-29.6771,1.3382,5.9647,77.9505,74.2953,309.4371
65.06,-29.6072,1.4136,6.4456,77.315,68.4505,303.4281
65.08,-29.5596,1.5023,6.8535,76.6803,63.7616,298.5438
65.1,-29.5316,1.6258,7.198,76.1396,59.675,294.2124
65.12,-29.5063,1.7296,7.4722,75.6872,56.8099,290.9277
65.14,-29.4864,1.871,7.8019,75.1904,53.2741,286.7175
65.16,-29.5033,1.9093,7.8585,75.126,52.3236,285.6425
65.18,-29.5114,1.9104,7.8506,75.2081,52.2441,285.5238
65.2,-29.539,1.8955,7.7766,75.4595,52.6071,285.9248
65.22,-29.5854,1.8369,7.6025,75.9196,53.8946,287.2795
65.24,-29.6757,1.6986,7.0691,77.2578,59.1371,292.5179
65.26,-29.7587,1.6288,6.697,78.0789,63.1249,296.7097
65.28,-29.8322,1.545,6.2557,78.8901,68.9071,302.6226
65.3,-29.9232,1.483,5.7586,79.672,76.1661,310.0316
65.32,-30.0006,1.4172,5.2092,80.2633,85.6962,319.5687
65.34,-30.2102,1.3895,3.9699,80.6185,108.5986,342.7002
65.36,-30.2972,1.3931,3.2979,80.1233,120.6696,354.8781
65.38,-30.4077,1.4687,2.5995,79.314,131.2291,5.6119
65.4,-30.4995,1.5859,1.8938,78.184,140.2095,14.6248
65.42,-30.5912,1.7574,1.1853,76.8062,147.4953,21.889
65.43999,-30.7669,2.2208,-0.2022,73.6502,157.551,32.0875
65.46,-30.8405,2.4881,-0.8511,72.0183,160.9667,35.6828
65.48,-30.9043,2.7359,-1.4635,70.3365,163.6098,38.3009
65.5,-30.9636,2.9638,-2.0298,68.6447,165.7889,40.1101
65.52,-31.0215,3.1601,-2.5405,67.0442,167.5696,41.2423
65.54,-31.1149,3.4544,-3.344,64.439,169.9755,42.0625
65.56,-31.1458,3.5505,-3.6101,63.5666,170.659,42.4199
65.58,-31.1608,3.6105,-3.7762,63.0169,171.0094,42.7132
65.6,-31.1685,3.6432,-3.843,62.8,171.1481,42.7454
65.62,-31.1657,3.6369,-3.814,62.896,171.0955,42.5733
65.64,-31.1336,3.4942,-3.4789,64.0267,170.2926,41.5933
65.66,-31.0986,3.3648,-3.1809,65.0123,169.4655,40.8203
65.68,-31.0527,3.2156,-2.8017,66.2636,168.3003,39.8344
65.7,-30.9972,3.0427,-2.3546,67.6897,166.7142,38.47
65.72,-30.9268,2.863,-1.8402,69.3061,164.6884,36.6165
65.74,-30.7426,2.5039,-0.6331,72.9858,158.1173,31.3219
65.76,-30.6322,2.3302,0.0418,74.8388,152.8952,27.269
65.78,-30.5112,2.1851,0.7564,76.6098,145.9407,21.463
65.8,-30.3876,2.0637,1.4915,78.1042,136.9276,13.3051
65.82,-30.2723,1.9576,2.2265,79.199,126.1401,3.1365
65.84,-30.0236,1.8005,3.6913,79.803,101.833,339.2189
65.86,-29.9089,1.7465,4.3932,79.4411,89.9264,327.4113
65.88,-29.7986,1.7265,5.0642,78.7291,79.7961,317.2131
65.9,-29.6911,1.7432,5.6978,77.8228,71.6902,308.8957
65.92,-29.6048,1.7956,6.2781,76.8014,65.2558,302.233
65.93999,-29.4501,1.9606,7.2495,74.8508,56.649,293.112
65.96,-29.3857,2.0793,7.6381,73.987,53.5924,289.8692
65.98,-29.343,2.1844,7.941,73.2787,51.3186,287.6163
66,-29.316,2.2835,8.1692,72.7031,49.5836,285.9651
66.02,-29.2979,2.3693,8.3196,72.3267,48.396,284.7944
66.04,-29.2994,2.4245,8.3788,72.2239,47.7578,284.1656
66.06,-29.3235,2.4181,8.2999,72.4529,48.0421,284.4414
66.08,-29.3645,2.3651,8.1288,72.916,49.0281,285.5443
66.1,-29.4063,2.2804,7.8799,73.5873,50.7613,287.4382
66.12,-29.4609,2.1788,7.5626,74.4032,53.2488,290.0922
66.14,-29.6188,1.9584,6.7066,76.4189,61.0892,297.9863
66.16,-29.7099,1.8511,6.1784,77.4879,67.1161,303.9999
66.18,-29.8107,1.7549,5.5935,78.466,74.974,311.9516
66.2,-29.9185,1.7032,4.9645,79.2562,84.3353,321.5054
66.22,-30.0269,1.6613,4.2878,79.6836,95.7451,333.178
66.24,-30.263,1.6986,2.8427,79.2208,120.201,358.3545
66.26,-30.3743,1.766,2.1041,78.2729,130.8205,9.6021
66.28,-30.4774,1.8616,1.3581,77.0238,139.4964,19.3126
66.3,-30.5798,2.0068,0.6239,75.5338,146.3373,26.9766
66.32,-30.68,2.1968,-0.0933,73.9072,151.7422,33.0035
66.34,-30.8646,2.6509,-1.4152,70.4191,159.1299,41.1095
66.36,-30.9419,2.8771,-1.9969,68.7238,161.6902,43.7674
66.38,-31.0153,3.0874,-2.5092,67.1458,163.5914,45.8315
66.4,-31.0753,3.2611,-2.9418,66.5404,165.9389,48.5608
66.42,-31.1289,3.4151,-3.2839,65.2076,166.6869,49.357
66.43999,-31.2157,3.6033,-3.688,63.4064,167.887,50.0149
66.46,-31.2424,3.6258,-3.7371,63.2901,168.0612,50.2201
66.48,-31.2605,3.605,-3.6941,63.4648,168.0679,50.174
66.5,-31.2705,3.5441,-3.5705,63.8848,167.8794,49.9031
66.52,-31.27,3.4319,-3.3225,64.7727,167.3645,49.227
66.54,-31.2321,3.1417,-2.6249,67.1747,165.5938,47.1652
66.56,-31.1917,2.9626,-2.171,68.696,164.2232,45.6686
66.58,-31.1395,2.7772,-1.6564,70.3933,162.3994,43.7311
66.6,-31.0744,2.579,-1.0964,72.1617,159.9948,41.1933
66.62,-30.994,2.3796,-0.4931,73.9258,156.9367,37.8529
66.64,-30.8018,2.0053,0.8081,77.436,147.4705,27.9283
66.66,-30.692,1.8329,1.4853,78.8981,139.9426,20.1241
66.68,-30.5656,1.6788,2.1748,80.0423,129.7482,9.6429
66.7,-30.4425,1.561,2.864,80.7102,117.1696,356.841
66.72,-30.3116,1.4594,3.5423,80.9182,104.8619,344.222
66.74,-30.0531,1.3594,4.8322,80.0248,82.7788,321.6089
66.76,-29.9372,1.367,5.4202,79.1613,74.6251,313.0262
66.78,-29.825,1.4028,5.9573,78.2409,68.2445,306.256
66.8,-29.7325,1.4591,6.4378,77.2529,63.2719,301.1797
66.82,-29.6515,1.5416,6.8546,76.3199,59.5209,297.2716
66.84,-29.5448,1.7288,7.4705,74.9446,54.4549,291.6519
66.86,-29.5127,1.8056,7.6537,74.536,53.1537,289.7924
66.88,-29.5242,1.872,7.7469,74.3953,52.1602,288.2616
66.9,-29.5224,1.9205,7.7766,74.4291,51.8479,287.3667
66.92,-29.5486,1.9321,7.723,74.7069,51.9806,287.0546
66.93999,-29.6355,1.8616,7.3817,75.8841,54.1921,288.3525
66.96,-29.6912,1.78,7.1022,76.6975,56.6759,290.4434
66.98,-29.7666,1.7073,6.7523,77.6429,59.9734,293.4396
67,-29.8371,1.5881,6.3296,78.6603,65.2924,298.4867
67.02,-29.9135,1.506,5.8497,79.583,72.0736,305.1468
67.04,-30.0903,1.382,4.717,80.8835,92.0108,325.1175
67.06,-30.1952,1.364,4.072,81.0104,104.521,337.5742
67.08,-30.2938,1.3879,3.3999,80.6826,117.2397,350.3012
67.1,-30.3746,1.4255,2.7013,79.8052,128.7201,2.1373
67.12,-30.4593,1.5169,1.9911,78.6331,138.0992,12.2215
67.14,-30.604,1.819,0.5758,75.5655,151.1318,26.2318
67.16,-30.6671,2.0159,-0.1165,73.8313,155.4537,30.9367
67.18,-30.7138,2.246,-0.7618,72.1624,158.6154,34.8718
67.2,-30.7497,2.4737,-1.3675,70.478,160.9811,38.0975
67.22,-30.7764,2.6936,-1.9176,68.8325,162.796,40.6501
67.24,-30.8133,3.0716,-2.8308,65.961,165.1348,43.8862
67.26,-30.8218,3.2203,-3.1802,64.7857,165.8444,44.9014
67.28,-30.8225,3.3276,-3.4357,63.9564,166.1654,45.4849
67.3,-30.8147,3.41,-3.6042,63.1371,166.2049,45.5038
67.32,-30.8052,3.4602,-3.6821,62.8831,166.0426,45.6253
67.34,-30.7639,3.4286,-3.5804,63.2047,165.2945,45.2887
67.36,-30.7328,3.3469,-3.3879,63.8626,164.4933,44.61
67.38,-30.6975,3.232,-3.119,64.7646,163.4676,43.8039
67.4,-30.6557,3.0886,-2.7773,65.8743,162.0947,42.7291
67.42,-30.6047,2.9264,-2.3624,67.1984,160.3717,41.2614
67.43999,-30.4953,2.5676,-1.3556,70.2742,155.6078,36.8968
67.46,-30.4337,2.3817,-0.7762,71.9467,152.4396,33.7957
67.48,-30.3721,2.1981,-0.1637,73.5732,148.4937,29.5724
67.5,-30.315,2.0311,0.4786,75.178,143.6895,24.3028
67.52,-30.2557,1.8762,1.143,76.682,137.9943,18.0243
67.54,-30.1418,1.6054,2.4863,78.9443,122.4863,0.5928
67.56,-30.0855,1.503,3.153,79.6774,112.8357,349.695
67.58,-30.0354,1.4351,3.8036,80.0851,102.4986,338.1966
67.6,-29.9815,1.3873,4.4305,80.0612,92.2344,327.0323
67.62,-29.9345,1.3827,5.0284,79.7522,82.7666,317.1106
67.64,-29.8496,1.4634,6.0915,78.4412,67.8718,301.8605
67.66,-29.8246,1.5339,6.5343,77.7405,62.6515,296.492
67.68,-29.8212,1.6266,6.9087,77.0413,58.5684,292.1767
67.7,-29.8243,1.7054,7.2129,76.4539,55.4564,289.1669
67.72,-29.8435,1.7908,7.4479,75.9743,53.0738,286.846
67.74,-29.9134,1.8848,7.6793,75.5686,50.4427,284.5751
67.76,-29.9637,1.8984,7.6836,75.644,49.9229,284.2797
67.78,-30.0279,1.8757,7.6128,75.9171,50.0668,284.6674
67.8,-30.1013,1.8313,7.4552,76.4471,50.9921,285.7896
67.82,-30.203,1.7698,7.2132,77.1638,52.6124,287.6396
67.84,-30.4029,1.5887,6.5189,79.0337,59.697,294.9549
67.86,-30.5193,1.5129,6.0637,80.0859,65.3639,300.7448
67.88,-30.6312,1.4248,5.5439,81.0618,73.7094,309.2354
67.9,-30.7484,1.3934,4.9761,81.8522,84.1629,319.9387
67.92,-30.8654,1.3652,4.3534,82.2916,97.9453,334.0134
67.93999,-31.0737,1.4222,3.0107,81.6115,126.7926,3.6771
67.96,-31.1697,1.5032,2.306,80.5267,138.3391,15.9126
67.98,-31.2431,1.5934,1.5927,79.0283,147.1344,25.5226
68,-31.3246,1.7575,0.882,77.4353,153.6068,32.78
68.02,-31.3878,1.936,0.1772,75.6172,158.3513,37.9753
68.04,-31.4835,2.3864,-1.1507,71.9123,164.4072,44.5148
68.06,-31.5136,2.6236,-1.7555,70.1121,166.3119,46.5578
68.08,-31.5335,2.8556,-2.3071,68.3743,167.8383,48.0187
68.1,-31.5449,3.0676,-2.8016,66.7528,169.0244,48.8224
68.12,-31.5516,3.2522,-3.2291,65.3111,169.9224,49.2586
68.14,-31.5298,3.5238,-3.8241,63.2694,170.9623,49.8186
68.16,-31.5083,3.6017,-3.9879,62.69,171.0814,49.8878
68.18,-31.4784,3.6355,-4.0555,62.4505,170.9387,49.8512
68.2,-31.4411,3.6327,-4.025,62.5688,170.6155,49.8005
68.22,-31.4007,3.5859,-3.9186,62.94,170.0397,49.4652
68.24,-31.2884,3.3575,-3.3946,64.703,167.9704,47.8338
68.26,-31.2282,3.2052,-3.0303,65.8943,166.592,46.4481
68.28,-31.1537,3.0244,-2.5764,67.3249,164.8111,44.559
68.3,-31.0754,2.8367,-2.0658,68.8929,162.7254,42.1848
68.32,-30.9895,2.64,-1.4991,70.5499,160.2099,39.109
68.34,-30.7995,2.2333,-0.2334,73.9218,153.4983,30.3979
68.36,-30.6886,2.0249,0.4572,75.5623,148.7005,24.902
68.38,-30.563,1.8342,1.1854,77.0588,142.323,18.2612
68.4,-30.4407,1.6669,1.9231,78.4097,133.4468,9.331
68.42,-30.3144,1.5306,2.6628,79.4144,122.5918,358.6621
68.43999,-30.0599,1.3758,4.1003,79.7199,98.292,335.2548
68.46,-29.9555,1.3627,4.7657,79.211,88.2442,325.6007
68.48,-29.8563,1.3576,5.3756,78.3617,80.3126,317.7162
68.5,-29.7722,1.372,5.9251,77.5021,74.0151,311.3832
68.52,-29.719,1.4094,6.3996,76.6779,69.3294,306.312
68.54,-29.6324,1.5134,7.1353,75.3567,62.5475,299.1134
68.56,-29.6064,1.5734,7.3777,74.8989,60.3354,296.7078
68.58,-29.603,1.6276,7.5344,74.6688,58.7147,294.891
68.6,-29.6119,1.6768,7.6092,74.6446,57.6534,293.5422
68.62,-29.6242,1.7044,7.6061,74.8181,57.2903,292.7568
68.64,-29.7033,1.7079,7.3662,75.7929,58.3438,292.9619
68.66,-29.7626,1.6718,7.128,76.4997,60.0037,294.3671
68.68,-29.8164,1.6068,6.8296,77.2835,62.8904,297.0231
68.7,-29.8926,1.5396,6.4599,78.1411,66.7978,300.7592
68.72,-29.9673,1.4613,6.0289,78.9928,72.4106,306.2185
68.74,-30.1363,1.3551,5.0017,80.2627,88.602,322.4722
68.76,-30.2281,1.346,4.4154,80.5186,98.7652,332.8061
68.78,-30.3205,1.3606,3.7848,80.4034,109.8533,344.017
68.8,-30.4175,1.4389,3.1306,79.9602,120.3892,354.6221
68.82,-30.511,1.5482,2.451,79.1237,130.092,4.3646
68.84,-30.6741,1.8693,1.0759,76.5927,145.0673,19.2251
68.86,-30.7503,2.0647,0.3932,75.0358,150.5648,24.4473
68.88,-30.817,2.2675,-0.2702,73.3784,154.9763,28.589
68.9,-30.8777,2.4717,-0.9065,71.6759,158.4121,31.7819
68.92,-30.931,2.6761,-1.5034,69.9949,161.1513,34.2902
68.93999,-31.0096,3.0522,-2.5444,66.8382,165.102,37.4722
68.96,-31.0421,3.2203,-2.9734,65.4758,166.4682,38.3836
68.98,-31.0652,3.369,-3.3253,64.3352,167.4545,39.0352
69,-31.0821,3.4898,-3.598,63.4319,168.1408,39.598
69.02,-31.0896,3.5767,-3.7879,62.797,168.5498,40.0683
69.04,-31.093,3.6457,-3.9213,62.3451,168.6835,40.4481
69.06,-31.0872,3.6253,-3.869,62.5016,168.4585,40.3514
69.08,-31.0768,3.569,-3.7387,62.9755,167.9874,40.2382
69.1,-31.0568,3.4679,-3.5055,63.7339,167.2731,40.0202
69.12,-31.0313,3.3418,-3.2142,64.6988,166.3265,39.5209
69.14,-30.9744,3.0325,-2.4375,67.2379,163.6887,37.7058
69.16,-30.9323,2.8541,-1.9607,68.7301,161.8961,36.2705
69.18,-30.8872,2.6687,-1.437,70.3168,159.7381,34.3206
69.2,-30.8411,2.4826,-0.8731,71.9503,157.0225,31.6527
69.22,-30.7828,2.2889,-0.2749,73.5619,153.7454,28.247
69.24,-30.6627,1.9353,1.0005,76.7056,144.5069,18.5497
69.26,-30.6052,1.776,1.657,78.1096,137.7444,11.3091
69.28,-30.5344,1.6376,2.3288,79.3052,129.1456,2.2577
69.3,-30.4692,1.5167,2.993,80.1383,119.3108,351.9859
69.32,-30.4002,1.4277,3.6513,80.6072,108.375,340.5394
69.34,-30.2494,1.3315,4.9094,80.3867,86.8558,318.2783
69.36,-30.1938,1.344,5.4819,79.8474,77.5138,308.7483
69.38,-30.1352,1.3736,6.0073,79.1236,70.1059,301.3651
69.4,-30.081,1.4365,6.4788,78.3175,64.227,295.5593
69.42,-30.0334,1.5193,6.8874,77.5153,59.6402,291.0948
69.43999,-29.9802,1.6955,7.4772,76.3365,53.8318,285.065
69.46,-29.9674,1.7695,7.6535,76.007,52.2062,283.1947
69.48,-29.9645,1.8368,7.7541,75.8201,51.1276,281.9016
69.5,-29.9667,1.8765,7.7732,75.8609,50.7956,281.403
69.52,-29.9802,1.9,7.7245,76.0351,50.8311,281.3439
69.54,-30.0166,1.8552,7.3795,77.0115,53.4825,283.7018
69.56,-30.0574,1.7939,7.0917,77.7558,56.1817,286.2188
69.58,-30.0879,1.7261,6.7441,78.548,60.0976,289.9954
69.6,-30.1227,1.6456,6.3236,79.3375,65.6391,295.5262
69.62,-30.151,1.5743,5.8432,80.0958,73.0699,302.9109
69.64,-30.2377,1.5038,4.7075,81.003,93.103,322.9406
69.66,-30.264,1.5118,4.0805,80.9222,104.8602,334.8349
69.68,-30.2991,1.5543,3.4143,80.4216,116.2467,346.4864
69.7,-30.3265,1.6245,2.7233,79.4848,126.5023,356.9372
69.72,-30.3401,1.7316,2.0253,78.2347,135.1575,5.6638
69.74,-30.3605,2.032,0.6207,75.0695,147.1443,17.7425
69.76,-30.3712,2.224,-0.0616,73.3491,151.2288,21.8086
69.78,-30.3641,2.4207,-0.7117,71.5746,154.4425,24.8827
69.8,-30.3545,2.6338,-1.3179,69.8662,156.8851,27.1696
69.82,-30.3355,2.8271,-1.8775,68.1773,158.7993,28.961
69.84,-30.285,3.1852,-2.7865,65.39,161.1101,31.6328
69.86,-30.2547,3.3299,-3.1227,64.3253,161.6532,32.7243
69.88,-30.222,3.4475,-3.3676,63.5453,161.8688,33.5918
69.9,-30.1907,3.5253,-3.5205,63.0399,161.7844,34.2656
69.92,-30.1602,3.5609,-3.5792,62.8231,161.4473,34.6247
69.93999,-30.1137,3.5034,-3.4389,63.2534,160.1324,34.527
69.96,-30.0934,3.4096,-3.2136,63.9013,159.19,34.1118
69.98,-30.0789,3.2926,-2.9235,64.7966,157.9979,33.4016
70,-30.0681,3.1576,-2.5598,65.9172,156.5964,32.4071
70.02,-30.0558,2.9905,-2.1376,67.1691,154.9452,31.0766
70.04,-30.0525,2.6401,-1.145,70.0712,150.7663,26.9822
70.06,-30.0528,2.4446,-0.5961,71.5506,148.1825,24.0501
70.08,-30.0518,2.2487,-0.0163,73.0355,145.1145,20.5243
70.1,-30.0593,2.064,0.5861,74.4958,141.5939,16.5917
70.12,-30.0631,1.8799,1.2012,75.8209,137.0941,11.6004
70.14,-30.0772,1.5547,2.4471,78.1673,125.0455,358.2643
70.16,-30.0862,1.4163,3.0578,78.9543,117.8975,350.3757
70.18,-30.0907,1.3079,3.658,79.5116,110.0724,341.8941
70.2,-30.0974,1.2214,4.2303,79.8289,101.7862,333.0906
70.22,-30.0972,1.1899,4.7847,79.9462,93.2248,324.1614
70.24,-30.1181,1.2053,5.7613,79.6163,78.0721,308.4908
70.26,-30.1182,1.216,6.1777,79.2645,72.2734,302.3449
70.28,-30.1559,1.2653,6.5196,78.9715,67.1851,296.9566
70.3,-30.1681,1.2757,6.8104,78.5952,63.6537,293.1981
70.32,-30.2043,1.3225,7.0482,78.2995,60.4366,290.0457
70.34,-30.2639,1.2997,7.2866,78.0258,57.8419,287.7314
70.36,-30.3176,1.303,7.2944,78.1449,57.3325,287.3128
70.38,-30.3668,1.276,7.2276,78.4041,57.8633,287.8038
70.4,-30.4189,1.2469,7.0684,78.9005,59.4937,289.3547
70.42,-30.4878,1.2083,6.8239,79.4957,62.2005,292.1682
70.43999,-30.6019,1.1336,6.1367,80.8711,72.2042,302.3108
70.46,-30.6795,1.102,5.6881,81.5423,79.9864,310.1286
70.48,-30.7368,1.0884,5.1919,82.0053,90.0393,320.1597
70.5,-30.8195,1.1038,4.6337,82.2121,101.7462,332.0141
70.52,-30.8698,1.1204,4.0375,81.9384,114.5347,344.9663
70.54,-30.9752,1.251,2.7355,80.1932,136.0983,7.0628
70.56,-31.0072,1.3609,2.0563,78.8228,144.065,15.1291
70.58,-31.0424,1.5001,1.3587,77.2081,150.2706,21.2967
70.6,-31.0601,1.6473,0.6568,75.3774,155.0871,25.9188
70.62,-31.0771,1.8374,-0.0351,73.5284,158.7651,29.4039
70.64,-31.0783,2.2644,-1.3536,69.7823,163.9592,34.1575
70.66,-31.065,2.5016,-1.9589,67.9852,165.7246,35.8349
70.68,-31.0457,2.7511,-2.514,66.2963,167.056,37.0962
70.7,-31.0235,2.9966,-3.0136,64.7398,168.1073,38.1013
70.72,-30.9951,3.2297,-3.4442,63.3812,168.8065,38.8226
70.74,-30.9262,3.5962,-4.0764,61.3566,169.489,40.0487
70.76,-30.8912,3.7121,-4.2687,60.7108,169.5115,40.3363
70.78,-30.8568,3.7782,-4.3712,60.3727,169.3073,40.3176
70.8,-30.8276,3.7958,-4.3814,60.3659,168.9483,40.212
70.82,-30.7939,3.7472,-4.3088,60.5832,168.3922,39.9245
70.84,-30.722,3.5151,-3.8594,62.0845,166.6526,38.7359
70.86,-30.6958,3.3646,-3.5124,63.2713,165.605,37.8414
70.88,-30.6619,3.1806,-3.0881,64.6437,164.3596,36.5643
70.9,-30.6329,2.9843,-2.5969,66.2339,162.9038,35.0115
70.92,-30.6008,2.7688,-2.0473,67.9502,161.1375,33.0877
70.93999,-30.5316,2.332,-0.7951,71.6344,156.3429,27.7205
70.96,-30.5013,2.1211,-0.1181,73.5144,153.0567,24.0187
70.98,-30.4639,1.9172,0.587,75.2493,149.2361,19.5579
71,-30.4149,1.7266,1.3107,76.9319,143.9031,13.5247
71.02,-30.3883,1.5489,2.024,78.5023,137.003,5.9826
71.04,-30.3066,1.2638,3.4405,80.6249,118.3338,346.0339
71.06,-30.2696,1.1854,4.1165,81.0897,107.0256,334.3835
71.08,-30.2317,1.1421,4.7497,81.1238,95.733,322.9566
71.1,-30.2004,1.1586,5.342,80.862,84.6792,312.1068
71.12,-30.1652,1.1843,5.8762,80.2918,75.801,303.5883
71.14,-30.1371,1.3314,6.7472,78.9392,63.0938,291.3314
71.16,-30.1338,1.4235,7.0764,78.354,58.828,286.9372
71.18,-30.1388,1.4931,7.3213,77.9154,55.9686,283.7884
71.2,-30.1453,1.5765,7.5028,77.5636,53.7234,281.1744
71.22,-30.1686,1.6058,7.5896,77.445,52.6447,279.8802
71.24,-30.2204,1.6287,7.5622,77.6631,52.1547,279.2011
71.26,-30.259,1.5881,7.431,78.0681,53.2015,280.1353
71.28,-30.2977,1.5392,7.2063,78.7284,55.2892,281.9033
71.3,-30.3434,1.4715,6.9152,79.5063,58.668,284.9827
71.32,-30.3985,1.4094,6.5581,80.327,63.3129,289.4092
71.34,-30.5045,1.2769,5.6456,81.8852,79.6194,305.3517
71.36,-30.5639,1.2354,5.1018,82.3697,91.4057,317.0138
71.38,-30.6164,1.2096,4.5119,82.4188,105.1831,330.7717
71.4,-30.6625,1.2015,3.8809,81.9366,118.9263,344.7044
71.42,-30.6968,1.2222,3.2253,80.9886,130.5935,356.9574
71.43999,-30.7506,1.352,1.8513,78.1653,146.1685,14.5328
71.46,-30.7668,1.4865,1.1546,76.4815,151.2212,20.511
71.48,-30.7736,1.6547,0.4599,74.6502,154.9474,25.0974
71.5,-30.779,1.8664,-0.2175,72.8428,157.7145,28.9086
71.52,-30.7674,2.105,-0.8652,71.0441,159.7399,31.9879
71.54,-30.7307,2.6386,-2.0537,67.5561,162.4804,36.2382
71.56,-30.7086,2.9089,-2.5778,65.9827,163.4051,37.6571
71.58,-30.6779,3.1521,-3.0428,64.5342,164.0993,38.7401
71.6,-30.6447,3.3635,-3.4406,63.2627,164.65,39.5859
71.62,-30.61,3.5303,-3.7662,62.1978,165.0389,40.1543
71.64,-30.5366,3.7286,-4.1639,60.8693,165.3349,40.6228
71.66,-30.5015,3.763,-4.227,60.6543,165.1981,40.5727
71.68,-30.469,3.7546,-4.2019,60.7398,164.9002,40.3678
71.7,-30.439,3.713,-4.0985,61.0837,164.4517,40.0142
71.72,-30.404,3.621,-3.8838,61.7939,163.686,39.3405
71.74,-30.3447,3.3529,-3.2561,63.8152,161.5379,37.5235
71.76,-30.3184,3.1854,-2.8407,65.1298,160.0838,36.2376
71.78,-30.2905,2.9929,-2.3712,66.5816,158.2808,34.6564
71.8,-30.265,2.7903,-1.8499,68.1495,156.0998,32.7254
71.82,-30.2414,2.5804,-1.2877,69.7602,153.4874,30.279
71.84,-30.1924,2.1622,-0.0656,72.9449,146.6181,23.3257
71.86,-30.171,1.958,0.5766,74.4279,142.2983,18.857
71.88,-30.1548,1.7697,1.2289,75.7943,137.1363,13.2331
71.9,-30.1451,1.5867,1.8737,76.9606,131.117,6.5759
71.92,-30.129,1.446,2.5236,77.9543,123.9799,358.6665
71.93999,-30.1192,1.2533,3.7445,79.1478,108.3599,341.6453
71.96,-30.1168,1.217,4.312,79.4152,100.0853,332.9883
71.98,-30.1159,1.216,4.8326,79.4786,92.1318,324.6962
72,-30.1212,1.2427,5.2949,79.4241,85.224,317.2052
72.02,-30.1359,1.2918,5.6948,79.304,79.2244,310.678
72.04,-30.1769,1.425,6.2958,78.9858,70.0345,300.824
72.06,-30.2032,1.4999,6.4886,78.868,66.8704,297.4886
72.08,-30.238,1.5429,6.6007,78.8721,64.9918,295.4539
72.1,-30.2666,1.5821,6.6425,78.9536,64.0416,294.307
72.12,-30.306,1.6088,6.6147,79.1324,63.7985,293.9428
72.14,-30.3667,1.5721,6.3238,79.784,67.6111,297.7166
72.16,-30.3985,1.5453,6.0756,80.1557,71.247,301.4485
72.18,-30.4212,1.5046,5.7577,80.5085,76.5366,306.88
72.2,-30.4453,1.4609,5.3709,80.7747,83.5527,314.1302
72.22,-30.467,1.4327,4.9232,80.8552,91.7723,322.6556
72.24,-30.4886,1.4225,3.8673,80.2857,110.5389,341.956
72.26,-30.4869,1.4357,3.2673,79.5225,119.78,351.4016
72.28,-30.4775,1.5004,2.6391,78.5129,127.7733,359.6195
72.3,-30.4612,1.5848,1.9847,77.251,134.6091,6.6966
72.32,-30.4404,1.7111,1.3147,75.8145,140.3424,12.7014
72.34,-30.3753,2.0576,-0.0259,72.5815,148.7805,21.6862
72.36,-30.3264,2.2676,-0.6775,70.8446,151.8399,24.9316
72.38,-30.2797,2.5107,-1.3007,69.1488,154.27,27.5925
72.4,-30.2232,2.7543,-1.885,67.4735,156.1658,29.7198
72.42,-30.1598,2.9926,-2.4207,65.8433,157.6333,31.3378
72.43999,-30.0388,3.4277,-3.3107,63.0475,159.3729,33.3733
72.46,-29.9741,3.5942,-3.6445,61.9364,159.7696,33.9096
72.48,-29.9123,3.7231,-3.8924,61.084,159.8953,34.269
72.5,-29.8558,3.8122,-4.0502,60.5402,159.7428,34.3794
72.52,-29.804,3.8592,-4.1127,60.3038,159.361,34.2523
72.54,-29.7135,3.8031,-3.9761,60.6408,158.0992,33.2529
72.56,-29.6726,3.7126,-3.7443,61.3531,157.0578,32.3286
72.58,-29.6377,3.5781,-3.451,62.2252,155.8586,31.2138
72.6,-29.6107,3.4242,-3.0801,63.3542,154.4788,29.8961
72.62,-29.5908,3.2553,-2.6413,64.6958,152.7957,28.2605
72.64,-29.5696,2.8672,-1.604,67.7343,148.4406,23.9506
72.66,-29.5679,2.6571,-1.0241,69.3077,145.6784,21.0341
72.68,-29.5717,2.4507,-0.4087,70.9178,142.444,17.5061
72.7,-29.5843,2.2372,0.2253,72.4162,138.7194,13.4446
72.72,-29.6015,2.0277,0.8728,73.7619,134.4539,8.618
72.74,-29.6519,1.6461,2.1794,76.1975,123.4104,356.0243
72.76,-29.6849,1.4946,2.8219,77.1102,117.1212,348.8864
72.78,-29.7157,1.3663,3.4404,77.7837,110.4969,341.4312
72.8,-29.7479,1.2936,4.0369,78.3034,103.2915,333.5424
72.82,-29.7969,1.2626,4.5898,78.6559,95.7156,325.5636
72.84,-29.8726,1.3016,5.5815,78.7005,81.3133,310.9534
72.86,-29.9193,1.3547,5.9983,78.496,75.0769,304.8136
72.88,-29.9566,1.397,6.3565,78.2084,70.0819,299.8521
72.9,-30.014,1.4612,6.6528,77.9411,65.8616,295.5753
72.92,-30.0543,1.4939,6.8795,77.7148,62.9748,292.6157
72.93999,-30.1529,1.5879,7.1479,77.4581,58.9001,288.8851
72.96,-30.1973,1.5992,7.1735,77.495,58.2476,288.4919
72.98,-30.2412,1.6033,7.1328,77.6627,58.2746,288.747
73,-30.288,1.5951,7.0234,77.991,59.1047,289.7957
73.02,-30.3348,1.5396,6.815,78.485,61.3893,292.2119
73.04,-30.4376,1.4983,6.2335,79.6649,68.5192,299.3583
73.06,-30.4904,1.4535,5.8404,80.304,74.5489,305.3377
73.08,-30.5414,1.4245,5.3888,80.8524,82.2744,313.0106
73.1,-30.5915,1.4007,4.8825,81.2263,92.1166,322.7528
73.12,-30.6434,1.392,4.3255,81.281,102.9951,333.5455
73.14,-30.7071,1.4591,3.1076,80.3141,125.0228,355.2983
73.16,-30.7334,1.5239,2.4523,79.265,134.4528,4.5684
73.18,-30.7678,1.6505,1.7804,78.0007,141.9122,11.8773
73.2,-30.7839,1.7987,1.1045,76.5078,148.0005,17.7277
73.22,-30.7898,1.9795,0.4351,74.8739,152.6825,22.1794
73.24,-30.7743,2.4279,-0.8346,71.5365,158.8541,28.2794
73.26,-30.7562,2.6572,-1.4267,69.8463,160.9133,30.3743
73.28,-30.7302,2.8784,-1.9612,68.2532,162.3636,31.7839
73.3,-30.6928,3.0778,-2.4348,66.781,163.4633,32.9492
73.32,-30.6519,3.2486,-2.8406,65.4992,164.1008,33.7752
73.34,-30.5581,3.4896,-3.4028,63.6357,164.4625,34.5964
73.36,-30.5124,3.5592,-3.5467,63.146,164.2369,34.6631
73.38,-30.4577,3.578,-3.5895,62.9463,163.7728,34.4712
73.4,-30.4111,3.5553,-3.5473,63.0368,163.1742,34.0383
73.42,-30.3659,3.4995,-3.4206,63.43,162.3169,33.3362
73.43999,-30.2607,3.2672,-2.8518,65.137,159.8252,31.1515
73.46,-30.213,3.1179,-2.4583,66.3148,158.1833,29.5953
73.48,-30.1689,2.9561,-1.9983,67.6912,156.1812,27.6625
73.5,-30.1231,2.7813,-1.4775,69.1876,153.722,25.2611
73.52,-30.075,2.6038,-0.9024,70.7735,150.7715,22.3332
73.54,-29.9825,2.2376,0.3522,73.8889,142.772,14.4211
73.56,-29.9465,2.0711,1.0167,75.2966,137.6684,9.3956
73.58,-29.8946,1.8857,1.6897,76.4531,131.388,3.0408
73.6,-29.8546,1.7199,2.3637,77.5124,123.9684,355.4079
73.62,-29.8201,1.571,3.0253,78.2903,115.8952,346.6967
73.64,-29.7703,1.3764,4.2844,78.9488,99.1258,328.5117
73.66,-29.7388,1.3309,4.865,78.8929,91.3104,320.3059
73.68,-29.7315,1.3379,5.3938,78.6697,83.6536,312.6312
73.7,-29.7292,1.3856,5.8689,78.3259,76.9453,305.9497
73.72,-29.7243,1.4533,6.2804,77.9192,71.514,300.4489
73.74,-29.7424,1.6358,6.9,77.1757,63.3641,292.31
73.76,-29.7713,1.7255,7.0903,76.9467,60.6388,289.7348
73.78,-29.797,1.8176,7.2117,76.8269,58.5963,287.7567
73.8,-29.8247,1.8957,7.256,76.855,57.4036,286.5113
73.82,-29.86,1.9386,7.2216,77.0669,57.0919,286.0108
73.84,-29.9459,1.972,6.9167,78.0361,59.0446,287.1483
73.86,-29.9819,1.9474,6.6623,78.6948,61.7227,289.4706
73.88,-30.0276,1.9032,6.3394,79.395,65.6425,293.1927
73.9,-30.0666,1.8428,5.9579,80.1007,71.2389,298.6103
73.92,-30.1108,1.7924,5.5189,80.7437,78.4274,305.6176
73.93999,-30.1767,1.6776,4.4874,81.3407,99.3314,326.0479
73.96,-30.2087,1.646,3.9063,81.0938,111.2356,337.7814
73.98,-30.229,1.6451,3.2941,80.4198,122.2392,348.6799
74,-30.2503,1.675,2.653,79.3737,131.797,358.2792
74.02,-30.2613,1.744,1.9982,78.046,139.3913,6.0031
74.04,-30.2583,1.9778,0.6769,74.8562,150.0473,16.9061
74.06,-30.254,2.1393,0.0238,73.1412,153.7526,20.6195
74.08,-30.2397,2.3192,-0.6094,71.3754,156.7094,23.4102
74.1,-30.2275,2.524,-1.213,69.6663,159.0754,25.5731
74.12,-30.208,2.7364,-1.7784,68.0009,160.92,27.1094
74.14,-30.1639,3.1562,-2.7589,65.0088,163.4242,29.2391
74.16,-30.1373,3.3429,-3.1604,63.7463,164.2197,29.9705
74.18,-30.1074,3.5054,-3.4912,62.7055,164.7233,30.5886
74.2,-30.0742,3.6382,-3.7445,61.9048,164.9666,31.0227
74.22,-30.0412,3.7301,-3.9216,61.3127,165.0062,31.2444
74.24,-29.9738,3.7948,-4.0257,60.9691,164.4404,31.1567
74.26,-29.9402,3.7665,-3.9641,61.1504,163.8891,30.9499
74.28,-29.9021,3.6958,-3.7962,61.7501,162.9371,30.6278
74.3,-29.8631,3.5909,-3.5418,62.5532,161.8401,30.1486
74.32,-29.8254,3.4581,-3.2189,63.5749,160.4892,29.3048
74.34,-29.7577,3.1294,-2.3671,66.1861,157.0216,26.5053
74.36,-29.7286,2.9419,-1.8503,67.7145,154.7586,24.5271
74.38,-29.7003,2.7448,-1.2794,69.3479,152.097,22.0486
74.4,-29.6759,2.5523,-0.6615,71.0323,148.9304,18.8688
74.42,-29.6586,2.3582,-0.0092,72.7183,145.149,15.0251
74.43999,-29.6217,2.002,1.3804,75.8972,134.8392,4.5948
74.46,-29.6067,1.8443,2.0974,77.1947,128.0128,357.5408
74.48,-29.5996,1.6966,2.8092,78.3274,119.3897,348.7452
74.5,-29.5852,1.5695,3.5179,79.0869,109.9451,338.8224
74.52,-29.5906,1.4738,4.1999,79.4467,100.0929,328.4903
74.54,-29.6091,1.3977,5.4648,79.2233,81.5935,309.2365
74.56,-29.6164,1.418,6.0261,78.7625,73.8074,301.419
74.58,-29.6342,1.4818,6.5244,78.1541,67.2038,295.0283
74.6,-29.6713,1.5983,6.9519,77.4683,61.4644,289.9612
74.62,-29.7011,1.709,7.3039,76.8338,57.1546,286.2583
74.64,-29.8196,1.9021,7.7621,76.0828,51.4353,280.7307
74.66,-29.8849,1.961,7.8775,75.9834,49.7117,278.7643
74.68,-29.9593,1.9605,7.9071,76.0956,48.8851,277.7117
74.7,-30.02,1.9414,7.8814,76.3865,48.5427,277.0813
74.72,-30.1083,1.8898,7.7756,76.9307,48.7495,276.9981
74.74,-30.2729,1.7029,7.3273,78.5561,52.0233,279.5012
74.76,-30.3616,1.6066,6.9971,79.5851,55.3641,282.4792
74.78,-30.4446,1.4778,6.5915,80.688,61.0604,287.7454
74.8,-30.5337,1.3989,6.1327,81.7702,68.674,294.8961
74.82,-30.6205,1.3193,5.6081,82.6491,79.8458,305.6594
74.84,-30.7787,1.2218,4.4047,83.0715,111.1755,336.8097
74.86,-30.8547,1.2146,3.7373,82.3534,126.3099,352.2709
74.88,-30.9152,1.2369,3.0427,81.1188,138.294,4.7217
74.9,-30.9661,1.2965,2.3236,79.5187,147.0383,14.0321
74.92,-31.0088,1.3769,1.5817,77.6516,153.3432,21.0618
74.93999,-31.0568,1.654,0.0966,73.5972,161.0195,30.2931
74.96,-31.0695,1.8571,-0.6338,71.5317,163.518,33.394
74.98,-31.0733,2.1118,-1.3367,69.498,165.344,35.7255
75,-31.0579,2.3821,-2.0087,67.4756,166.7099,37.6828
75.02,-31.034,2.6839,-2.6327,65.5695,167.7415,39.3538
75.04,-30.9667,3.2954,-3.7346,62.0563,169.2145,41.43
75.06,-30.9285,3.5781,-4.2022,60.4862,169.7343,41.8543
75.08,-30.8894,3.8287,-4.6044,59.0978,170.1362,42.084
75.1,-30.8437,4.0256,-4.937,57.9077,170.4044,42.1648
75.12,-30.7952,4.1764,-5.1907,56.9826,170.5163,42.0749
75.14,-30.696,4.3365,-5.443,56.0528,170.3088,41.5309
75.16,-30.6449,4.3367,-5.4362,56.0743,169.9518,41.2092
75.18,-30.5962,4.2899,-5.3515,56.375,169.4835,40.8141
75.2,-30.5401,4.1882,-5.1616,57.0757,168.7804,40.2008
75.22,-30.4858,4.042,-4.8961,57.996,167.9525,39.4783
75.24,-30.3775,3.6561,-4.1467,60.5733,165.7608,37.4926
75.25999,-30.3242,3.438,-3.6738,62.1527,164.3685,36.1964
75.28,-30.2671,3.1962,-3.1302,63.9536,162.5906,34.5862
75.3,-30.2032,2.9371,-2.537,65.7914,160.4277,32.6131
75.32,-30.1387,2.6797,-1.895,67.6936,157.8071,30.238
75.34,-30.0137,2.1909,-0.4987,71.5101,150.6145,23.4105
75.36,-29.948,1.9649,0.2424,73.2479,145.9306,18.7388
75.38,-29.895,1.7718,0.997,74.8878,140.0128,12.7085
75.4,-29.8297,1.5733,1.751,76.2747,133.0302,5.4299
75.42,-29.7768,1.4323,2.5069,77.429,124.6049,356.6764
75.43999,-29.6965,1.2592,3.9497,78.6707,105.6405,337.2023
75.46,-29.6702,1.2263,4.6158,78.8084,96.285,327.4237
75.48,-29.6501,1.228,5.2306,78.723,87.6502,318.2392
75.5,-29.6508,1.2583,5.7786,78.5148,80.1142,310.14
75.52,-29.6573,1.3246,6.2626,78.1822,73.4316,303.0926
75.54,-29.7036,1.495,6.9878,77.5415,63.4634,292.7573
75.56,-29.7446,1.5703,7.2243,77.3526,60.1174,289.2359
75.58,-29.7942,1.6528,7.3878,77.2723,57.3898,286.2743
75.6,-29.8543,1.6919,7.4661,77.3861,55.7522,284.4027
75.62,-29.9114,1.7053,7.4692,77.6351,54.9292,283.3432
75.64,-30.0607,1.6297,7.2368,78.6091,56.0564,284.3051
75.66,-30.1503,1.5598,6.9965,79.3008,58.3652,286.6873
75.68,-30.2343,1.4669,6.6887,80.0773,62.3557,290.7697
75.7,-30.325,1.3769,6.3046,80.882,68.3906,297.0259
75.72,-30.4168,1.2991,5.8552,81.5888,76.6273,305.4965
75.74,-30.6034,1.1818,4.7654,82.285,100.6442,330.0725
75.75999,-30.6888,1.1424,4.1363,81.93,114.661,344.4148
75.78,-30.782,1.1429,3.4635,81.1301,127.2541,357.3997
75.8,-30.8549,1.1909,2.7642,79.9466,137.5505,8.1041
75.82,-30.9287,1.2856,2.0392,78.5035,145.3462,16.5313
75.84,-31.0091,1.6089,0.5836,75.0492,155.5544,28.3647
75.86,-31.044,1.8421,-0.1348,73.2177,158.864,32.5258
75.88,-31.0566,2.0972,-0.8316,71.2939,161.5043,35.6304
75.9,-31.0645,2.3772,-1.4995,69.3806,163.5762,37.8529
75.92,-31.0634,2.6563,-2.1331,67.4777,165.2391,39.5729
75.93999,-31.0299,3.1826,-3.2414,63.9737,167.4742,41.6358
75.96,-30.9982,3.4125,-3.7002,62.4294,168.2126,42.0314
75.98,-30.9635,3.6071,-4.0919,61.0605,168.7398,42.1658
76,-30.9249,3.7696,-4.4048,59.9409,169.0601,42.1169
76.02,-30.8782,3.8926,-4.6335,59.1033,169.1897,41.9726
76.04,-30.7715,4.0115,-4.8341,58.3342,168.9075,41.4562
76.06,-30.7161,4.0051,-4.8098,58.3817,168.5226,41.045
76.08,-30.6592,3.9567,-4.7149,58.6685,167.9919,40.4869
76.1,-30.5903,3.8593,-4.5133,59.3394,167.1952,39.7605
76.12,-30.526,3.7284,-4.2519,60.1947,166.2472,38.9613
76.14,-30.3882,3.3831,-3.5223,62.5657,163.7067,36.7964
76.16,-30.3187,3.1793,-3.068,64.0039,162.0775,35.3023
76.18,-30.2479,2.9633,-2.5593,65.5676,160.1068,33.4419
76.2,-30.1798,2.7466,-2.0012,67.2362,157.7572,31.1728
76.22,-30.1089,2.5273,-1.3994,68.9467,154.9179,28.3612
76.24,-29.9682,2.1275,-0.0832,72.3816,147.3951,20.7617
76.25999,-29.8985,1.9292,0.6079,73.9564,142.2831,15.7048
76.28,-29.8252,1.7868,1.3395,75.4711,135.9723,9.2346
76.3,-29.758,1.6475,2.0685,76.7692,128.3023,1.3182
76.32,-29.694,1.5358,2.8036,77.7953,119.354,352.0623
76.34,-29.5681,1.3581,4.2497,78.6551,99.2652,331.3138
76.36,-29.5077,1.3102,4.9495,78.5216,89.5198,321.1335
76.38,-29.4569,1.2867,5.6132,78.094,80.8108,311.8149
76.4,-29.4242,1.2983,6.2302,77.495,73.3048,303.7441
76.42,-29.384,1.3363,6.8037,76.74,67.1133,296.9781
76.43999,-29.353,1.5128,7.7616,75.1883,57.4063,286.7736
76.46,-29.3561,1.6185,8.1353,74.5078,53.8917,283.1259
76.48,-29.3497,1.7238,8.4362,73.9709,51.2011,280.1736
76.5,-29.3778,1.8156,8.6525,73.618,49.0879,277.6204
76.52,-29.4027,1.8973,8.7967,73.3825,47.5318,275.6213
76.54,-29.4803,1.963,8.8619,73.5117,45.8485,273.549
76.56,-29.5224,1.9387,8.7928,73.8454,45.8608,273.4543
76.58,-29.5739,1.8959,8.6463,74.3857,46.3999,273.8533
76.6,-29.6365,1.826,8.4243,75.1008,47.4558,274.7519
76.62,-29.701,1.7317,8.1395,75.9791,49.4127,276.4764
76.64,-29.8258,1.5005,7.3743,78.0195,56.6176,283.3577
76.66,-29.9025,1.4182,6.9067,79.0313,61.896,288.7155
76.68,-29.9693,1.3237,6.3794,79.9715,69.4377,296.413
76.7,-30.0422,1.2653,5.8041,80.7005,78.7412,305.939
76.72,-30.1195,1.2252,5.1772,81.1676,90.3681,317.8158
76.74,-30.2655,1.2379,3.821,80.733,115.6096,343.7997
76.75999,-30.3271,1.3005,3.1082,79.8694,126.7571,355.3685
76.78,-30.3869,1.3933,2.3784,78.6357,136.0036,5.034
76.8,-30.4388,1.5148,1.6373,77.1216,143.3966,12.8378
76.82,-30.4866,1.6814,0.9038,75.45,149.2245,19.0024
76.84,-30.5657,2.1019,-0.5282,71.8046,157.2748,27.4439
76.86,-30.5823,2.3526,-1.1961,69.9414,160.0835,30.3037
76.88,-30.6009,2.6189,-1.8312,68.1219,162.2414,32.5857
76.9,-30.6044,2.8817,-2.4156,66.3772,163.8965,34.3462
76.92,-30.6064,3.1425,-2.9461,64.7648,165.1626,35.6183
76.93999,-30.5873,3.5725,-3.813,61.9403,166.8036,37.0592
76.96,-30.5701,3.74,-4.1317,60.8755,167.2639,37.4293
76.98,-30.5471,3.8578,-4.3706,60.0382,167.4667,37.6017
77,-30.5179,3.9329,-4.5207,59.5111,167.47,37.6371
77.02,-30.4844,3.9685,-4.5795,59.2945,167.3045,37.5087
77.04,-30.4131,3.9115,-4.4562,59.6932,166.5136,36.8144
77.06,-30.3625,3.807,-4.2473,60.3818,165.724,36.1844
77.08,-30.3123,3.6764,-3.9727,61.2906,164.7771,35.5254
77.1,-30.2616,3.52,-3.6287,62.4291,163.5985,34.6417
77.12,-30.2075,3.3421,-3.2155,63.7565,162.1198,33.4729
77.14,-30.0876,2.943,-2.2048,66.8771,158.0372,30.1655
77.16,-30.0236,2.7286,-1.6213,68.5634,155.2767,27.7795
77.18,-29.9619,2.5206,-0.9931,70.2786,151.912,24.6928
77.2,-29.8998,2.3213,-0.3228,72.0064,147.7553,20.8535
77.22,-29.832,2.1306,0.3808,73.5573,142.7493,16.1146
77.24,-29.6905,1.8042,1.8616,76.3087,128.86,2.6961
77.25999,-29.6188,1.6598,2.6155,77.3308,119.516,353.6927
77.28,-29.5603,1.5519,3.3686,77.9994,109.2584,343.4283
77.3,-29.4968,1.4555,4.1118,78.2298,98.9642,332.9105
77.32,-29.4464,1.3981,4.8338,78.0974,89.0966,322.5991
77.34,-29.348,1.3417,6.1828,77.0412,73.1128,305.1213
77.36,-29.3189,1.3788,6.7954,76.3218,66.7093,297.8414
77.38,-29.3014,1.4475,7.3526,75.52,61.2863,291.7136
77.4,-29.2742,1.5284,7.8541,74.6772,56.7774,286.7894
77.42,-29.2694,1.6407,8.2881,73.8935,52.9721,282.6172
77.43999,-29.2732,1.8465,8.9243,72.6541,47.8376,277.0832
77.46,-29.2856,1.9676,9.1398,72.2002,45.9091,274.9173
77.48,-29.3118,2.0455,9.2657,71.9919,44.6396,273.3435
77.5,-29.3416,2.1151,9.3278,71.902,43.7217,272.1808
77.52,-29.3665,2.1319,9.3139,72.0417,43.3915,271.7089
77.54,-29.4436,2.0561,9.0553,72.8372,44.2559,272.8453
77.56,-29.4869,1.9858,8.8191,73.5202,45.5629,274.377
77.58,-29.5287,1.8729,8.5141,74.3632,47.7213,276.6296
77.6,-29.5863,1.7521,8.1352,75.349,50.6176,279.624
77.62,-29.6489,1.63,7.6897,76.3774,54.6016,283.8212
77.64,-29.7802,1.397,6.6129,78.3869,66.9792,297.0638
77.66,-29.8408,1.2866,5.9884,79.1867,76.0207,306.6508
77.68,-29.9074,1.219,5.3223,79.6752,86.4362,317.6567
77.7,-29.9806,1.1636,4.602,79.7804,98.3265,330.2642
77.72,-30.0505,1.1812,3.8659,79.4764,109.9754,342.7116
77.74,-30.1952,1.3275,2.3164,77.6488,130.476,4.5598
77.75999,-30.2657,1.4738,1.5274,76.2343,138.5023,12.9787
77.78,-30.329,1.6697,0.7454,74.6122,144.9249,19.7775
77.8,-30.388,1.9109,-0.0173,72.8669,150.0075,25.1152
77.82,-30.4387,2.1741,-0.7542,71.0278,154.1833,29.3581
77.84,-30.5316,2.7405,-2.118,67.2904,160.1928,34.8327
77.86,-30.5723,3.0218,-2.7182,65.5446,162.399,36.4751
77.88,-30.6008,3.271,-3.2485,63.9255,164.1131,37.814
77.9,-30.6206,3.4913,-3.6901,62.5562,165.3739,38.9969
77.92,-30.6365,3.6691,-4.0454,61.4436,166.2345,39.9502
77.93999,-30.6523,3.8781,-4.4562,60.1228,167.0494,41.0878
77.96,-30.6548,3.9028,-4.506,59.9621,167.0469,41.2244
77.98,-30.6564,3.8798,-4.4554,60.159,166.8214,41.1737
78,-30.6531,3.806,-4.3196,60.6421,166.3727,40.9411
78.02,-30.6446,3.6696,-4.0496,61.5362,165.6272,40.4319
78.04,-30.6214,3.3235,-3.2946,64.0508,163.567,38.6752
78.06,-30.5974,3.115,-2.8001,65.6237,162.1596,37.3252
78.08,-30.5733,2.8912,-2.245,67.3685,160.3711,35.6211
78.1,-30.5452,2.6604,-1.6358,69.202,158.1773,33.374
78.12,-30.5098,2.4208,-0.9844,71.0295,155.4616,30.346
78.14,-30.4396,1.9616,0.4138,74.4977,148.4477,22.4195
78.16,-30.3824,1.7395,1.1545,76.1677,143.2774,16.6941
