time,pos_x,pos_y,pos_z,rot_x,rot_y,rot_z
24.54,-27.7048,-14.7374,3.5181,81.8507,83.6059,78.3889
24.56,-27.7153,-14.7344,3.5125,81.8822,83.6098,78.3944
24.58,-27.7196,-14.7373,3.5097,81.9001,83.7105,78.5091
24.6,-27.7245,-14.7383,3.5038,81.921,83.8854,78.7258
24.62,-27.7274,-14.7381,3.4994,81.9264,84.0097,78.8335
24.64,-27.7316,-14.7329,3.4974,81.9452,84.0131,78.8203
24.66,-27.7286,-14.7377,3.4958,81.9358,84.1631,78.9465
24.68,-27.7275,-14.7379,3.4961,81.9283,84.178,78.9524
24.7,-27.7232,-14.7391,3.4972,81.9079,84.2252,78.995
24.72,-27.7158,-14.7375,3.5014,81.8759,84.1476,78.9078
24.74,-27.7142,-14.7342,3.5011,81.8593,84.0047,78.7853
24.76,-27.7054,-14.7366,3.5047,81.8178,84.0071,78.7796
24.78,-27.6975,-14.7386,3.5061,81.7789,84.0521,78.8229
24.8,-27.6794,-14.7371,3.5118,81.7169,84.0119,78.743
24.82,-27.6692,-14.7321,3.5181,81.6836,83.8639,78.5788
24.84,-27.6626,-14.7342,3.5192,81.6482,83.8705,78.5866
24.86,-27.6549,-14.7342,3.5221,81.6175,83.8203,78.5374
24.88,-27.6485,-14.7333,3.5249,81.5876,83.7465,78.4583
24.9,-27.6368,-14.7301,3.5288,81.5374,83.6055,78.3014
24.92,-27.6324,-14.7297,3.5301,81.5117,83.5395,78.2446
24.94,-27.626,-14.7332,3.5301,81.4896,83.6283,78.3312
24.96,-27.623,-14.7334,3.5298,81.4753,83.6602,78.3734
24.98,-27.6212,-14.7335,3.5274,81.4613,83.6912,78.4147
25,-27.6162,-14.7351,3.5214,81.4363,83.8242,78.5626
25.02,-27.6159,-14.7318,3.5193,81.4362,83.8067,78.5574
25.04,-27.6139,-14.7319,3.5168,81.4315,83.8874,78.6413
25.06,-27.6146,-14.7316,3.5118,81.429,83.9626,78.7309
25.08,-27.6125,-14.7349,3.5083,81.4215,84.1083,78.876
25.1,-27.6169,-14.7328,3.5002,81.4426,84.227,79.0312
25.12,-27.6181,-14.734,3.4979,81.446,84.324,79.1453
25.14,-27.6227,-14.7351,3.4935,81.4556,84.4088,79.2633
25.16,-27.6268,-14.7354,3.4903,81.4665,84.4729,79.3462
25.18,-27.6302,-14.7372,3.4892,81.4799,84.5491,79.4285
25.2,-27.6425,-14.7362,3.4879,81.5175,84.5186,79.4293
25.22,-27.6481,-14.7363,3.4882,81.5372,84.499,79.4139
25.24,-27.6542,-14.738,3.4891,81.5622,84.5167,79.4282
25.26,-27.6585,-14.74,3.493,81.5807,84.4796,79.3818
25.28,-27.668,-14.743,3.4925,81.6082,84.5017,79.4219
25.3,-27.6772,-14.7437,3.4997,81.6352,84.3311,79.2657
25.32,-27.6807,-14.7436,3.5013,81.6454,84.2628,79.2058
25.34,-27.6834,-14.7427,3.5031,81.656,84.1772,79.1248
25.36,-27.687,-14.7434,3.5022,81.6621,84.1973,79.1532
25.38,-27.6864,-14.7448,3.5029,81.6639,84.2514,79.1979
25.4,-27.6841,-14.7466,3.5001,81.6541,84.3395,79.2834
25.42,-27.6827,-14.7456,3.497,81.6524,84.3753,79.3276
25.44,-27.6787,-14.7444,3.4952,81.6358,84.4175,79.3858
25.46,-27.6753,-14.7442,3.4932,81.6178,84.4399,79.427
25.48,-27.6706,-14.7399,3.4923,81.6081,84.4048,79.4012
25.5,-27.659,-14.7429,3.4898,81.5634,84.5531,79.5481
25.52,-27.655,-14.7402,3.4899,81.5484,84.4931,79.4857
25.54,-27.6524,-14.7395,3.4897,81.5378,84.4734,79.4708
25.56,-27.6481,-14.7416,3.4905,81.5184,84.5084,79.5056
25.58,-27.6443,-14.7416,3.4923,81.5075,84.5051,79.5053
25.6,-27.6391,-14.7408,3.4982,81.4875,84.3845,79.3905
25.62,-27.6409,-14.7416,3.4981,81.4832,84.3474,79.3701
25.64,-27.6409,-14.7416,3.5005,81.4851,84.3182,79.342
25.66,-27.6405,-14.7428,3.5034,81.4829,84.2933,79.3146
25.68,-27.6424,-14.7463,3.5041,81.4841,84.3185,79.334
25.7,-27.6519,-14.7437,3.5077,81.5144,84.1459,79.169
25.72,-27.6545,-14.7443,3.5116,81.5255,84.104,79.1194
25.74,-27.6596,-14.7462,3.513,81.537,84.0976,79.1176
25.76,-27.6656,-14.7451,3.5151,81.5531,84.01,79.0253
25.78,-27.6703,-14.745,3.5165,81.5712,83.9607,78.9647
25.8,-27.6762,-14.7478,3.5191,81.5977,83.9964,78.9746
25.82,-27.6797,-14.7503,3.5181,81.6068,84.0326,79.0136
25.84,-27.683,-14.7486,3.5179,81.6226,83.9792,78.9625
25.86,-27.6864,-14.7445,3.518,81.6301,83.9126,78.902
25.88,-27.6852,-14.7491,3.5153,81.6235,84.0182,79.0103
25.9,-27.6866,-14.7487,3.5093,81.6228,84.1239,79.144
25.92,-27.6838,-14.7504,3.5071,81.6114,84.2397,79.2661
25.94,-27.6803,-14.7508,3.503,81.6011,84.3561,79.3987
25.96,-27.6808,-14.7488,3.4963,81.5954,84.3978,79.4714
25.98,-27.6781,-14.7487,3.4908,81.5944,84.5228,79.605
26,-27.6792,-14.7468,3.4753,81.598,84.8122,79.9565
26.02,-27.6762,-14.7493,3.468,81.5937,85.024,80.1866
26.04,-27.6747,-14.7461,3.4632,81.5964,85.08,80.2448
26.06,-27.6729,-14.7477,3.4571,81.5889,85.2257,80.406
26.08,-27.6736,-14.7471,3.4501,81.5907,85.3803,80.5812
26.1,-27.6743,-14.7471,3.4444,81.5935,85.5392,80.7385
26.12,-27.6747,-14.7475,3.444,81.5951,85.5836,80.7822
26.14,-27.6751,-14.7484,3.446,81.5962,85.57,80.7645
26.16,-27.6783,-14.7467,3.4509,81.6065,85.479,80.6565
26.18,-27.6843,-14.7469,3.4573,81.6216,85.3423,80.482
26.2,-27.6904,-14.7448,3.4844,81.6489,85.0026,79.881
26.22,-27.6998,-14.745,3.5021,81.6703,84.9024,79.5853
26.24,-27.7159,-14.7239,3.5356,81.7273,83.7966,78.2869
26.26,-27.7354,-14.7156,3.5765,81.7876,82.9307,77.1195
26.28,-27.7548,-14.7111,3.637,81.8323,81.6202,75.5297
26.3,-27.8263,-14.7146,3.778,81.9872,78.3645,71.837
26.32,-27.8686,-14.7219,3.8581,82.0484,76.5829,69.8908
26.34,-27.9144,-14.7275,3.9394,82.1225,74.8477,68.0429
26.36,-27.9606,-14.7335,4.0125,82.1388,73.3358,66.3849
26.38,-28.009,-14.7271,4.0663,82.2053,71.9564,64.9683
26.4,-28.0999,-14.7002,4.0445,82.4216,71.0578,64.4486
26.42,-28.1429,-14.6944,3.9377,82.5819,73.012,66.5085
26.44,-28.1908,-14.675,3.7509,82.9429,75.9118,70.5564
26.46,-28.226,-14.6476,3.4707,83.1907,82.2533,77.7378
26.48,-28.2489,-14.6035,3.0844,83.5697,91.1726,88.1186
26.5,-28.2414,-14.4788,2.0243,82.7701,119.2298,117.3891
26.52,-28.2219,-14.3979,1.3875,81.5114,132.4009,131.154
26.54,-28.1956,-14.2875,0.7195,79.7913,142.3879,141.7361
26.56,-28.1731,-14.1476,0.0416,77.7963,149.2128,149.2814
26.58,-28.1414,-13.9866,-0.6089,75.7323,153.735,154.644
26.6,-28.0957,-13.6107,-1.7631,71.9649,159.1799,161.5002
26.62,-28.09,-13.4404,-2.2485,70.3448,160.7282,163.9361
26.64,-28.0961,-13.2909,-2.6596,68.9205,162.1256,166.4059
26.66,-28.1115,-13.1644,-2.9994,67.7399,163.1521,168.5914
26.68,-28.1294,-13.0551,-3.262,66.821,163.9147,170.1823
26.7,-28.1662,-12.9032,-3.5604,65.7959,165.042,172.3037
26.72,-28.1846,-12.877,-3.6171,65.5865,165.4404,172.9227
26.74,-28.2028,-12.8734,-3.625,65.5725,165.6865,173.2464
26.76,-28.2156,-12.8896,-3.5972,65.7005,165.7825,173.3703
26.78,-28.2237,-12.9114,-3.5512,65.9401,165.7424,173.4909
26.8,-28.2022,-12.9567,-3.4487,66.3637,165.2187,173.0918
26.82,-28.1754,-12.9654,-3.4316,66.4087,164.9253,172.7697
26.84,-28.1421,-12.9617,-3.4369,66.351,164.6832,172.452
26.86,-28.1028,-12.9473,-3.4707,66.1666,164.4122,172.154
26.88,-28.0612,-12.9236,-3.5168,65.9225,164.2014,171.8954
26.9,-28.0023,-12.8921,-3.5983,65.4423,163.7561,171.2168
26.92,-27.9926,-12.8857,-3.6124,65.3709,163.6804,171.1217
26.94,-27.9885,-12.8922,-3.6029,65.3915,163.5876,171.0126
26.96,-27.9925,-12.9034,-3.5766,65.4852,163.5671,170.8794
26.98,-28.0043,-12.9292,-3.528,65.6358,163.5253,170.5422
27,-28.0353,-13.0156,-3.3762,66.026,163.3864,169.1575
27.02,-28.0616,-13.0815,-3.2573,66.3838,163.3026,168.389
27.04,-28.0949,-13.1642,-3.1007,66.8858,163.2113,167.5953
27.06,-28.1337,-13.2651,-2.8968,67.5731,162.9553,166.6267
27.08,-28.1771,-13.377,-2.6317,68.5397,162.535,165.6582
27.1,-28.2753,-13.6436,-1.8954,71.2582,160.5863,162.3698
27.12,-28.3312,-13.7996,-1.4235,73.0185,158.7884,160.2224
27.14,-28.379,-13.9574,-0.8709,74.8992,155.9613,156.0189
27.16,-28.4399,-14.1084,-0.2405,77.0929,152.3218,151.8772
27.18,-28.5051,-14.2396,0.4701,79.46,146.1466,145.8593
27.2,-28.642,-14.419,2.083,83.5356,115.2349,115.4308
27.22,-28.7103,-14.478,2.9536,84.0864,86.9193,87.1083
27.24,-28.777,-14.5181,3.8437,83.1259,60.7441,60.9743
27.26,-28.8443,-14.5148,4.7401,81.1253,43.3758,43.8321
27.28,-28.9234,-14.4503,5.6289,78.6206,32.6602,33.4888
27.3,-29.0709,-14.2245,7.3249,73.2872,21.8088,23.711
27.32,-29.1527,-14.0518,8.1061,70.6684,18.7868,21.1969
27.34,-29.2227,-13.8594,8.8327,68.2564,16.5459,19.5569
27.36,-29.2953,-13.6272,9.4896,65.9608,14.7489,18.471
27.38,-29.3619,-13.3716,10.0727,63.8688,13.3678,17.7034
27.4,-29.4848,-12.846,11.011,60.3242,11.2271,15.9389
27.42,-29.531,-12.6376,11.371,58.969,10.5218,15.2064
27.44,-29.5946,-12.4513,11.6506,57.8136,9.7269,14.6664
27.46,-29.6452,-12.3527,11.8572,57.0224,9.1906,14.5568
27.48,-29.6979,-12.2938,11.9859,56.4985,8.7613,14.4933
27.5,-29.7644,-12.3254,12.0303,56.4389,8.368,13.9033
27.52,-29.7973,-12.4011,11.9423,56.8456,8.3302,13.5304
27.54,-29.8397,-12.5364,11.7524,57.5279,8.3345,13.2754
27.56,-29.8681,-12.7276,11.5097,58.5863,8.3355,13.5129
27.58,-29.891,-12.9411,11.1965,59.8374,8.6797,13.4598
27.6,-29.9479,-13.4752,10.3347,63.4396,9.2461,13.127
27.62,-29.9714,-13.7593,9.7828,65.6427,9.6339,13.2431
27.64,-29.9957,-14.0468,9.1499,68.1243,10.1422,13.465
27.66,-30.025,-14.2951,8.4401,70.7741,10.6948,13.7811
27.68,-30.0495,-14.5392,7.6452,73.6573,11.8746,14.9474
27.7,-30.0525,-14.8641,5.8619,79.6667,17.4489,21.3623
27.72,-30.0367,-14.9433,4.8936,82.6666,24.516,29.1254
27.74,-30.0015,-14.9767,3.8922,85.4107,41.378,46.7395
27.76,-29.9577,-14.9564,2.8684,86.9521,86.0926,92.4211
27.78,-29.8861,-14.895,1.8452,85.6226,134.7072,142.3531
27.8,-29.6601,-14.5983,-0.1183,80.0407,158.9808,169.1245
27.82,-29.5131,-14.3554,-1.0154,77.3298,162.0781,173.4232
27.84,-29.3576,-14.0765,-1.8485,74.7276,164.0596,177.0356
27.86,-29.196,-13.7829,-2.6123,72.1948,165.201,179.6998
27.88,-29.0381,-13.4916,-3.3166,69.7679,166.1291,182.6418
27.9,-28.684,-12.9532,-4.4857,65.4488,166.4972,185.7404
27.92,-28.4981,-12.7087,-4.9285,63.7611,166.0056,185.6587
27.94,-28.3245,-12.4974,-5.2825,62.3808,165.7299,186.4124
27.96,-28.1638,-12.3302,-5.5509,61.3128,165.2957,186.9995
27.98,-28.0083,-12.2212,-5.7314,60.5259,164.712,187.274
28,-27.7239,-12.1652,-5.8218,59.9416,162.8752,185.607
28.02,-27.6076,-12.2132,-5.7324,60.1651,161.7423,184.1811
28.04,-27.498,-12.3211,-5.54,60.7839,160.4682,182.5589
28.06,-27.4148,-12.4785,-5.2643,61.7215,159.1009,180.8732
28.08,-27.3481,-12.6834,-4.9072,62.9002,157.4501,178.649
28.1,-27.2609,-13.1898,-3.9304,66.0663,152.7178,171.6857
28.12,-27.2376,-13.473,-3.3021,68.0007,149.2834,166.6674
28.14,-27.2351,-13.7595,-2.584,70.1308,144.9943,160.9063
28.16,-27.2592,-14.044,-1.7876,72.2942,139.5128,154.2224
28.18,-27.2975,-14.314,-0.9126,74.271,132.3109,145.4058
28.2,-27.4282,-14.7295,1.0241,77.6635,110.702,120.4454
28.22,-27.5231,-14.8531,2.0625,78.5159,95.3057,103.3989
28.24,-27.6293,-14.9284,3.1255,78.5335,79.4974,86.1338
28.26,-27.7533,-14.9418,4.1959,77.7404,64.3111,69.4224
28.28,-27.8853,-14.9118,5.2591,76.2524,51.879,55.7298
28.3,-28.1833,-14.6865,7.3081,72.1702,35.0553,37.8291
28.32,-28.3472,-14.4766,8.2617,69.7542,29.3747,31.659
28.34,-28.5188,-14.2145,9.152,67.1889,24.8316,26.7594
28.36,-28.701,-13.9058,9.9752,64.5774,21.148,23.5096
28.38,-28.8802,-13.5918,10.7203,62.1378,18.2483,21.299
28.4,-29.2144,-12.927,11.9723,57.3319,13.9087,17.9888
28.42,-29.3821,-12.5947,12.4582,55.2869,12.0427,16.6152
28.44,-29.5197,-12.2883,12.8686,53.6279,10.606,15.5918
28.46,-29.6597,-11.9933,13.1904,52.0552,9.5003,14.865
28.48,-29.7758,-11.7499,13.4345,50.9585,8.4876,13.9433
28.5,-29.9364,-11.4539,13.7159,49.7346,7.1508,12.3098
28.52,-29.9867,-11.3991,13.7556,49.5926,6.7274,11.5984
28.54,-30.0317,-11.4018,13.7244,49.7136,6.4658,11.0864
28.56,-30.0399,-11.4869,13.6392,50.1788,6.4516,10.8249
28.58,-30.0451,-11.6515,13.4575,50.9667,6.538,10.8351
28.6,-30.0029,-12.1259,12.9215,53.28,7.2683,11.1971
28.62,-29.964,-12.4274,12.5436,54.8552,7.7943,11.4314
28.64,-29.9127,-12.7603,12.0916,56.5989,8.4368,11.8732
28.66,-29.8599,-13.1228,11.5476,57.9628,7.7613,11.692
28.68,-29.8028,-13.4829,10.9345,60.2934,8.2194,13.23
28.7,-29.6707,-14.1997,9.4472,66.001,11.2327,14.5434
28.72,-29.6052,-14.5001,8.5747,69.0779,13.2937,16.1819
28.74,-29.5406,-14.739,7.6265,72.2445,15.6805,18.4786
28.76,-29.4842,-14.9082,6.6095,75.4052,18.7728,21.7193
28.78,-29.4304,-15.023,5.5333,78.6467,23.122,27.0668
28.8,-29.3274,-15.021,3.2857,84.4323,52.9902,58.135
28.82,-29.277,-14.9186,2.1393,85.7502,92.5304,98.8106
28.84,-29.2221,-14.7684,0.9959,84.2588,133.0544,140.1816
28.86,-29.1605,-14.5535,-0.111,81.4274,151.3871,159.4979
28.88,-29.0991,-14.2864,-1.1711,78.2451,160.1487,169.6822
28.9,-28.9645,-13.6162,-3.0586,72.034,167.2905,179.9288
28.92,-28.8921,-13.2552,-3.8673,69.1845,168.7071,182.7609
28.94,-28.8247,-12.9038,-4.5828,66.5857,169.9547,185.9317
28.96,-28.7589,-12.5767,-5.205,64.2506,170.7483,188.6145
28.98,-28.6879,-12.2853,-5.7248,62.2342,171.0615,190.3574
29,-28.5472,-11.8466,-6.4393,59.4564,170.9328,192.3401
29.02,-28.4914,-11.716,-6.6473,58.6398,170.8052,193.4026
29.04,-28.4412,-11.6587,-6.7705,58.1537,170.5773,194.2149
29.06,-28.3931,-11.6658,-6.807,58.0229,170.1839,194.4404
29.08,-28.3447,-11.7349,-6.7619,58.201,169.5764,193.9341
29.1,-28.2533,-12.0536,-6.3959,59.6098,167.9495,191.9706
29.12,-28.2252,-12.2826,-6.1014,60.7555,166.9705,190.8667
29.14,-28.2024,-12.5575,-5.7326,62.1178,165.7056,189.3728
29.16,-28.1886,-12.8671,-5.2964,63.7145,164.2097,187.5428
29.18,-28.1786,-13.2006,-4.7871,65.5006,162.2882,185.0062
29.2,-28.1753,-13.9038,-3.5608,69.5529,156.756,177.8165
29.22,-28.1831,-14.2556,-2.8436,71.752,152.7626,172.8727
29.24,-28.1962,-14.5904,-2.0518,74.0408,147.3364,166.2724
29.26,-28.2149,-14.9009,-1.1864,76.2869,139.6985,157.2752
29.28,-28.2526,-15.165,-0.2554,78.2676,128.769,145.0838
29.3,-28.3782,-15.5237,1.7622,80.7501,95.0001,110.2738
29.32,-28.4527,-15.5961,2.8327,80.3956,74.379,89.0682
29.34,-28.537,-15.6042,3.9178,78.9721,57.0623,70.9122
29.36,-28.6407,-15.5393,5.0037,76.8866,44.2873,57.6669
29.38,-28.7512,-15.4269,6.0692,74.454,35.0604,48.3997
29.4,-28.9976,-15.0057,8.0987,69.0447,23.8708,36.7678
29.42,-29.1375,-14.696,9.0297,66.2142,19.979,33.137
29.44,-29.281,-14.3388,9.8908,63.3933,16.9115,30.4578
29.46,-29.4268,-13.9504,10.6713,60.6867,14.5425,28.4819
29.48,-29.5611,-13.5423,11.3752,58.0425,12.5536,26.5818
29.5,-29.8207,-12.6895,12.5042,53.4312,9.6844,23.5337
29.52,-29.9303,-12.2869,12.9299,51.4387,8.4742,22.4263
29.54,-30.0193,-11.9338,13.2758,49.8322,7.5577,21.5565
29.56,-30.0934,-11.635,13.5442,48.576,6.8201,20.6787
29.58,-30.1413,-11.4102,13.7478,47.6199,6.3213,19.9348
29.6,-30.1671,-11.1764,13.9352,46.7704,5.8406,18.6558
29.62,-30.1368,-11.1888,13.9291,46.8793,5.9541,18.4739
29.64,-30.1091,-11.2494,13.8596,47.2031,6.1225,18.5134
29.66,-30.0487,-11.4109,13.711,47.9233,6.5843,18.9123
29.68,-29.9642,-11.6339,13.509,48.9276,7.2667,19.5258
29.7,-29.7618,-12.23,12.9117,51.6411,9.0771,21.1502
29.72,-29.648,-12.5809,12.5118,53.3966,10.2363,22.1112
29.74,-29.5104,-12.9512,12.05,55.3662,11.6818,23.046
29.76,-29.3699,-13.342,11.5119,57.542,13.3289,24.1144
29.78,-29.2387,-13.7061,10.8963,59.8124,14.9584,25.0773
29.8,-28.9738,-14.4116,9.4531,64.8863,19.5139,28.2109
29.82,-28.8427,-14.7194,8.6336,67.6105,22.8035,30.5948
29.84,-28.7285,-14.9805,7.7421,70.3655,26.8827,33.6965
29.86,-28.6276,-15.173,6.7959,73.0092,31.5448,38.0011
29.88,-28.5414,-15.303,5.7986,75.6617,37.6952,44.2694
29.9,-28.4074,-15.3484,3.7232,80.1179,60.159,67.4828
29.92,-28.355,-15.2854,2.6697,81.3215,79.3622,87.0045
29.94,-28.3191,-15.1585,1.6237,81.4154,100.9795,109.2156
29.96,-28.2972,-14.9812,0.5948,80.3506,120.4308,129.41
29.98,-28.2782,-14.7659,-0.3983,78.4427,134.8984,144.8492
30,-28.259,-14.2088,-2.2222,73.7882,151.0139,162.5761
30.02,-28.2585,-13.8921,-3.0296,71.4297,155.6071,168.2188
30.04,-28.2682,-13.5647,-3.7663,69.1252,159.055,172.914
30.06,-28.2763,-13.2529,-4.4275,66.9301,161.8331,176.8517
30.08,-28.2818,-12.9543,-5.0058,64.8829,163.6706,179.3203
30.1,-28.2954,-12.4328,-5.8856,61.6515,166.1237,183.0718
30.12,-28.3068,-12.2279,-6.1894,60.5129,166.96,184.7589
30.14,-28.3166,-12.0704,-6.4074,59.6889,167.5777,186.0917
30.16,-28.3252,-11.9706,-6.5498,59.1276,167.9946,186.9777
30.18,-28.3301,-11.9297,-6.62,58.8331,168.1873,187.3759
30.2,-28.3352,-12.0032,-6.5503,59.0984,168.0529,187.3406
30.22,-28.3345,-12.1303,-6.399,59.6764,167.6712,187.0223
30.24,-28.3384,-12.2909,-6.1947,60.535,167.1576,186.6549
30.26,-28.3381,-12.4902,-5.9349,61.5683,166.4543,185.9946
30.28,-28.334,-12.7193,-5.6218,62.7339,165.4809,184.8601
30.3,-28.321,-13.2285,-4.8545,65.4698,162.8084,181.4759
30.32,-28.3108,-13.4954,-4.4039,66.9889,161.0092,179.0561
30.34,-28.3043,-13.7623,-3.9088,68.6418,158.964,176.407
30.36,-28.2977,-14.0367,-3.3677,70.3571,156.3638,172.9788
30.38,-28.295,-14.3054,-2.7694,72.1691,152.9744,168.5175
30.4,-28.3106,-14.8262,-1.3851,75.9539,142.6046,156.1279
30.42,-28.3414,-15.0638,-0.5951,77.8528,134.4506,147.5185
30.44,-28.3892,-15.2799,0.252,79.6124,122.9765,136.1637
30.46,-28.4428,-15.4611,1.1571,80.815,106.8925,120.225
30.48,-28.5096,-15.5975,2.1018,81.0964,87.5499,101.2528
30.5,-28.6576,-15.7126,4.0772,78.7571,53.6525,67.4435
30.52,-28.7448,-15.6951,5.0616,76.7278,43.2581,57.1253
30.54,-28.8433,-15.6076,6.0287,74.3473,35.4962,49.3429
30.56,-28.9616,-15.4496,6.9642,71.8563,29.2644,43.6603
30.58,-29.0777,-15.2604,7.8523,69.4686,24.7868,39.3596
30.6,-29.335,-14.759,9.4623,64.5575,17.9585,32.0081
30.62,-29.4752,-14.4544,10.1681,62.2337,14.9992,29.1057
30.64,-29.6177,-14.1439,10.7903,60.1118,12.8253,27.1657
30.66,-29.7624,-13.8027,11.3405,58.0692,10.8942,25.6358
30.68,-29.9017,-13.4783,11.8151,56.2868,9.3022,24.1465
30.7,-30.1159,-12.8961,12.564,53.3246,7.0728,21.7136
30.72,-30.2083,-12.651,12.8269,52.1989,6.2028,20.8065
30.74,-30.2815,-12.4545,13.02,51.3361,5.5836,20.1195
30.76,-30.3361,-12.2894,13.153,50.6825,5.1387,19.5858
30.78,-30.3586,-12.1816,13.2382,50.2848,4.9065,19.2287
30.8,-30.3612,-12.15,13.243,50.2246,4.8711,19.09
30.82,-30.347,-12.2235,13.1766,50.5189,5.0087,19.3665
30.84,-30.2888,-12.3775,13.041,51.1766,5.4514,19.8383
30.86,-30.2265,-12.5695,12.852,52.0504,6.0288,20.39
30.88,-30.1414,-12.7765,12.6042,53.0822,6.7674,20.8254
30.9,-29.9367,-13.2948,11.8962,55.9001,8.6104,21.4817
30.92,-29.8267,-13.5892,11.4372,57.6633,9.715,21.6725
30.94,-29.697,-13.9015,10.9135,59.7213,11.0963,21.9066
30.96,-29.5724,-14.2016,10.3137,61.9342,12.6881,22.3988
30.98,-29.4368,-14.4792,9.6435,64.2685,14.6306,23.2319
31,-29.2134,-14.9663,8.0702,69.2928,19.1108,26.7757
31.02,-29.1084,-15.1708,7.1874,72.0373,22.5232,29.9404
31.04,-29.0094,-15.3299,6.2539,74.7453,27.6987,34.7896
31.06,-28.9196,-15.4356,5.2688,77.4018,34.9191,42.0516
31.08,-28.8407,-15.4835,4.2402,79.8573,45.3313,52.9307
31.1,-28.68,-15.3822,2.1227,82.5647,87.0349,95.3061
31.12,-28.6037,-15.2318,1.0579,81.9532,112.1632,120.9838
31.14,-28.529,-15.0144,0.0165,80.1306,130.5498,139.9241
31.16,-28.4545,-14.7499,-0.9932,77.7063,142.4567,152.7126
31.18,-28.3737,-14.4435,-1.9507,74.991,150.0346,161.074
31.2,-28.2117,-13.7344,-3.6609,69.571,158.0988,170.3303
31.22,-28.1374,-13.3696,-4.3984,67.0556,160.4102,173.4464
31.24,-28.0661,-13.0224,-5.0534,64.6684,162.0327,176.004
31.26,-27.9977,-12.6943,-5.6154,62.5597,163.1255,177.8547
31.28,-27.9314,-12.3953,-6.0788,60.7905,163.7554,179.0421
31.3,-27.8226,-11.9375,-6.7146,58.2649,164.5173,180.991
31.32,-27.7866,-11.7924,-6.9004,57.5531,164.6221,181.563
31.34,-27.7573,-11.7179,-7.0026,57.101,164.6937,181.9958
31.36,-27.7363,-11.7094,-7.0263,56.9571,164.6277,182.076
31.38,-27.7226,-11.7635,-6.9781,57.1109,164.3763,181.755
31.4,-27.7192,-12.0697,-6.6264,58.4656,163.2937,180.4303
31.42,-27.7356,-12.305,-6.3421,59.5811,162.5502,179.6676
31.44,-27.7632,-12.587,-5.9908,60.9239,161.6153,178.6918
31.46,-27.7992,-12.9055,-5.5722,62.4482,160.3924,177.275
31.48,-27.8443,-13.2497,-5.0877,64.1811,158.8947,175.4888
31.5,-27.968,-13.9668,-3.9365,68.0258,154.6438,170.8164
31.52,-28.041,-14.3192,-3.2785,70.1308,151.7858,167.7444
31.54,-28.1209,-14.6574,-2.5796,72.2644,148.307,163.9957
31.56,-28.1984,-14.9693,-1.829,74.3778,143.6148,158.5582
31.58,-28.2763,-15.2493,-1.0327,76.3966,136.9666,150.7895
31.6,-28.4644,-15.704,0.6888,79.9188,115.6734,129.4035
31.62,-28.5556,-15.8651,1.6129,80.8107,98.9721,112.8508
31.64,-28.6471,-15.971,2.5675,80.7947,79.4966,93.3839
31.66,-28.7492,-16.0006,3.5517,79.7622,61.1862,75.697
31.68,-28.8553,-15.9698,4.5509,77.9121,47.1868,62.7039
31.7,-29.0735,-15.7243,6.5454,72.8434,29.4977,46.433
31.72,-29.1889,-15.5227,7.5013,70.0547,24.5328,41.5602
31.74,-29.3209,-15.2677,8.4119,67.4006,20.643,38.1126
31.76,-29.4528,-14.9519,9.2657,64.7645,17.4967,34.8839
31.78,-29.59,-14.574,10.0543,62.1714,14.7444,32.1398
31.8,-29.8448,-13.7837,11.404,57.4956,10.8565,27.3779
31.82,-29.9745,-13.3711,11.9697,55.3248,9.0959,25.6429
31.84,-30.0775,-12.9924,12.4643,53.4008,7.8392,23.8385
31.86,-30.1793,-12.6312,12.8897,51.7417,6.9458,22.9093
31.88,-30.2543,-12.3247,13.246,50.3528,6.0669,22.1131
31.9,-30.3661,-11.8008,13.7499,47.9151,4.8993,21.0375
31.92,-30.3809,-11.6131,13.9108,47.1052,4.6285,20.8195
31.94,-30.3819,-11.5054,14.0049,46.6323,4.5445,20.6785
31.96,-30.3684,-11.4515,14.041,46.4029,4.5607,20.6594
31.98,-30.332,-11.4832,14.0248,46.5154,4.7475,20.8318
32,-30.2004,-11.744,13.8032,47.6638,5.6252,21.2528
32.02,-30.1022,-11.9431,13.6066,48.6307,6.3098,21.4861
32.04,-29.9921,-12.1943,13.344,49.8872,7.1721,21.67
32.06,-29.8782,-12.484,13.0186,51.345,8.1582,22.0672
32.08,-29.743,-12.8015,12.6387,53.0204,9.292,22.5523
32.1,-29.4396,-13.5246,11.6955,56.941,12.3016,23.795
32.12,-29.2909,-13.8896,11.106,59.1005,14.106,24.5308
32.14,-29.1367,-14.2331,10.4465,61.4351,16.2112,25.6906
32.16,-28.9863,-14.559,9.7082,63.906,18.7803,27.0732
32.18,-28.8548,-14.8499,8.8933,66.4762,21.8059,28.9175
32.2,-28.6383,-15.3021,7.0471,71.8208,29.2552,35.272
32.22,-28.5483,-15.4325,6.0402,74.5431,35.2836,40.922
32.24,-28.4771,-15.4894,4.9863,77.0663,43.4886,48.8926
32.26,-28.417,-15.4786,3.9038,79.2432,55.7674,60.7915
32.28,-28.3615,-15.4123,2.8123,80.7421,73.5941,78.3697
32.3,-28.3057,-15.0999,0.6324,80.4164,116.5929,122.0082
32.32,-28.283,-14.8662,-0.4153,78.5748,132.5643,138.3635
32.34,-28.2602,-14.5784,-1.4108,76.2998,143.0576,149.4886
32.36,-28.2334,-14.2526,-2.3388,73.7412,149.7805,156.5981
32.38,-28.2134,-13.9026,-3.1962,71.1989,154.5666,162.2547
32.4,-28.1791,-13.2035,-4.6878,66.3203,160.8563,170.8021
32.42,-28.1533,-12.8744,-5.306,64.1331,162.7276,173.4123
32.44,-28.1245,-12.5684,-5.8249,62.2394,163.9306,175.2457
32.46,-28.0984,-12.2966,-6.2428,60.6928,164.7772,176.8665
32.48,-28.0743,-12.0778,-6.5646,59.4732,165.3533,178.3401
32.5,-28.0408,-11.8245,-6.9648,57.9025,165.8592,180.3235
32.52,-28.0227,-11.8025,-7.0435,57.5522,165.8002,180.5725
32.54,-28.0085,-11.8416,-7.0419,57.5325,165.5656,180.5473
32.56,-27.9988,-11.9344,-6.9699,57.8216,165.1853,180.3619
32.58,-27.9911,-12.1093,-6.7977,58.4984,164.5507,179.9601
32.6,-27.9968,-12.5808,-6.2551,60.6306,162.862,178.7996
32.62,-28.0054,-12.8759,-5.8864,61.9111,161.6039,177.5138
32.64,-28.0184,-13.1962,-5.4543,63.3871,160.1371,175.8216
32.66,-28.0359,-13.53,-4.9598,65.0475,158.2982,173.5032
32.68,-28.0608,-13.8769,-4.4066,66.8087,156.0565,170.7163
32.7,-28.1338,-14.5736,-3.1391,70.5345,149.9886,163.3252
32.72,-28.1772,-14.9065,-2.4278,72.4185,145.5273,157.6772
32.74,-28.2374,-15.2162,-1.6754,74.3642,140.4067,152.0571
32.76,-28.3051,-15.4911,-0.8712,76.3248,133.4694,144.6958
32.78,-28.3717,-15.73,-0.0123,78.0419,123.7426,134.7865
32.8,-28.5257,-16.0209,1.8704,79.9184,92.5229,103.9844
32.82,-28.6285,-16.0697,2.8792,79.6317,73.3492,85.7315
32.84,-28.7392,-16.0795,3.9073,78.2883,57.3955,70.6604
32.86,-28.8621,-16.0429,4.9343,76.3454,45.4581,59.0653
32.88,-28.9855,-15.9584,5.9533,74.1041,36.733,50.3219
32.9,-29.2671,-15.5615,7.8914,69.1784,25.569,39.5357
32.92,-29.4182,-15.2506,8.7858,66.5488,21.4218,35.5732
32.94,-29.5766,-14.8872,9.6161,63.9064,17.8798,31.9167
32.96,-29.7367,-14.4924,10.3861,61.431,14.7817,29.2201
32.98,-29.8868,-14.0978,11.0922,59.1002,12.8508,26.3321
33,-30.1666,-13.2976,12.2808,55.0011,9.6133,22.2501
33.02,-30.2912,-12.8982,12.7509,53.0516,8.2425,20.9047
33.04,-30.3863,-12.5116,13.1526,51.3029,7.1881,19.8908
33.06,-30.4676,-12.1447,13.4857,49.743,6.4041,19.133
33.08,-30.5156,-11.8283,13.7545,48.4101,5.8508,18.6934
33.1,-30.5346,-11.3397,14.1106,46.547,5.3647,17.5089
33.12,-30.504,-11.1892,14.2076,46.1066,5.3426,16.9734
33.14,-30.4475,-11.0844,14.2512,45.9379,5.439,16.3723
33.16,-30.361,-11.0193,14.2525,45.9522,5.7445,15.6291
33.18,-30.2731,-11.0251,14.2096,46.1812,6.149,15.3112
33.2,-30.0129,-11.1293,14.0395,46.9392,7.4321,15.6589
33.22,-29.8752,-11.246,13.9141,47.4878,8.283,16.0536
33.24,-29.7353,-11.3924,13.7665,48.1151,9.1826,16.5814
33.26,-29.5958,-11.55,13.597,48.7939,10.1138,17.3126
33.28,-29.4451,-11.7514,13.3999,49.6158,11.1754,18.1832
33.3,-29.1347,-12.2019,12.8828,51.6794,13.6371,19.3054
33.32,-28.9828,-12.4294,12.5513,52.8422,14.9775,19.5669
33.34,-28.8424,-12.6779,12.1621,54.2206,16.3103,19.5874
33.36,-28.7197,-12.9495,11.7117,55.8056,17.661,19.7401
33.38,-28.605,-13.2351,11.215,57.6094,19.0894,20.3005
33.4,-28.4019,-13.8632,10.0047,61.8192,22.8681,21.6095
33.42,-28.3115,-14.1486,9.3011,64.0325,25.2305,22.8937
33.44,-28.2482,-14.4209,8.5236,66.1884,26.2875,24.0659
33.46,-28.2018,-14.6871,7.6775,68.7725,29.9765,27.5062
33.48,-28.1691,-14.9176,6.7783,71.4275,34.3157,31.8175
33.5,-28.133,-15.2462,4.8348,76.3426,47.7322,45.6235
33.52,-28.1372,-15.3118,3.812,78.3861,59.2569,57.6617
33.54,-28.1549,-15.3191,2.7717,79.9029,74.2085,73.3979
33.56,-28.1745,-15.278,1.7286,80.469,93.8156,93.8819
33.58,-28.1945,-15.1725,0.6978,79.8666,113.0995,113.6275
33.6,-28.2238,-14.7483,-1.2349,76.4721,138.9997,140.639
33.62,-28.2353,-14.4601,-2.1174,74.3198,146.8391,149.4443
33.64,-28.2455,-14.1378,-2.9393,72.1738,152.7481,156.3728
33.66,-28.2389,-13.8153,-3.6991,69.823,156.8034,161.0008
33.68,-28.2197,-13.4917,-4.3811,67.5749,159.4912,163.9826
33.7,-28.1596,-12.8791,-5.4767,63.7066,162.6637,168.4113
33.72,-28.118,-12.6148,-5.8913,62.197,163.5334,170.1351
33.74,-28.0683,-12.3873,-6.2237,60.9718,164.0917,171.4418
33.76,-28.0115,-12.2095,-6.4768,59.9976,164.3516,172.324
33.78,-27.9506,-12.0859,-6.6555,59.2746,164.4071,172.9437
33.8,-27.8186,-12.0075,-6.8036,58.5628,163.8934,173.1737
33.82,-27.7527,-12.0356,-6.7748,58.6143,163.3279,172.6783
33.84,-27.686,-12.1086,-6.6843,58.901,162.6008,172.0173
33.86,-27.6176,-12.2377,-6.5194,59.4708,161.6559,171.1969
33.88,-27.563,-12.4013,-6.3137,60.1735,160.6644,170.3237
33.9,-27.4803,-12.818,-5.7632,62.0079,158.2217,167.7401
33.92,-27.4528,-13.06,-5.4159,63.1145,156.6729,165.7543
33.94,-27.4382,-13.3216,-5.0189,64.3285,154.9429,163.5313
33.96,-27.4382,-13.6004,-4.573,65.6446,152.9739,161.0156
33.98,-27.4554,-13.8936,-4.0736,67.1013,150.7618,158.2601
34,-27.5379,-14.4932,-2.9077,70.3034,144.9927,151.3125
34.02,-27.6032,-14.7846,-2.2415,72.0707,141.1293,146.9004
34.04,-27.6797,-15.0695,-1.5229,73.8552,136.3699,141.7749
34.06,-27.7644,-15.3305,-0.7514,75.576,130.0024,134.8521
34.08,-27.8557,-15.57,0.0653,77.1168,121.512,125.8668
34.1,-28.0484,-15.9274,1.8376,79.0192,96.636,100.7897
34.12,-28.1566,-16.0295,2.7739,79.0799,81.0296,85.8196
34.14,-28.2624,-16.0764,3.7279,78.2502,66.3865,71.7298
34.16,-28.375,-16.0711,4.6836,76.7732,53.8755,60.037
34.18,-28.4913,-15.9997,5.6448,74.759,43.9126,50.8964
34.2,-28.7663,-15.6789,7.4985,69.9564,30.4019,39.8083
34.22,-28.9177,-15.4347,8.3697,67.3469,25.568,36.3817
34.24,-29.0731,-15.1415,9.1954,64.7251,21.7577,33.8282
34.26,-29.2292,-14.8073,9.9603,62.1557,18.7596,31.6352
34.28,-29.3808,-14.4418,10.663,59.7578,16.2686,29.741
34.3,-29.6995,-13.6415,11.8488,55.4979,11.9997,25.838
34.32,-29.843,-13.2236,12.3358,53.6052,10.4195,23.7305
34.34,-29.954,-12.8218,12.7586,51.9294,9.0621,21.9275
34.36,-30.0603,-12.4457,13.1112,50.4503,7.9257,20.2389
34.38,-30.1361,-12.0939,13.4124,49.127,7.0322,18.8219
34.4,-30.2409,-11.5562,13.8236,47.2546,5.7907,16.4429
34.42,-30.2487,-11.3685,13.9578,46.6524,5.4864,15.5715
34.44,-30.257,-11.2535,14.0294,46.3149,5.2946,14.9239
34.46,-30.2269,-11.1913,14.0631,46.2018,5.3087,14.3351
34.48,-30.1766,-11.2063,14.0563,46.3676,5.5163,13.9438
34.5,-30.0489,-11.4,13.8842,47.2794,6.1875,13.8685
34.52,-29.967,-11.5982,13.7237,48.111,6.7611,14.2837
34.54,-29.8737,-11.8318,13.5111,49.1157,7.4727,14.7468
34.56,-29.7529,-12.0934,13.2594,50.2801,8.4391,15.2837
34.58,-29.6429,-12.3932,12.9445,51.6622,9.4473,15.9339
34.6,-29.4121,-13.0699,12.1774,54.8158,11.9271,18.1119
34.62,-29.2942,-13.4556,11.7209,56.6844,13.4219,19.5552
34.64,-29.174,-13.8137,11.2253,58.5522,15.0667,21.0306
34.66,-29.0508,-14.1785,10.6658,60.5918,17.083,22.583
34.68,-28.9318,-14.5052,10.0388,62.7076,19.3413,24.1061
34.7,-28.683,-15.0723,8.5959,67.2525,25.322,28.111
34.72,-28.577,-15.2841,7.7704,69.6009,29.291,30.5731
34.74,-28.4804,-15.4529,6.883,71.9698,34.1679,34.414
34.76,-28.3967,-15.5644,5.9387,74.356,40.3281,39.8883
34.78,-28.3297,-15.6201,4.9528,76.5475,48.609,47.5716
34.8,-28.2353,-15.593,2.9052,79.6473,76.1547,74.3261
34.82,-28.2053,-15.4848,1.8768,80.0325,94.0611,92.0083
34.84,-28.1883,-15.3299,0.854,79.5107,111.7925,109.7498
34.86,-28.168,-15.1272,-0.1382,78.0404,126.536,124.3219
34.88,-28.1554,-14.8733,-1.0896,76.1092,137.2386,135.0185
34.9,-28.1382,-14.2435,-2.7957,71.7978,150.3754,148.771
34.92,-28.1387,-13.9085,-3.5546,69.6317,154.6364,153.7791
34.94,-28.1408,-13.5817,-4.2468,67.4867,158.0209,158.1792
34.96,-28.1321,-13.2735,-4.8618,65.3881,160.3238,160.9301
34.98,-28.1172,-12.9821,-5.3845,63.6174,161.8865,162.8363
35,-28.0868,-12.493,-6.1382,60.9531,163.604,165.9974
35.02,-28.0795,-12.3233,-6.3934,60.082,164.1832,167.8062
35.04,-28.0727,-12.2082,-6.5824,59.4205,164.619,169.4323
35.06,-28.0572,-12.1482,-6.7094,58.927,164.7616,170.0109
35.08,-28.0314,-12.136,-6.7611,58.6891,164.6244,169.6972
35.1,-27.9889,-12.2431,-6.6479,59.0277,163.9621,168.9205
35.12,-27.9739,-12.3821,-6.4626,59.7662,163.3913,168.6958
35.14,-27.9661,-12.5524,-6.2377,60.6335,162.7963,168.4807
35.16,-27.9601,-12.7592,-5.9657,61.6154,161.987,167.8741
35.18,-27.9521,-12.9973,-5.6464,62.667,160.9341,166.7527
35.2,-27.9428,-13.5254,-4.8608,65.1948,157.9706,162.8597
35.22,-27.9509,-13.8113,-4.3904,66.6816,156.117,160.5754
35.24,-27.9626,-14.1109,-3.8587,68.2877,153.8748,157.7738
35.26,-27.9837,-14.413,-3.2642,70.0061,151.0428,154.2539
35.28,-28.0069,-14.7037,-2.5865,71.8586,147.2431,149.5885
35.3,-28.092,-15.242,-0.9647,75.9908,134.2988,136.207
35.32,-28.1589,-15.4744,-0.0193,77.9213,123.4475,126.2276
35.34,-28.2353,-15.6677,1.0038,79.2717,108.2214,111.7275
35.36,-28.3294,-15.8165,2.0809,79.7656,89.003,93.6128
35.38,-28.4351,-15.9048,3.2055,79.1011,69.4243,74.7765
35.4,-28.6999,-15.8919,5.4793,74.9757,42.793,50.3865
35.42,-28.8696,-15.7586,6.5953,72.2273,34.0607,43.3873
35.44,-29.0479,-15.556,7.6713,69.3257,27.9347,38.4088
35.46,-29.2485,-15.2746,8.6854,66.3565,23.2178,34.6421
35.48,-29.4495,-14.9534,9.6259,63.4509,19.6541,31.4557
35.5,-29.8926,-14.1627,11.263,57.8137,12.6689,25.2224
35.52,-30.1111,-13.7381,11.9492,55.1614,9.8481,22.4941
35.54,-30.334,-13.3128,12.5336,52.9796,7.7712,20.7343
35.56,-30.5272,-12.8689,13.0486,50.9021,6.0501,19.0725
35.58,-30.7231,-12.4715,13.4615,49.1161,4.5518,17.6307
35.6,-31.0208,-11.7849,14.0841,46.2651,2.4788,15.3085
35.62,-31.143,-11.5375,14.2772,45.2996,1.6991,14.4505
35.64,-31.2294,-11.361,14.4034,44.7075,1.142,13.4945
35.66,-31.2901,-11.2349,14.4618,44.3707,0.7698,12.5738
35.68,-31.3191,-11.1896,14.4598,44.3959,0.5829,11.792
35.7,-31.2999,-11.2921,14.3053,45.3679,0.6668,10.641
35.72,-31.251,-11.4574,14.1132,46.2382,0.9686,10.3158
35.74,-31.1729,-11.686,13.8927,47.4388,1.4864,10.376
35.76,-31.0892,-11.9606,13.6227,48.7906,2.0446,10.7371
35.78,-30.9905,-12.289,13.3052,50.3477,2.7554,11.4557
35.8,-30.7249,-13.0104,12.5584,53.7085,4.9661,13.3998
35.82,-30.5761,-13.3899,12.1211,55.4998,6.3973,14.8071
35.84,-30.4265,-13.7734,11.6334,57.3359,7.971,16.5505
35.86,-30.2597,-14.1629,11.1045,59.3282,9.8414,18.3578
35.88,-30.0903,-14.522,10.5224,61.387,11.9176,19.9181
35.9,-29.7506,-15.1514,9.1623,65.8571,17.1609,22.9761
35.92,-29.571,-15.41,8.3965,68.2332,20.4367,25.1927
35.94,-29.4224,-15.6012,7.5657,70.5729,23.6625,27.56
35.96,-29.2602,-15.7443,6.693,72.8339,27.5611,30.2212
35.98,-29.1034,-15.8394,5.7758,75.1595,33.887,35.6347
36,-28.8132,-15.851,3.8517,79.1779,52.0442,52.5299
36.02,-28.6752,-15.7831,2.8567,80.6372,66.9018,66.7453
36.04,-28.536,-15.6591,1.8614,81.0594,86.4376,85.4916
36.06,-28.4073,-15.478,0.8763,80.5013,105.6167,104.2914
36.08,-28.2965,-15.2514,-0.097,79.295,121.3902,120.2406
36.1,-28.0847,-14.6758,-1.9294,75.2229,141.2587,140.1683
36.12,-27.982,-14.3423,-2.7598,72.8975,146.7563,145.6505
36.14,-27.8971,-13.9931,-3.5269,70.539,150.8009,150.1864
36.16,-27.8233,-13.6427,-4.2239,68.3052,153.8358,154.0374
36.18,-27.7624,-13.3055,-4.8581,66.1713,156.2563,157.5269
36.2,-27.6558,-12.7045,-5.918,62.3717,159.4259,161.7251
36.22,-27.6116,-12.4495,-6.3224,60.8639,160.3614,162.7444
36.24,-27.5819,-12.2319,-6.6313,59.7079,160.9903,163.7364
36.26,-27.57,-12.0649,-6.8545,58.8914,161.5465,165.0119
36.28,-27.5726,-11.9546,-7.0051,58.3619,162.0261,166.3246
36.3,-27.5972,-11.9078,-7.1249,57.8952,162.5819,167.5344
36.32,-27.6132,-11.9574,-7.0927,57.9922,162.5474,167.2895
36.34,-27.6371,-12.0586,-6.991,58.3268,162.4003,166.9332
36.36,-27.6763,-12.2165,-6.8154,59.0632,162.1201,166.6564
36.38,-27.7216,-12.4078,-6.5903,59.9716,161.7885,166.4607
36.4,-27.8229,-12.8873,-5.9933,62.2078,160.6926,165.0344
36.42,-27.873,-13.1599,-5.6227,63.5059,159.7921,163.5564
36.44,-27.9266,-13.4404,-5.2041,64.9467,158.7147,161.9199
36.46,-27.984,-13.7283,-4.7494,66.4575,157.4007,160.1311
36.48,-28.0425,-14.0177,-4.26,67.9996,155.7651,157.8999
36.5,-28.1637,-14.5836,-3.1633,71.3297,151.107,151.5216
36.52,-28.2377,-14.8527,-2.5511,73.1477,147.9809,148.1408
36.54,-28.3119,-15.1121,-1.8904,75.0122,143.6396,143.6611
36.56,-28.3924,-15.3506,-1.1775,76.9054,137.6319,137.8644
36.58,-28.4796,-15.5674,-0.4128,78.697,129.0609,129.8361
36.6,-28.6621,-15.9144,1.2791,81.1354,99.6854,102.1729
36.62,-28.7579,-16.0482,2.1806,81.0961,80.6791,84.0592
36.64,-28.8589,-16.1419,3.1153,80.1604,63.3952,67.7956
36.66,-28.9631,-16.1887,4.0617,78.4527,50.3957,55.6015
36.68,-29.0771,-16.1727,5.0119,76.3198,41.2059,47.7903
36.7,-29.3144,-15.935,6.8671,71.5,27.8392,36.9645
36.72,-29.4379,-15.7133,7.7425,68.9461,23.2156,33.1282
36.74,-29.5785,-15.4359,8.5589,66.44,19.7302,30.1516
36.76,-29.697,-15.1416,9.3312,64.1334,17.6018,28.0976
36.78,-29.8289,-14.7951,10.0372,61.8698,14.8604,25.6199
36.8,-30.0639,-14.0888,11.2341,57.7659,11.0973,21.3498
36.82,-30.1655,-13.7094,11.7343,55.7909,9.6761,19.805
36.84,-30.2594,-13.3632,12.1529,54.1284,8.5276,19.0965
36.86,-30.3319,-13.0475,12.5014,52.6744,7.6544,18.326
36.88,-30.3878,-12.7626,12.7806,51.454,6.9645,17.4953
36.9,-30.4477,-12.3454,13.1579,49.8753,6.0878,15.7796
36.92,-30.443,-12.2511,13.2536,49.5506,5.9507,15.3785
36.94,-30.4189,-12.1829,13.2953,49.3661,5.8797,15.2658
36.96,-30.3731,-12.1896,13.2765,49.4641,6.1247,15.2779
36.98,-30.3064,-12.2227,13.2211,49.7071,6.5099,15.406
37,-30.1244,-12.4678,12.9247,50.9013,7.785,16.3633
37.02,-30.0174,-12.6556,12.7247,51.7348,8.6078,17.1137
37.04,-29.9157,-12.8882,12.4704,52.7792,9.5393,17.9412
37.06,-29.7791,-13.1268,12.1919,53.8774,10.7302,18.7038
37.08,-29.6549,-13.3837,11.8549,55.1179,11.9842,19.6652
37.1,-29.393,-13.9483,11.0531,57.9932,14.9155,22.2256
37.12,-29.2659,-14.2342,10.583,59.6172,16.5465,23.5998
37.14,-29.1457,-14.5145,10.0506,61.384,18.4945,24.613
37.16,-29.019,-14.7855,9.4623,63.2824,20.7206,25.6754
37.18,-28.9135,-15.0312,8.8037,65.3255,23.1551,27.022
37.2,-28.7283,-15.4436,7.3017,69.9139,29.4905,31.1935
37.22,-28.654,-15.5851,6.4617,72.2406,33.3146,33.964
37.24,-28.5886,-15.6885,5.5623,74.5268,39.1275,38.8663
37.26,-28.5401,-15.7344,4.6153,76.7771,47.1453,46.4742
37.28,-28.4982,-15.7249,3.6303,78.7528,58.2024,57.2683
37.3,-28.4313,-15.5608,1.5925,80.6413,92.889,91.2907
37.32,-28.4036,-15.4027,0.5809,80.0479,111.8733,110.2075
37.34,-28.3904,-15.1882,-0.4055,78.7841,127.122,125.8099
37.36,-28.3813,-14.9455,-1.3538,76.8106,138.1592,137.4881
37.38,-28.3872,-14.6767,-2.2583,74.6214,146.2463,146.9492
37.4,-28.3781,-14.1185,-3.884,69.9749,155.6516,158.2629
37.42,-28.3686,-13.8335,-4.5759,67.8062,158.2097,161.4924
37.44,-28.3693,-13.5506,-5.1785,65.94,160.0472,164.6153
37.46,-28.377,-13.2941,-5.6986,64.2865,161.616,167.9635
37.48,-28.3842,-13.0727,-6.1469,62.8246,162.7971,170.8252
37.5,-28.3775,-12.742,-6.8152,60.4987,164.025,173.7081
37.52,-28.3661,-12.6395,-7.0264,59.7164,164.2104,174.1472
37.54,-28.3595,-12.5817,-7.1507,59.2822,164.328,174.6472
37.56,-28.36,-12.5718,-7.1941,59.1818,164.3514,175.249
37.58,-28.3598,-12.6105,-7.1646,59.3505,164.2485,175.689
37.6,-28.3514,-12.8265,-6.8825,60.3577,163.5356,175.1665
37.62,-28.3457,-12.9995,-6.6442,61.2206,162.8399,174.1877
37.64,-28.3454,-13.2088,-6.3415,62.264,161.9906,172.9839
37.66,-28.3499,-13.4562,-5.9744,63.4997,160.9385,171.5299
37.68,-28.3629,-13.7323,-5.5424,64.9551,159.6199,169.7985
37.7,-28.4051,-14.3574,-4.4724,68.3911,155.6358,164.8
37.72,-28.4351,-14.6841,-3.8296,70.3563,152.6673,161.2222
37.74,-28.4706,-15.015,-3.1096,72.4208,148.7131,156.7516
37.76,-28.5204,-15.3419,-2.3188,74.5724,143.4417,151.3243
37.78,-28.5764,-15.6432,-1.4491,76.6645,135.973,143.6629
37.8,-28.7174,-16.1301,0.4872,80.0829,109.9412,118.0187
37.82,-28.7916,-16.2932,1.5375,80.6346,90.5227,98.7553
37.84,-28.8795,-16.3775,2.6239,80.0622,70.0847,78.5461
37.86,-28.974,-16.3998,3.7346,78.4391,53.7459,62.7816
37.88,-29.0912,-16.346,4.8473,76.204,41.7303,51.8201
37.9,-29.3385,-16.0336,7.0085,70.7017,26.7161,38.1396
37.92,-29.4799,-15.7608,8.0257,67.7238,21.8392,33.9594
37.94,-29.6306,-15.4498,8.973,64.9083,18.384,31.1427
37.96,-29.7983,-15.0804,9.8487,62.215,15.5848,28.459
37.98,-29.9524,-14.6635,10.6522,59.5223,13.3745,25.6687
38,-30.2677,-13.7772,11.9721,54.7734,9.2123,21.6167
38.02,-30.4106,-13.3078,12.503,52.6886,7.6153,19.7287
38.04,-30.5323,-12.8942,12.9412,50.9765,6.3763,17.9866
38.06,-30.6441,-12.4899,13.2976,49.5099,5.2664,16.1362
38.08,-30.7276,-12.1363,13.5869,48.2859,4.4232,14.4572
38.1,-30.8166,-11.6077,13.969,46.6507,3.3086,11.8287
38.12,-30.8134,-11.424,14.0762,46.16,3.1061,10.9289
38.14,-30.7773,-11.3108,14.131,45.9009,3.115,10.3618
38.16,-30.733,-11.297,14.134,45.9577,3.2475,10.1215
38.18,-30.6717,-11.3406,14.0975,46.1886,3.5124,10.2839
38.2,-30.4299,-11.6588,13.8444,47.6112,4.7843,10.655
38.22,-30.2874,-11.8895,13.6162,48.6781,5.7421,10.5751
38.24,-30.1005,-12.1462,13.3385,49.8921,7.0097,10.6092
38.26,-29.9425,-12.4334,12.9774,51.3149,8.2058,10.9253
38.28,-29.7574,-12.7707,12.5569,53.0312,9.6915,11.7714
38.3,-29.3933,-13.4896,11.5127,57.1019,13.1781,13.8564
38.32,-29.2096,-13.8538,10.8885,59.3783,15.3199,14.8048
38.34,-29.0249,-14.2149,10.2045,61.7198,17.8452,16.2405
38.36,-28.8517,-14.5649,9.457,64.1589,20.6708,18.506
38.38,-28.6981,-14.8776,8.6455,66.6486,23.9609,21.4339
38.4,-28.4165,-15.3356,6.8552,71.2683,32.2304,28.275
38.42,-28.2913,-15.4795,5.8884,73.5858,38.5577,34.1101
38.44,-28.2015,-15.567,4.8646,75.7757,46.8827,42.4947
38.46,-28.1139,-15.608,3.8041,77.7464,58.5864,54.4301
38.48,-28.0379,-15.5648,2.7159,79.0688,74.1401,69.4731
38.5,-27.9292,-15.2621,0.5266,79.0299,109.5634,104.1097
38.52,-27.8968,-15.015,-0.5309,77.5298,124.4238,119.0311
38.54,-27.8786,-14.7237,-1.5489,75.4704,135.5403,130.6208
38.56,-27.8694,-14.3988,-2.5131,73.1249,143.6459,139.3312
38.58,-27.8633,-14.0519,-3.4102,70.6997,149.4619,145.7433
38.6,-27.8616,-13.3378,-4.9503,65.9633,156.6605,154.2594
38.62,-27.8662,-12.9936,-5.5742,63.9244,158.8393,157.1743
38.64,-27.8808,-12.674,-6.0966,62.1779,160.49,159.8643
38.66,-27.9046,-12.3949,-6.5228,60.7351,161.8738,162.5567
38.68,-27.9343,-12.1646,-6.8625,59.577,163.0128,164.893
38.7,-27.9943,-11.8808,-7.2918,58.0549,164.5022,167.8546
38.72,-28.0258,-11.8262,-7.381,57.7667,164.8893,168.7036
38.74,-28.0592,-11.8333,-7.39,57.8046,165.0953,169.3517
38.76,-28.0946,-11.8912,-7.3296,58.1489,165.1766,169.8976
38.78,-28.1373,-12.014,-7.1969,58.7808,165.1129,170.3174
38.8,-28.2164,-12.3963,-6.7489,60.6668,164.5021,170.2649
38.82,-28.2478,-12.6274,-6.4484,61.8377,163.8988,169.5311
38.84,-28.2741,-12.8789,-6.1054,63.1082,163.1168,168.4558
38.86,-28.2967,-13.1431,-5.7272,64.4369,162.1312,167.0778
38.88,-28.3252,-13.4119,-5.3165,66.0147,161.1823,165.9266
38.9,-28.3508,-13.953,-4.4006,68.8523,157.6626,161.0112
38.92,-28.3638,-14.2255,-3.8957,70.334,155.2966,157.9117
38.94,-28.3818,-14.4999,-3.3509,71.8935,152.4254,154.4205
38.96,-28.4048,-14.778,-2.7683,73.4839,148.8272,150.2885
38.98,-28.4322,-15.0515,-2.1449,75.0962,144.2297,145.2999
39,-28.5045,-15.5576,-0.771,78.1643,130.9441,131.9967
39.02,-28.5465,-15.768,-0.0226,79.4437,120.4872,121.6182
39.04,-28.5964,-15.9458,0.761,80.3521,107.3612,109.0584
39.06,-28.6472,-16.0863,1.5677,80.6894,92.5054,94.6012
39.08,-28.6985,-16.1837,2.3839,80.3404,77.2592,79.2175
39.1,-28.8191,-16.2481,4.0163,78.2422,53.2767,55.4558
39.12,-28.8827,-16.1972,4.8149,76.6303,44.7429,46.2539
39.14,-28.9554,-16.0905,5.594,74.9067,37.9809,39.3222
39.16,-29.054,-15.9095,6.3611,72.9476,32.1966,33.9072
39.18,-29.1624,-15.6844,7.1146,70.8462,27.2096,29.8416
39.2,-29.4075,-15.1541,8.5515,66.5048,20.1131,23.5528
39.22,-29.5322,-14.8564,9.2346,64.3787,17.3579,20.9805
39.24,-29.664,-14.5253,9.881,62.2364,15.0033,18.5805
39.26,-29.7988,-14.1874,10.4804,60.1838,12.9923,16.5957
39.28,-29.9136,-13.8126,11.0561,58.1058,11.3185,14.8398
39.3,-30.1168,-13.0436,12.0578,54.2233,8.5178,12.1649
39.32,-30.1864,-12.6992,12.4804,52.5356,7.4985,11.2352
39.34,-30.2406,-12.362,12.8479,50.9908,6.6739,10.3988
39.36,-30.2543,-12.0694,13.1577,49.6633,6.2151,9.7835
39.38,-30.2422,-11.8079,13.4145,48.514,5.9114,9.3475
39.4,-30.1373,-11.4382,13.7465,46.911,5.9883,9.0662
39.42,-30.0447,-11.3514,13.8215,46.5103,6.3325,9.2306
39.44,-29.9425,-11.3152,13.8367,46.37,6.7458,9.4202
39.46,-29.8129,-11.3388,13.8053,46.503,7.3434,9.6927
39.48,-29.6723,-11.4532,13.6979,46.9993,8.1508,10.201
39.5,-29.3491,-11.7924,13.3327,48.6122,10.0972,11.2143
39.52,-29.1802,-12.0405,13.0672,49.7547,11.3366,11.6376
39.54,-29.0312,-12.3244,12.7353,51.1146,12.5763,12.3226
39.56,-28.863,-12.6493,12.3647,52.6551,14.042,13.4085
39.58,-28.7017,-12.9875,11.9306,54.3547,15.6535,14.4103
39.6,-28.3973,-13.6797,10.8609,58.1895,19.5231,16.5751
39.62,-28.2573,-14.0322,10.2315,60.3261,21.8717,18.115
39.64,-28.1555,-14.3693,9.5331,62.5984,24.3408,20.1736
39.66,-28.0557,-14.6924,8.7763,65.0219,27.3496,22.366
39.68,-27.9766,-14.979,7.9474,67.506,30.9763,24.848
39.7,-27.8836,-15.4038,6.1005,72.4682,40.728,32.8814
39.72,-27.8701,-15.5281,5.1003,74.8264,48.0826,40.1601
39.74,-27.8671,-15.5949,4.0624,76.9554,58.2518,50.2279
39.76,-27.869,-15.5826,3.0097,78.4777,71.6821,63.3256
39.78,-27.8797,-15.5148,1.9441,79.2716,87.9611,79.635
39.8,-27.9233,-15.1822,-0.1462,78.0575,120.6816,113.0563
39.82,-27.9512,-14.948,-1.1541,76.354,133.2643,126.339
39.84,-27.9713,-14.6683,-2.1127,74.1723,142.3614,135.6967
39.86,-27.98,-14.3521,-3.0002,71.8218,148.6897,142.075
39.88,-27.9904,-14.0065,-3.808,69.5436,153.1252,146.9567
39.9,-28.029,-13.3166,-5.1695,65.396,159.2922,155.9304
39.92,-28.0393,-13.0097,-5.7302,63.5258,161.3014,159.2519
39.94,-28.0388,-12.7298,-6.2022,61.9042,162.5575,161.281
39.96,-28.0354,-12.4868,-6.579,60.6622,163.4572,163.1579
39.98,-28.0278,-12.296,-6.8667,59.6819,164.0306,164.8013
40,-28.0121,-12.0785,-7.2194,58.532,164.7254,167.8234
40.02,-27.9881,-12.0541,-7.2928,58.2731,164.6538,168.2481
40.04,-27.9553,-12.0737,-7.2931,58.2616,164.3659,168.0809
40.06,-27.9222,-12.1329,-7.2322,58.4877,163.948,167.7062
40.08,-27.8818,-12.2486,-7.0907,58.9952,163.3381,167.1974
40.1,-27.8105,-12.5767,-6.6498,60.6236,161.739,166.0001
40.12,-27.7752,-12.7874,-6.362,61.6171,160.654,164.8936
40.14,-27.7421,-13.0206,-6.0362,62.7122,159.367,163.4146
40.16,-27.7123,-13.2652,-5.6732,63.9086,157.9045,161.7562
40.18,-27.6844,-13.5162,-5.2791,65.1393,156.1604,159.6291
40.2,-27.6494,-14.0292,-4.4127,67.6582,151.9154,154.2058
40.22,-27.6446,-14.2925,-3.9315,68.9722,149.3814,150.8877
40.24,-27.6485,-14.5592,-3.403,70.3591,146.1944,146.7269
40.26,-27.6667,-14.8282,-2.8065,71.8835,142.1353,142.1458
40.28,-27.7161,-15.0906,-2.1415,73.6094,137.1314,137.5835
40.3,-27.8658,-15.5824,-0.6095,76.9605,121.5685,123.5192
40.32,-27.9707,-15.8016,0.244,78.3378,110.2459,113.2819
40.34,-28.0821,-15.9953,1.1479,79.0613,96.4233,99.9634
40.36,-28.2107,-16.1416,2.0931,79.1081,81.087,85.0694
40.38,-28.3495,-16.2461,3.0723,78.401,66.6182,71.2484
40.4,-28.6703,-16.2752,5.0662,75.1972,43.227,49.9319
40.42,-28.8489,-16.1837,6.0526,72.964,35.059,42.7039
40.44,-29.0318,-16.0333,7.0114,70.5427,28.7855,37.3585
40.46,-29.2195,-15.8342,7.9232,68.0807,24.0907,33.1782
40.48,-29.4164,-15.5763,8.7796,65.642,20.0537,29.6651
40.5,-29.8317,-14.8953,10.2891,60.9115,13.6208,24.2039
40.52,-30.0207,-14.5002,10.9392,58.6665,11.2785,21.6963
40.54,-30.198,-14.1026,11.5055,56.6963,9.2955,19.4698
40.56,-30.3617,-13.6945,11.9937,54.865,7.6355,17.3915
40.58,-30.5053,-13.304,12.4044,53.2513,6.2692,15.464
40.6,-30.6887,-12.6411,13.0262,50.8232,4.3746,11.8699
40.62,-30.7375,-12.3832,13.24,50.0013,3.7681,10.316
40.64,-30.7656,-12.172,13.3887,49.3705,3.3284,9.0613
40.66,-30.7608,-12.0134,13.4841,48.9412,3.165,8.2464
40.68,-30.7241,-11.9145,13.5248,48.7443,3.1798,7.6893
40.7,-30.6008,-11.8806,13.4684,49.0083,3.7428,7.0924
40.72,-30.5002,-11.946,13.3847,49.4234,4.2348,7.072
40.74,-30.3864,-12.0848,13.2447,50.0518,4.9088,7.3682
40.76,-30.2504,-12.2269,13.0816,50.7427,5.7755,7.9839
40.78,-30.1015,-12.4242,12.8677,51.6424,6.8373,8.8005
40.8,-29.7784,-12.8531,12.3152,53.6942,9.3835,10.7111
40.82,-29.6025,-13.1108,11.9762,54.9323,10.8822,11.8656
40.84,-29.4255,-13.3708,11.5943,56.247,12.4895,13.0657
40.86,-29.2603,-13.6448,11.1458,57.7914,14.1858,14.2059
40.88,-29.1035,-13.9082,10.6361,59.4892,15.9803,15.2183
40.9,-28.8045,-14.4355,9.3961,63.5335,20.4385,17.2275
40.92,-28.6842,-14.6752,8.6602,65.8602,23.0679,18.7429
40.94,-28.5888,-14.8941,7.8547,68.3378,26.1354,20.8123
40.96,-28.5071,-15.0951,6.9882,70.9476,30.0825,23.9695
40.98,-28.4489,-15.2692,6.0625,73.5684,35.5409,28.5716
41,-28.3756,-15.4624,4.0968,78.3021,52.9343,45.1733
41.02,-28.3574,-15.4805,3.0632,80.029,67.574,59.7075
41.04,-28.352,-15.439,2.0093,80.9549,86.6632,79.1253
41.06,-28.3618,-15.3248,0.9552,80.904,106.619,99.7352
41.08,-28.3697,-15.1668,-0.0906,79.632,124.7137,118.4654
41.1,-28.4,-14.6902,-2.1011,75.1904,147.0788,142.704
41.12,-28.4194,-14.3956,-3.0529,72.4814,153.6666,150.5698
41.14,-28.4195,-14.0687,-3.9397,69.6975,157.9933,155.1913
41.16,-28.4048,-13.7048,-4.7348,67.1576,160.7938,157.7551
41.18,-28.395,-13.3184,-5.4299,64.8056,162.7975,160.0981
41.2,-28.4069,-12.5624,-6.5447,61.0043,166.0541,165.7782
41.22,-28.4246,-12.2236,-6.9901,59.4823,167.6659,168.9216
41.24,-28.4203,-11.9301,-7.363,57.9314,168.4595,169.8085
41.26,-28.4167,-11.6788,-7.6603,56.684,169.1736,170.4923
41.28,-28.4162,-11.4839,-7.8865,55.6969,169.6789,171.1288
41.3,-28.4236,-11.278,-8.1383,54.642,170.2453,172.6875
41.32,-28.4232,-11.2649,-8.1704,54.5309,170.2259,172.9505
41.34,-28.4229,-11.3005,-8.1435,54.6727,170.1085,172.9238
41.36,-28.4225,-11.3887,-8.064,54.9941,169.9048,172.6265
41.38,-28.4266,-11.542,-7.9074,55.6452,169.6151,172.0682
41.4,-28.4445,-11.939,-7.4472,57.4979,168.882,170.7026
41.42,-28.4583,-12.1828,-7.1392,58.6982,168.3623,169.7949
41.44,-28.4749,-12.4489,-6.7798,60.0544,167.7263,168.6653
41.46,-28.4972,-12.7341,-6.3753,61.535,166.9577,167.2467
41.48,-28.5278,-13.0357,-5.9276,63.1253,166.0793,165.5601
41.5,-28.6226,-13.6797,-4.8893,66.6655,163.7806,161.2174
41.52,-28.6889,-14.0188,-4.2806,68.708,162.1786,158.7261
41.54,-28.7645,-14.3599,-3.5926,71.0031,160.0206,156.0684
41.56,-28.853,-14.6992,-2.8306,73.4994,156.9882,153.2095
41.58,-28.9461,-15.0346,-1.9996,76.0387,152.4026,149.3232
41.6,-29.1233,-15.6319,-0.1483,80.8866,133.352,131.9554
41.62,-29.1978,-15.8873,0.8479,82.5461,114.1897,113.4239
41.64,-29.2748,-16.0875,1.8756,83.0279,87.9938,87.98
41.66,-29.3537,-16.2355,2.9206,82.0606,63.5933,64.6468
41.68,-29.4304,-16.3229,3.9716,80.0601,46.2093,48.7781
41.7,-29.5689,-16.2315,6.0533,74.6055,27.8599,33.2992
41.72,-29.6487,-16.037,7.0512,71.6027,22.6384,29.4266
41.74,-29.7245,-15.7604,8.005,68.5882,18.8074,26.8224
41.76,-29.7942,-15.4171,8.9059,65.6674,15.9044,24.7147
41.78,-29.8829,-14.9989,9.7387,62.8857,13.4642,22.474
41.8,-30.036,-14.066,11.195,57.8322,9.8444,18.1554
41.82,-30.0901,-13.5759,11.8112,55.5483,8.5424,16.3208
41.84,-30.1274,-13.0679,12.3552,53.4086,7.4937,14.5569
41.86,-30.1364,-12.6017,12.8304,51.5403,6.8049,12.9379
41.88,-30.149,-12.1464,13.2313,49.805,6.0832,11.4002
41.9,-30.0485,-11.3866,13.847,47.1108,5.4818,8.4605
41.92,-29.9691,-11.0854,14.0502,46.1626,5.4278,7.3251
41.94,-29.8644,-10.8554,14.2005,45.4482,5.5523,6.7379
41.96,-29.7495,-10.6907,14.2812,45.0194,5.8292,6.3285
41.98,-29.6062,-10.5742,14.3176,44.7767,6.3175,6.0378
42,-29.2845,-10.5407,14.2556,44.964,7.6687,5.8798
42.02,-29.1269,-10.6161,14.1583,45.3043,8.3992,6.5112
42.04,-28.9711,-10.7594,14.0163,45.9223,9.3144,7.4385
42.06,-28.8022,-10.936,13.8362,46.7094,10.3739,8.1397
42.08,-28.634,-11.1526,13.6088,47.6738,11.5395,8.7167
42.1,-28.337,-11.6619,13.0002,50.0375,14.0552,9.7095
42.12,-28.2118,-11.98,12.617,51.526,15.3779,10.5941
42.14,-28.1191,-12.3197,12.1726,53.2351,16.6529,11.6633
42.16,-28.04,-12.6814,11.6648,55.1775,18.0646,12.5393
42.18,-27.9771,-13.0692,11.0936,57.383,19.5761,13.3199
42.2,-27.914,-13.8374,9.7191,62.4076,23.2963,14.6461
42.22,-27.9233,-14.1952,8.9066,65.177,25.5248,15.8438
42.24,-27.9602,-14.5267,8.0104,68.004,27.6797,17.819
42.26,-28.0212,-14.8295,7.0266,71.1342,31.2965,21.3935
42.28,-28.0841,-15.0775,5.9736,74.2778,36.9752,26.7171
42.3,-28.2355,-15.3396,3.6981,79.7066,58.142,47.0564
42.32,-28.3214,-15.36,2.513,81.4775,77.2386,66.6859
42.34,-28.413,-15.308,1.3068,81.9211,103.2028,93.9219
42.36,-28.4825,-15.1689,0.1093,80.5629,126.6557,117.8794
42.38,-28.536,-14.9383,-1.0576,78.1099,141.8371,133.1834
42.4,-28.6205,-14.2705,-3.2102,72.3558,157.389,150.1351
42.42,-28.663,-13.8701,-4.1802,69.3737,161.9087,156.3116
42.44,-28.693,-13.4471,-5.0691,66.4053,165.3323,161.1953
42.46,-28.6935,-13.0098,-5.8564,63.601,167.2973,163.488
42.48,-28.6762,-12.5721,-6.5286,61.1091,168.4534,164.6183
42.5,-28.6509,-11.7871,-7.5329,57.2057,170.1628,168.1177
42.52,-28.6456,-11.4781,-7.8885,55.7763,170.8347,170.2207
42.54,-28.6342,-11.2342,-8.1566,54.6508,171.3293,171.8123
42.56,-28.6168,-11.0573,-8.3478,53.8187,171.5953,172.591
42.58,-28.5967,-10.9525,-8.4603,53.2886,171.7269,172.9023
42.6,-28.5633,-10.9548,-8.4769,53.1726,171.6989,173.2322
42.62,-28.5479,-11.0462,-8.3978,53.5274,171.5171,173.287
42.64,-28.5235,-11.2208,-8.2338,54.2292,171.0895,172.948
42.66,-28.5002,-11.4244,-8.0199,55.1788,170.5664,172.3591
42.68,-28.4767,-11.673,-7.7538,56.2884,169.9336,171.6009
42.7,-28.4436,-12.2466,-7.079,59.2034,168.6995,170.5712
42.72,-28.4214,-12.55,-6.6809,60.8236,167.8754,169.6465
42.74,-28.3907,-12.851,-6.2513,62.4262,166.719,168.0247
42.76,-28.3566,-13.1451,-5.7975,64.0231,165.3097,165.9361
42.78,-28.3175,-13.4284,-5.3161,65.6116,163.6392,163.2728
42.8,-28.2496,-13.987,-4.2784,68.8579,159.4197,157.1196
42.82,-28.2225,-14.2604,-3.697,70.6218,156.4485,153.2195
42.84,-28.2031,-14.5381,-3.0536,72.5192,152.643,148.9819
42.86,-28.1986,-14.8134,-2.347,74.5326,147.5027,143.9664
42.88,-28.1981,-15.0806,-1.5665,76.5633,140.3467,137.25
42.9,-28.2296,-15.5658,0.1747,79.897,116.2764,114.6359
42.92,-28.249,-15.7752,1.1181,80.4999,98.6574,97.4985
42.94,-28.2795,-15.9264,2.1069,80.1982,79.8123,79.1431
42.96,-28.3281,-16.0305,3.1182,79.0478,63.1317,63.2104
42.98,-28.3904,-16.0728,4.148,77.2191,50.5114,51.3282
43,-28.5636,-15.9245,6.2195,72.3291,33.3553,36.3187
43.02,-28.6834,-15.7159,7.227,69.5016,27.5788,31.8913
43.04,-28.8118,-15.43,8.1996,66.5934,23.089,28.6812
43.06,-28.9377,-15.0872,9.1308,63.694,19.6178,26.1747
43.08,-29.0997,-14.6887,9.9901,60.8779,16.5373,23.9416
43.1,-29.4115,-13.8388,11.5109,55.7071,11.8688,20.448
43.12,-29.5655,-13.3668,12.1612,53.2465,10.021,18.6409
43.14,-29.7061,-12.9107,12.7305,51.0719,8.623,17.2725
43.16,-29.8243,-12.4635,13.2226,49.1018,7.5651,16.1576
43.18,-29.9309,-12.0388,13.6366,47.2849,6.5383,15.0667
43.2,-30.0962,-11.392,14.2391,44.657,5.088,13.6139
43.22,-30.1352,-11.1525,14.4405,43.7834,4.6948,12.8138
43.24,-30.1589,-10.9935,14.5659,43.2232,4.4211,12.1778
43.26,-30.1414,-10.9114,14.6358,42.9848,4.3853,11.7951
43.28,-30.1343,-10.8995,14.6299,43.0259,4.3515,11.6952
43.3,-30.0312,-11.1178,14.439,44.1085,4.8861,11.7277
43.32,-29.935,-11.3383,14.247,45.1089,5.4559,11.7343
43.34,-29.8467,-11.6199,13.9899,46.3957,6.1036,11.8499
43.36,-29.7412,-11.9499,13.6713,47.9285,6.8982,12.1134
43.38,-29.6361,-12.3311,13.2715,49.7381,7.8645,12.4994
43.4,-29.386,-13.1677,12.2579,53.9851,10.4802,13.1224
43.42,-29.2512,-13.5914,11.6346,56.3955,12.1587,13.5181
43.44,-29.1386,-14.0162,10.9214,58.9823,13.9512,14.2592
43.46,-29.0321,-14.4486,10.1334,61.8139,16.0688,15.6245
43.48,-28.9366,-14.8567,9.2586,64.817,18.6119,17.4114
43.5,-28.7725,-15.4799,7.2682,70.8439,25.9364,22.5061
43.52,-28.7154,-15.6887,6.162,73.8554,31.516,27.5655
43.54,-28.6802,-15.8348,4.9957,76.8485,39.3016,35.4772
43.56,-28.6612,-15.905,3.7851,79.5407,51.6953,48.0768
43.58,-28.6404,-15.8919,2.5663,81.4292,71.043,67.5087
43.6,-28.635,-15.6297,0.1376,80.8953,120.1752,117.6424
43.62,-28.6451,-15.4038,-1.0385,78.7574,136.8599,135.8394
43.64,-28.657,-15.1216,-2.1666,76.0834,147.7992,148.6111
43.66,-28.6485,-14.7914,-3.2232,73.1365,154.2153,155.9361
43.68,-28.6355,-14.4104,-4.1965,70.2467,158.319,160.6485
43.7,-28.617,-13.5887,-5.8554,64.9152,163.4743,167.9877
43.72,-28.6217,-13.1826,-6.5514,62.5417,165.3496,171.6417
43.74,-28.6204,-12.793,-7.1553,60.3758,166.7411,174.3808
43.76,-28.6072,-12.4318,-7.6651,58.4978,167.6619,175.9677
43.78,-28.5895,-12.1076,-8.0828,56.8751,168.2571,176.8461
43.8,-28.5689,-11.6286,-8.6428,54.6023,169.0869,178.5524
43.82,-28.571,-11.4942,-8.799,54.0141,169.4438,179.8993
43.84,-28.5735,-11.4287,-8.8816,53.7655,169.6454,181.0078
43.86,-28.5687,-11.4329,-8.8932,53.7866,169.6618,181.6166
43.88,-28.5602,-11.4884,-8.8449,54.0361,169.5269,181.6713
43.9,-28.5316,-11.8046,-8.5513,55.1739,168.82,180.3883
43.92,-28.5201,-12.0408,-8.3181,56.0953,168.321,179.4282
43.94,-28.5064,-12.324,-8.0218,57.2398,167.6539,178.28
43.96,-28.4894,-12.6435,-7.6565,58.626,166.7797,176.9551
43.98,-28.4683,-12.9933,-7.2239,60.2336,165.5963,175.2616
44,-28.4265,-13.7512,-6.1368,64.07,162.2958,170.9014
44.02,-28.4104,-14.1521,-5.4798,66.2161,160.0078,167.9432
44.04,-28.4001,-14.5529,-4.7426,68.4437,157.1194,164.1739
44.06,-28.3985,-14.946,-3.9256,70.7913,153.3888,159.3481
44.08,-28.4067,-15.3218,-3.033,73.2236,148.4994,153.4216
44.1,-28.4397,-15.9752,-1.0271,77.8621,131.8587,134.7507
44.12,-28.4641,-16.2297,0.0743,79.6831,117.1803,119.2997
44.14,-28.5002,-16.4217,1.2312,80.6387,97.1562,99.2696
44.16,-28.5498,-16.5404,2.4288,80.2892,74.7902,77.5734
44.18,-28.6035,-16.5766,3.6528,78.5945,55.9734,59.675
44.2,-28.7465,-16.3913,6.0774,73.0391,33.837,39.4346
44.22,-28.8399,-16.1794,7.2389,69.8859,27.7754,34.3855
44.24,-28.959,-15.8701,8.3438,66.6204,22.8754,30.5944
44.26,-29.092,-15.4887,9.3742,63.4496,19.2639,28.251
44.28,-29.2359,-15.0273,10.3218,60.3629,16.479,25.9141
44.3,-29.5606,-13.9638,11.912,54.6491,11.6361,21.8405
44.32,-29.7127,-13.3952,12.5697,52.1206,9.8012,19.76
44.34,-29.8655,-12.8258,13.1344,49.8213,8.1603,17.6018
44.36,-30.0062,-12.3001,13.6062,47.8315,6.7583,15.5343
44.38,-30.1258,-11.8256,14.0042,46.1182,5.5897,13.6514
44.4,-30.3123,-11.0292,14.5788,43.4186,3.7911,10.66
44.42,-30.3589,-10.7652,14.7696,42.5368,3.2935,9.6425
44.44,-30.3751,-10.5534,14.9044,41.8579,3.0024,8.9102
44.46,-30.3714,-10.4646,14.9713,41.5621,2.8734,8.5847
44.48,-30.341,-10.4403,14.9821,41.5032,2.9416,8.6475
44.5,-30.1825,-10.7007,14.8199,42.5056,3.7537,9.3938
44.52,-30.0601,-10.9339,14.6326,43.4881,4.4637,9.715
44.54,-29.9171,-11.2454,14.3802,44.8214,5.3688,9.9976
44.56,-29.7609,-11.605,14.0618,46.3879,6.44,10.349
44.58,-29.5936,-12.0111,13.6732,48.2098,7.6325,11.0288
44.6,-29.2393,-12.9074,12.6678,52.5197,10.6465,13.0043
44.62,-29.0477,-13.3595,12.0561,54.894,12.618,13.9892
44.64,-28.8701,-13.7958,11.3615,57.3924,14.8053,15.0572
44.66,-28.6983,-14.2356,10.5964,60.0231,17.2492,16.8066
44.68,-28.5376,-14.6511,9.761,62.791,20.0731,19.2531
44.7,-28.2539,-15.3202,7.8708,68.3256,28.0484,25.3647
44.72,-28.1464,-15.548,6.8168,71.0305,33.5406,29.9482
44.74,-28.0524,-15.7173,5.7134,73.6215,40.6837,36.6245
44.76,-27.9984,-15.8289,4.5589,76.1214,49.5016,46.0148
44.78,-27.956,-15.8822,3.3726,78.2546,63.1246,60.0709
44.8,-27.8866,-15.7371,0.9872,79.4343,100.9377,97.5089
44.82,-27.8693,-15.5515,-0.1759,78.2835,118.4192,115.2866
44.84,-27.8681,-15.3153,-1.307,76.3562,131.83,129.7458
44.86,-27.8714,-15.0292,-2.3837,73.9957,141.5703,140.8848
44.88,-27.8611,-14.6957,-3.3917,71.3682,148.0089,148.0184
44.9,-27.8313,-13.9158,-5.14,66.1965,155.4764,156.25
44.92,-27.8323,-13.5125,-5.872,63.8644,158.003,159.8056
44.94,-27.8485,-13.1279,-6.5175,61.7531,160.1791,163.606
44.96,-27.8647,-12.769,-7.0763,59.8445,161.8708,166.6938
44.98,-27.8747,-12.4449,-7.5457,58.1592,163.0428,168.7804
45,-27.8876,-11.9426,-8.222,55.655,164.4984,171.4528
45.02,-27.9002,-11.782,-8.4436,54.8172,164.9836,172.6021
45.04,-27.9164,-11.6912,-8.5932,54.2808,165.3856,173.8434
45.06,-27.9297,-11.6661,-8.6728,54.0367,165.5976,174.7487
45.08,-27.9357,-11.702,-8.6819,54.0752,165.5662,175.1933
45.1,-27.9378,-11.9422,-8.4937,54.9185,165.0242,175.1416
45.12,-27.9396,-12.1407,-8.3066,55.7287,164.5939,174.8864
45.14,-27.9388,-12.3846,-8.0634,56.6861,164.0537,174.4085
45.16,-27.9338,-12.6609,-7.7603,57.8306,163.3429,173.5588
45.18,-27.9216,-12.961,-7.3969,59.1341,162.347,172.1214
45.2,-27.8954,-13.6011,-6.4926,62.2317,159.6076,168.2204
45.22,-27.8899,-13.9372,-5.9539,63.9695,157.8463,166.0364
45.24,-27.8877,-14.2708,-5.3539,65.8608,155.6625,163.2292
45.26,-27.8884,-14.5972,-4.6898,67.8712,152.8415,159.4585
45.28,-27.8942,-14.9086,-3.9512,69.9927,149.1647,154.6151
45.3,-27.9551,-15.479,-2.2506,74.4286,137.9236,141.4807
45.32,-28.0097,-15.7229,-1.2741,76.5986,128.6926,131.6151
45.34,-28.0895,-15.9292,-0.2159,78.4955,115.3348,118.2126
45.36,-28.1993,-16.0794,0.9202,79.6979,96.5546,99.9426
45.38,-28.3182,-16.1789,2.1168,79.5745,75.0438,78.7418
45.4,-28.6322,-16.1854,4.5799,75.8359,41.9229,46.8693
45.42,-28.8208,-16.102,5.8066,73.0603,32.6071,38.3435
45.44,-29.0356,-15.9486,7,70.0757,25.5336,32.5856
45.46,-29.2687,-15.7271,8.1337,66.9259,20.277,29.0807
45.48,-29.522,-15.4241,9.1855,63.7354,15.9002,26.5051
45.5,-30.048,-14.6395,11.0198,57.5347,9.4364,22.8285
45.52,-30.3222,-14.1765,11.7862,54.7336,6.828,21.2249
45.54,-30.5905,-13.7268,12.4479,52.2946,4.6931,19.7444
45.56,-30.8413,-13.2687,13.0269,50.0043,2.8032,18.0043
45.58,-31.0866,-12.8336,13.5026,48.0557,1.1637,16.7251
45.6,-31.5058,-12.0613,14.1918,44.8991,358.6038,14.5948
45.62,-31.6637,-11.7683,14.4249,43.7977,357.7148,13.6783
45.64,-31.7931,-11.5235,14.5983,42.8875,356.9854,12.7828
45.66,-31.9216,-11.3866,14.6899,42.3697,356.3514,12.1203
45.68,-31.9987,-11.2983,14.7471,42.0606,355.923,11.6223
45.7,-32.0871,-11.3965,14.6457,42.5373,355.5397,11.061
45.72,-32.0776,-11.5863,14.4894,43.3846,355.6816,10.7419
45.74,-32.0501,-11.8445,14.2611,44.5175,355.8936,10.338
45.76,-31.993,-12.1486,13.9703,45.9279,356.2755,9.9148
45.78,-31.9001,-12.5502,13.608,47.7486,356.8771,9.6359
45.8,-31.617,-13.4077,12.6647,52.0973,358.6269,9.0604
45.82,-31.4489,-13.8878,12.0534,54.6986,359.83,8.953
45.84,-31.281,-14.3584,11.3534,57.4911,1.1235,9.1315
45.86,-31.0865,-14.8309,10.5797,60.4809,2.7345,9.8428
45.88,-30.8787,-15.2858,9.727,63.6015,4.7029,10.8817
45.9,-30.4405,-16.0118,7.7881,69.8504,10.3826,14.5233
45.92,-30.2374,-16.284,6.7037,72.9637,14.244,18.1576
45.94,-30.022,-16.5145,5.5673,76.2191,20.4084,24.4604
45.96,-29.8146,-16.6669,4.3884,79.2888,30.073,34.2799
45.98,-29.6092,-16.7288,3.1767,81.8071,46.1076,50.2104
46,-29.1885,-16.5891,0.7599,82.8549,101.3228,105.7261
46.02,-29.0004,-16.4039,-0.4211,81.1164,123.6719,129.311
46.04,-28.8048,-16.1526,-1.5567,78.5592,136.7346,143.2771
46.06,-28.5959,-15.8298,-2.6255,75.6328,143.8582,150.4424
46.08,-28.3922,-15.4432,-3.6175,72.6955,148.2818,154.7055
46.1,-28.0409,-14.5637,-5.3601,67.0852,154.0256,160.7951
46.12,-27.9031,-14.1068,-6.1061,64.5125,156.1818,163.6038
46.14,-27.7773,-13.6549,-6.7618,62.1647,157.725,165.333
46.16,-27.6662,-13.2195,-7.3257,59.992,158.7552,166.157
46.18,-27.5736,-12.8116,-7.7911,58.1537,159.5713,166.7355
46.2,-27.4556,-12.156,-8.459,55.3191,160.7602,167.7183
46.22,-27.4351,-11.927,-8.6685,54.4002,161.324,168.5061
46.24,-27.4347,-11.7776,-8.8007,53.8341,161.8011,169.3183
46.26,-27.4491,-11.7039,-8.857,53.6123,162.1283,169.8258
46.28,-27.475,-11.7095,-8.8432,53.6782,162.3272,170.062
46.3,-27.5719,-11.9436,-8.6245,54.6533,162.4644,169.9153
46.32,-27.6381,-12.1696,-8.4171,55.5718,162.4222,169.6595
46.34,-27.7122,-12.4466,-8.1458,56.7314,162.1882,169.0585
46.36,-27.7943,-12.7698,-7.8031,58.1296,161.7985,168.329
46.38,-27.8875,-13.1252,-7.3901,59.7836,161.3134,167.7136
46.4,-28.0826,-13.8896,-6.3541,63.6433,159.5815,165.1714
46.42,-28.1768,-14.2875,-5.7311,65.7406,158.1659,162.8303
46.44,-28.2757,-14.6839,-5.0382,67.9699,156.4064,160.0517
46.46,-28.369,-15.0754,-4.2706,70.2977,153.9737,156.4634
46.48,-28.4589,-15.4519,-3.4341,72.7035,150.49,151.8507
46.5,-28.6254,-16.1025,-1.5407,77.6271,137.836,137.3872
46.52,-28.6981,-16.3682,-0.4941,79.7972,125.6911,124.6007
46.54,-28.7671,-16.5711,0.6234,81.3526,106.6489,105.4611
46.56,-28.8385,-16.7138,1.7909,81.6544,81.8466,81.206
46.58,-28.9057,-16.7884,2.9997,80.3264,58.8364,59.299
46.6,-29.0499,-16.6988,5.4428,74.735,32.7573,35.7887
46.62,-29.1424,-16.5112,6.6437,71.43,25.9227,30.536
46.64,-29.2494,-16.2575,7.795,68.0121,20.8724,27.0791
46.66,-29.3757,-15.9313,8.8743,64.7662,17.3165,25.1837
46.68,-29.4983,-15.5317,9.8828,61.6137,14.5431,23.6401
46.7,-29.7714,-14.5541,11.5943,55.7788,10.5673,19.9921
46.72,-29.894,-14.0017,12.3125,53.1037,8.9608,18.1628
46.74,-30.0472,-13.4484,12.9075,50.7544,7.4066,16.3924
46.76,-30.1733,-12.9062,13.4202,48.6125,6.0744,14.6817
46.78,-30.2721,-12.4148,13.8493,46.8075,5.0483,12.7617
46.8,-30.4377,-11.5542,14.4723,43.9117,3.4504,9.1701
46.82,-30.4906,-11.2404,14.681,42.9086,2.9071,7.7608
46.84,-30.5235,-11.0079,14.8304,42.2015,2.5235,6.5963
46.86,-30.5232,-10.8815,14.9331,41.8378,2.3273,5.7592
46.88,-30.5034,-10.8524,14.9701,41.834,2.3032,4.9094
46.9,-30.3958,-11.0084,14.8648,42.732,2.87,3.5831
46.92,-30.2656,-11.2209,14.7028,43.5914,3.5461,3.4192
46.94,-30.1762,-11.4888,14.4587,44.7839,4.1599,3.5685
46.96,-30.0406,-11.7903,14.167,46.1709,5.0319,4.0014
46.98,-29.9138,-12.1559,13.7848,47.8839,6.011,4.5441
47,-29.6092,-12.9926,12.8258,51.8776,8.6168,6.1753
47.02,-29.4483,-13.4468,12.2404,54.1655,10.1665,7.1559
47.04,-29.2885,-13.9243,11.5739,56.6544,12.0418,8.3245
47.06,-29.1316,-14.3945,10.831,59.3035,14.1656,9.7743
47.08,-28.9921,-14.8439,9.9997,62.1174,16.6073,11.6161
47.1,-28.7343,-15.5908,8.0812,67.9661,23.2909,17.0115
47.12,-28.6173,-15.8724,6.9978,70.9687,28.3347,21.6076
47.14,-28.5159,-16.0744,5.8487,73.877,34.8213,28.0834
47.16,-28.4319,-16.1882,4.6444,76.6366,44.2418,37.7644
47.18,-28.3465,-16.2072,3.4078,78.8738,57.8396,51.4445
47.2,-28.1857,-15.9886,0.8955,80.2083,99.5477,93.5447
47.22,-28.1287,-15.7725,-0.3499,78.9712,119.1155,114.0884
47.24,-28.0627,-15.4942,-1.5501,76.6783,133.7221,129.4875
47.26,-27.9782,-15.1482,-2.6862,73.8402,142.5919,138.2219
47.28,-27.8887,-14.7381,-3.7326,70.8338,148.0707,143.3108
47.3,-27.7543,-13.819,-5.534,65.2617,155.0251,151.4709
47.32,-27.7117,-13.3515,-6.2981,62.7204,157.5677,155.2445
47.34,-27.6765,-12.9028,-6.9743,60.4297,159.6182,158.3616
47.36,-27.6353,-12.479,-7.5533,58.2292,160.9107,159.8905
47.38,-27.5977,-12.0963,-8.0354,56.4052,161.5073,160.3886
47.4,-27.5631,-11.5199,-8.7047,53.7616,162.8147,163.1796
47.42,-27.5626,-11.3441,-8.9117,52.9853,163.2831,164.8224
47.44,-27.5654,-11.2511,-9.0458,52.5121,163.5825,166.1637
47.46,-27.5657,-11.2328,-9.107,52.3253,163.638,166.7334
47.48,-27.5625,-11.2849,-9.0969,52.3741,163.4883,166.5797
47.5,-27.5683,-11.6031,-8.8641,53.2807,162.929,165.5507
47.52,-27.5755,-11.8576,-8.6438,54.2265,162.4849,165.0369
47.54,-27.5796,-12.154,-8.3473,55.4329,161.8314,164.3437
47.56,-27.5774,-12.4873,-7.9778,56.8535,160.8665,163.299
47.58,-27.5698,-12.8465,-7.5353,58.4879,159.6324,161.8356
47.6,-27.5452,-13.6147,-6.458,62.1486,156.1441,157.0497
47.62,-27.5351,-14.0178,-5.8262,64.1081,153.7726,153.7425
47.64,-27.53,-14.4211,-5.1186,66.2087,150.7843,149.748
47.66,-27.5342,-14.8225,-4.3381,68.4178,146.9726,145.1061
47.68,-27.5541,-15.2087,-3.4803,70.7407,142.088,139.812
47.7,-27.6139,-15.9076,-1.5632,74.9678,126.8748,123.6676
47.72,-27.6491,-16.2012,-0.5145,76.54,115.6769,111.8335
47.74,-27.7107,-16.4327,0.5807,77.6627,101.8788,97.8691
47.76,-27.7759,-16.6075,1.7138,77.954,85.9209,81.9802
47.78,-27.8616,-16.6987,2.8678,77.2844,70.1301,66.5589
47.8,-28.064,-16.6588,5.1766,73.765,45.7248,43.3443
47.82,-28.1851,-16.5239,6.2952,71.3235,37.7064,35.8415
47.84,-28.3397,-16.3127,7.3633,68.7623,31.3668,30.0939
47.86,-28.5129,-16.0414,8.3702,66.171,26.3328,25.8787
47.88,-28.7043,-15.7062,9.3063,63.5585,22.2505,22.463
47.9,-29.1215,-14.8646,10.9436,58.3556,15.8331,17.26
47.92,-29.3509,-14.4136,11.6235,55.9943,13.2901,15.0935
47.94,-29.5581,-13.9529,12.2313,53.7769,11.2595,13.0213
47.96,-29.7763,-13.4961,12.757,51.7722,9.354,11.4295
47.98,-29.9845,-13.0734,13.1983,49.9829,7.6929,9.8481
48,-30.3242,-12.3703,13.8707,47.1647,5.29,7.1166
48.02,-30.4701,-12.0879,14.1022,46.1205,4.2899,6.0953
48.04,-30.5926,-11.8846,14.265,45.354,3.4975,5.3709
48.06,-30.6894,-11.7676,14.362,44.9041,2.9492,4.9026
48.08,-30.7578,-11.7114,14.4031,44.7198,2.5557,4.7025
48.1,-30.802,-11.838,14.3059,45.2209,2.4018,4.7975
48.12,-30.7996,-12.0228,14.1284,46.0127,2.5779,4.9798
48.14,-30.745,-12.2677,13.9043,47.0559,3.0695,5.3359
48.16,-30.6802,-12.5601,13.609,48.3638,3.6302,5.8987
48.18,-30.5789,-12.8951,13.2599,49.9036,4.4668,6.6156
48.2,-30.3764,-13.675,12.3095,53.7627,6.4634,8.176
48.22,-30.2646,-14.1012,11.7224,56.0056,7.7852,9.1339
48.24,-30.1245,-14.5302,11.0795,58.406,9.4086,10.2275
48.26,-29.9913,-14.9556,10.3609,60.9662,11.2607,11.5459
48.28,-29.8602,-15.3698,9.5679,63.6646,13.4675,13.4062
48.3,-29.5951,-16.0576,7.7966,69.1424,19.6783,18.9564
48.32,-29.4782,-16.3082,6.8194,71.8576,24.0213,23.0781
48.34,-29.3655,-16.508,5.7908,74.5073,29.7909,28.9944
48.36,-29.2645,-16.6436,4.7294,77.102,37.5129,37.2561
48.38,-29.1615,-16.7078,3.6368,79.4013,49.1587,48.8617
48.4,-28.9462,-16.5862,1.4242,81.552,86.9908,85.5895
48.42,-28.8454,-16.3993,0.336,80.9891,107.574,106.087
48.44,-28.7493,-16.1473,-0.7243,79.5181,124.0312,122.9442
48.46,-28.6519,-15.8485,-1.7514,77.3913,135.8987,135.1516
48.48,-28.543,-15.5021,-2.7256,74.9161,143.6035,142.6072
48.5,-28.3267,-14.7227,-4.4732,69.6415,152.4113,150.8471
48.52,-28.2362,-14.3148,-5.2301,67.227,155.1276,153.9948
48.54,-28.1569,-13.9199,-5.9082,64.9838,157.2535,157.0651
48.56,-28.0769,-13.5457,-6.4994,62.9448,158.7356,159.3362
48.58,-27.9973,-13.2015,-7.0076,61.1715,159.5996,160.6397
48.6,-27.8699,-12.6348,-7.7722,58.3621,160.7733,162.9355
48.62,-27.8252,-12.435,-8.0414,57.3064,161.2082,163.9832
48.64,-27.7921,-12.2976,-8.2405,56.5131,161.5681,164.9365
48.66,-27.7633,-12.2205,-8.3683,55.9778,161.6786,165.2622
48.68,-27.7381,-12.2035,-8.4179,55.7172,161.5856,165.0684
48.7,-27.7179,-12.3362,-8.3082,56.0041,161.1107,164.085
48.72,-27.726,-12.5179,-8.1251,56.6539,160.7262,163.387
48.74,-27.7437,-12.7435,-7.886,57.523,160.2826,162.6576
48.76,-27.7665,-13.014,-7.5739,58.6386,159.6254,161.4713
48.78,-27.7926,-13.3245,-7.1889,59.964,158.7269,159.8461
48.8,-27.8678,-14.0405,-6.1924,63.313,156.1726,156.1008
48.82,-27.9175,-14.4289,-5.5789,65.2891,154.3973,153.938
48.84,-27.9711,-14.8204,-4.888,67.4418,151.9796,150.9704
48.86,-28.0237,-15.2018,-4.112,69.7242,148.5459,146.6387
48.88,-28.0821,-15.5609,-3.2511,72.0885,143.8055,140.9019
48.9,-28.2289,-16.193,-1.2759,76.7985,127.6925,124.1256
48.92,-28.3115,-16.4468,-0.1818,78.6015,114.4431,110.9103
48.94,-28.4054,-16.6404,0.9621,79.6841,96.9373,93.4816
48.96,-28.5027,-16.7755,2.1404,79.6383,77.483,73.9948
48.98,-28.6043,-16.85,3.3355,78.4904,60.0315,56.5241
49,-28.8423,-16.7374,5.7317,73.9407,36.2958,33.7958
49.02,-28.987,-16.5515,6.8899,71.0607,28.8873,27.6194
49.04,-29.1418,-16.275,7.9992,67.9758,23.2309,23.3582
49.06,-29.3024,-15.9239,9.0454,64.8794,19.1685,20.3999
49.08,-29.4719,-15.5091,10.0113,61.8559,16.0249,18.0561
49.1,-29.8432,-14.4859,11.6739,55.9162,10.8963,14.3431
49.12,-30.012,-13.9346,12.3671,53.2427,8.9823,12.8077
49.14,-30.2045,-13.3662,12.9555,50.8063,7.2081,11.1204
49.16,-30.3584,-12.8256,13.4709,48.6185,5.8137,9.3669
49.18,-30.4948,-12.3414,13.8955,46.7968,4.6196,7.5696
49.2,-30.7076,-11.4954,14.5142,43.9361,2.833,4.2353
49.22,-30.7719,-11.1707,14.7192,42.9241,2.2299,2.904
49.24,-30.8111,-10.9374,14.8626,42.1858,1.8425,2.0387
49.26,-30.8141,-10.7973,14.9527,41.7692,1.6569,1.6014
49.28,-30.8163,-10.7447,14.9734,41.602,1.5939,1.6672
49.3,-30.6951,-10.8899,14.9026,42.0892,2.0931,2.6453
49.32,-30.5684,-11.1151,14.7475,42.912,2.8259,3.2586
49.34,-30.436,-11.3642,14.5447,43.8845,3.6684,3.9514
49.36,-30.2811,-11.6951,14.277,45.1598,4.6917,4.9021
49.38,-30.1273,-12.0854,13.9388,46.727,5.7833,5.9829
49.4,-29.7642,-12.9827,13.0691,50.5807,8.5572,8.3833
49.42,-29.5697,-13.4459,12.5194,52.7967,10.3277,9.3009
49.44,-29.3669,-13.9093,11.8834,55.1951,12.3861,10.1141
49.46,-29.179,-14.3673,11.16,57.7269,14.7056,11.3931
49.48,-29.0043,-14.8097,10.3535,60.4303,17.2003,13.4339
49.5,-28.6807,-15.6183,8.4821,66.3532,24.0183,18.9853
49.52,-28.5279,-15.9205,7.4221,69.2437,29.0892,22.7337
49.54,-28.3902,-16.1372,6.2984,71.9351,35.3982,28.3955
49.56,-28.2756,-16.2773,5.1153,74.4786,43.5981,36.8565
49.58,-28.1808,-16.342,3.886,76.7734,54.5796,48.8807
49.6,-27.9692,-16.2327,1.3463,78.8703,90.0756,84.1649
49.62,-27.8667,-16.0306,0.0864,78.0042,108.5932,102.4443
49.64,-27.7685,-15.7448,-1.1316,76.2096,123.0377,117.3965
49.66,-27.682,-15.389,-2.2988,73.8937,133.6258,129.2549
49.68,-27.603,-14.9811,-3.4096,71.3411,141.4297,138.5253
49.7,-27.4164,-14.0492,-5.4035,65.429,150.5379,148.1953
49.72,-27.3337,-13.5476,-6.2601,62.6402,153.2689,151.3072
49.74,-27.2652,-13.053,-7.0201,60.0753,155.421,154.3252
49.76,-27.2071,-12.5798,-7.6875,57.656,157.1335,157.088
49.78,-27.1519,-12.1463,-8.263,55.4749,158.3639,159.1287
49.8,-27.0536,-11.4362,-9.1295,51.9733,159.7163,161.5569
49.82,-27.0174,-11.1817,-9.4227,50.766,160.0528,162.4642
49.84,-26.9913,-11.0092,-9.6277,49.8981,160.264,163.3415
49.86,-26.9759,-10.9214,-9.7468,49.4399,160.354,164.117
49.88,-26.9657,-10.9193,-9.7764,49.3657,160.2771,164.5309
49.9,-26.9645,-11.1395,-9.5907,50.1722,159.7854,164.1727
49.92,-26.9772,-11.3847,-9.3603,51.178,159.3088,163.3672
49.94,-27.0022,-11.6856,-9.0604,52.4132,158.8051,162.4624
49.96,-27.0391,-12.0506,-8.6829,53.926,158.144,161.3475
49.98,-27.0863,-12.4692,-8.2233,55.711,157.2901,160.0227
50,-27.2166,-13.4197,-7.0594,59.9711,154.6538,156.6524
50.02,-27.2946,-13.9309,-6.3488,62.4434,152.6137,154.2275
50.04,-27.3849,-14.4499,-5.5553,65.0426,149.9912,151.381
50.06,-27.485,-14.963,-4.6837,67.6999,146.6207,147.8042
50.08,-27.5897,-15.4542,-3.7339,70.3411,142.0804,142.8038
50.1,-27.8111,-16.3199,-1.6224,75.3013,127.3074,127.0768
50.12,-27.9227,-16.663,-0.4665,77.2577,115.1408,114.5338
50.14,-28.0459,-16.9219,0.7395,78.5192,98.9837,98.4521
50.16,-28.1623,-17.0936,1.993,78.7128,80.2283,80.1907
50.18,-28.2902,-17.1623,3.2588,77.6432,62.3654,62.8138
50.2,-28.553,-17.0329,5.7673,73.1641,38.6984,40.6154
50.22,-28.7147,-16.8348,6.9624,70.3326,31.234,34.0611
50.24,-28.8878,-16.5685,8.0983,67.4025,25.5239,29.5534
50.26,-29.0696,-16.2214,9.1676,64.2766,20.8965,25.8331
50.28,-29.2623,-15.8069,10.1515,61.1687,17.0111,22.8324
50.3,-29.6883,-14.8295,11.8186,55.3654,11.4021,18.3833
50.32,-29.9037,-14.2959,12.5044,52.7413,9.3051,16.8255
50.34,-30.1139,-13.7584,13.0912,50.3963,7.4651,15.3177
50.36,-30.3137,-13.2456,13.5828,48.3245,5.955,13.5444
50.38,-30.5022,-12.7588,13.9854,46.5415,4.6232,11.5792
50.4,-30.8314,-11.9364,14.554,43.8996,2.4398,7.7903
50.42,-30.9574,-11.6067,14.7351,43.009,1.6502,5.7931
50.44,-31.0722,-11.3616,14.8471,42.4317,0.9801,3.8884
50.46,-31.1754,-11.1954,14.901,42.0955,0.3977,2.5447
50.48,-31.2506,-11.0875,14.9257,41.9291,359.9197,1.7006
50.5,-31.3282,-11.1679,14.8417,42.433,359.5069,1.2876
50.52,-31.3094,-11.3263,14.7341,43.022,359.6438,1.3943
50.54,-31.2539,-11.5661,14.5594,43.9451,0.0945,1.6313
50.56,-31.1716,-11.824,14.3313,44.9827,0.7295,1.9385
50.58,-31.0605,-12.1489,14.0345,46.3192,1.5521,2.3377
50.6,-30.7772,-12.9195,13.2028,49.8767,3.5824,3.121
50.62,-30.6102,-13.347,12.6578,52.1104,4.8459,3.3514
50.64,-30.4294,-13.7911,12.0193,54.6157,6.3993,3.5508
50.66,-30.2292,-14.2291,11.2944,57.3081,8.2714,4.0329
50.68,-30.0355,-14.6474,10.4814,59.9997,10.2273,4.8486
50.7,-29.6611,-15.4051,8.5951,65.9434,15.525,9.013
50.72,-29.4756,-15.7267,7.5283,69.0905,19.7361,12.3574
50.74,-29.2779,-15.9815,6.4059,72.1084,25.5159,17.3691
50.76,-29.091,-16.156,5.2257,74.9099,33.2537,24.8119
50.78,-28.9234,-16.2467,3.999,77.4227,43.823,35.83
50.8,-28.5811,-16.2041,1.4879,80.3518,80.4472,73.66
50.82,-28.4117,-16.0448,0.2379,79.8265,102.085,95.8195
50.84,-28.242,-15.8053,-0.9795,78.1439,119.3252,113.9868
50.86,-28.0874,-15.4893,-2.1583,75.8099,131.4117,127.3236
50.88,-27.9412,-15.1285,-3.2926,73.021,140.3079,137.8976
50.9,-27.6161,-14.2596,-5.3253,66.8204,149.4402,147.4496
50.92,-27.4643,-13.7779,-6.1912,63.8806,151.8357,150.071
50.94,-27.3338,-13.2945,-6.9484,61.1866,153.6873,152.7552
50.96,-27.2263,-12.832,-7.6037,58.827,155.2362,155.7506
50.98,-27.1367,-12.4023,-8.1666,56.7591,156.5212,158.6189
51,-26.9657,-11.6859,-9.0187,53.3146,157.7803,161.0531
51.02,-26.8974,-11.4147,-9.3106,51.9919,158.0796,161.4774
51.04,-26.8465,-11.2177,-9.5171,51.0188,158.3173,161.9323
51.06,-26.8155,-11.0963,-9.6435,50.4279,158.4985,162.4162
51.08,-26.7998,-11.0528,-9.6921,50.1952,158.5874,162.7506
51.1,-26.8045,-11.1732,-9.5843,50.6151,158.3965,162.4287
51.12,-26.8312,-11.3577,-9.4127,51.3018,158.1592,161.8183
51.14,-26.8728,-11.5922,-9.1922,52.222,157.8892,161.1323
51.16,-26.9284,-11.8827,-8.9131,53.3746,157.5118,160.2625
51.18,-26.9974,-12.2222,-8.5701,54.7617,157.0372,159.3109
51.2,-27.1679,-13.0095,-7.693,58.1004,155.5238,156.4811
51.22,-27.2663,-13.4443,-7.156,59.9794,154.4051,154.4554
51.24,-27.3741,-13.8924,-6.554,62.0132,153.0546,152.1445
51.26,-27.4865,-14.3442,-5.888,64.18,151.3524,149.3551
51.28,-27.5976,-14.7875,-5.1515,66.4161,149.0718,145.7819
51.3,-27.8267,-15.6014,-3.4601,71.139,141.9767,136.1651
51.32,-27.9378,-15.9625,-2.5017,73.5087,136.056,129.1324
51.34,-28.0532,-16.2713,-1.4681,75.8127,127.587,119.8924
51.36,-28.1689,-16.5353,-0.3709,77.7768,115.6828,107.7373
51.38,-28.2803,-16.7367,0.7843,79.0045,99.1095,91.1088
51.4,-28.5057,-16.9564,3.2073,78.0718,61.9324,55.1186
51.42,-28.6273,-16.9619,4.4324,76.0903,48.3278,42.3198
51.44,-28.7533,-16.8846,5.6566,73.4521,37.7727,33.1536
51.46,-28.8942,-16.7382,6.839,70.6267,30.3404,27.5092
51.48,-29.0449,-16.5063,7.9691,67.6167,24.9794,23.7153
51.5,-29.3808,-15.7848,10.003,61.5271,17.4934,18.7
51.52,-29.5627,-15.331,10.8758,58.6203,14.6794,16.8887
51.54,-29.7471,-14.8224,11.6515,55.9125,12.2684,15.0067
51.56,-29.9295,-14.3046,12.3223,53.4719,10.2357,13.0319
51.58,-30.1053,-13.7786,12.9047,51.2775,8.4826,10.8761
51.6,-30.42,-12.7811,13.7965,47.705,5.7196,6.3199
51.62,-30.5493,-12.3362,14.1125,46.2971,4.7282,3.9055
51.64,-30.6375,-11.9492,14.3712,45.1294,3.9518,1.8345
51.66,-30.726,-11.6194,14.5668,44.1768,3.1911,0.3162
51.68,-30.8161,-11.3934,14.7023,43.4948,2.5248,359.3861
51.7,-30.8524,-11.1914,14.8454,42.8717,2.059,358.3871
51.72,-30.8379,-11.2111,14.8272,42.9332,2.1454,358.3707
51.74,-30.7916,-11.3114,14.7625,43.2488,2.4654,358.8466
51.76,-30.7171,-11.5003,14.6152,43.9063,2.9874,359.7086
51.78,-30.6317,-11.7583,14.4053,44.8598,3.6173,0.5959
51.8,-30.3789,-12.4092,13.7962,47.5469,5.4476,2.0226
51.82,-30.2298,-12.8147,13.3779,49.3468,6.6232,2.8125
51.84,-30.0626,-13.2451,12.8877,51.369,8.0216,3.716
51.86,-29.9045,-13.6878,12.3092,53.6225,9.5505,4.687
51.88,-29.7335,-14.1362,11.6538,56.0356,11.401,5.9494
51.9,-29.3921,-14.9866,10.1232,61.2266,15.9971,9.3309
51.92,-29.2223,-15.3905,9.246,63.9589,19.0364,11.8776
51.94,-29.0639,-15.7288,8.3098,66.7161,22.6594,15.0303
51.96,-28.9059,-16.0095,7.3086,69.3506,27.1547,18.8106
51.98,-28.7594,-16.2208,6.2542,71.9255,33.084,24.279
52,-28.5066,-16.3871,4.035,76.4046,49.9114,41.3538
52.02,-28.3838,-16.3674,2.8887,78.1153,63.3532,54.8612
52.04,-28.27,-16.2607,1.7425,78.9821,79.5324,70.6382
52.06,-28.1587,-16.0934,0.6135,78.8962,97.3777,88.3165
52.08,-28.0611,-15.8642,-0.4845,77.9443,112.799,104.0826
52.1,-27.8855,-15.2693,-2.535,74.3098,134.6395,127.6689
52.12,-27.7882,-14.9233,-3.4634,71.9232,141.0057,134.0822
52.14,-27.6997,-14.5509,-4.311,69.532,145.4649,138.6408
52.16,-27.625,-14.1763,-5.0711,67.2529,148.7939,142.4426
52.18,-27.5672,-13.8092,-5.7399,65.179,151.44,146.0621
52.2,-27.4873,-13.1454,-6.8328,61.6178,155.297,151.9694
52.22,-27.4501,-12.8643,-7.2529,60.1864,156.3804,153.3447
52.24,-27.4275,-12.627,-7.5864,59.0197,157.2463,154.613
52.26,-27.4146,-12.4477,-7.8342,58.1057,157.8826,155.738
52.28,-27.4135,-12.3324,-8.0029,57.4911,158.3675,156.8391
52.3,-27.4335,-12.2902,-8.1241,57.0903,158.7856,158.047
52.32,-27.4438,-12.3555,-8.0825,57.2293,158.6313,157.6991
52.34,-27.4617,-12.483,-7.967,57.5887,158.3504,157.0456
52.36,-27.4886,-12.6709,-7.7731,58.3016,157.9004,156.054
52.38,-27.5242,-12.9041,-7.5217,59.2013,157.3537,155.0997
52.4,-27.6107,-13.4884,-6.8172,61.6731,155.6877,152.7758
52.42,-27.6568,-13.8219,-6.3687,63.1662,154.3443,151.0234
52.44,-27.7025,-14.1772,-5.858,64.7855,152.5986,148.8213
52.46,-27.7513,-14.5429,-5.2855,66.5225,150.4088,146.1278
52.48,-27.8009,-14.9157,-4.6539,68.348,147.707,142.8994
52.5,-27.8892,-15.621,-3.1948,72.1492,139.2987,132.6433
52.52,-27.9287,-15.9395,-2.3654,73.9775,133.0009,125.3787
52.54,-27.973,-16.2182,-1.4694,75.6885,124.6157,116.2096
52.56,-28.0244,-16.4558,-0.5137,77.1182,113.738,104.9817
52.58,-28.0826,-16.6529,0.4906,78.0509,100.3117,91.5807
52.6,-28.2126,-16.9059,2.591,77.6193,70.7102,61.8053
52.62,-28.2935,-16.9477,3.6649,76.3304,58.0547,49.2995
52.64,-28.3781,-16.9302,4.7414,74.518,47.8647,39.5588
52.66,-28.4889,-16.8409,5.8009,72.3853,39.5069,32.2181
52.68,-28.6083,-16.686,6.8312,69.9983,33.0578,26.8472
52.7,-28.8733,-16.2296,8.7348,64.948,24.2118,19.787
52.72,-29.0252,-15.9304,9.5962,62.4882,20.9493,17.4209
52.74,-29.184,-15.6122,10.3812,60.146,18.2079,15.5548
52.76,-29.3483,-15.2714,11.0818,57.9209,15.786,14.0093
52.78,-29.5242,-14.9083,11.6954,55.7994,13.6841,12.5792
52.8,-29.8137,-14.2033,12.6868,52.1939,10.5978,10.1407
52.82,-29.9526,-13.8871,13.0497,50.7705,9.4207,9.1146
52.84,-30.0767,-13.6039,13.3397,49.6207,8.4036,8.0758
52.86,-30.1837,-13.3816,13.5549,48.7518,7.5751,7.1474
52.88,-30.2598,-13.1977,13.7182,48.1014,7.0014,6.2861
52.9,-30.3848,-13.0579,13.8167,47.7284,6.2534,4.8389
52.92,-30.4018,-13.0777,13.7926,47.8995,6.1767,4.4691
52.94,-30.4176,-13.1724,13.7024,48.3581,6.196,4.3255
52.96,-30.4038,-13.3564,13.529,49.1247,6.4378,4.4856
52.98,-30.3809,-13.5713,13.3008,50.1057,6.7943,4.8113
53,-30.2335,-14.1481,12.6625,52.8177,8.3041,5.4575
53.02,-30.1346,-14.4951,12.2288,54.5509,9.4079,5.9878
53.04,-30.0393,-14.845,11.7193,56.4677,10.5877,6.593
53.06,-29.9132,-15.204,11.146,58.5919,12.1191,7.1905
53.08,-29.7924,-15.5737,10.4755,60.9121,13.9302,7.9315
53.1,-29.5082,-16.1674,8.9354,65.5748,18.6226,10.2005
53.12,-29.3672,-16.4152,8.0555,68.0761,21.9367,12.4668
53.14,-29.2355,-16.6228,7.1076,70.6601,26.2049,15.7914
53.16,-29.1067,-16.7608,6.1142,73.1793,31.7705,20.5934
53.18,-28.9834,-16.8298,5.0764,75.5091,39.2051,27.5314
53.2,-28.7474,-16.7653,2.9241,79.0385,61.9044,50.1479
53.22,-28.6409,-16.6406,1.8291,79.9142,78.5388,66.8087
53.24,-28.5382,-16.4614,0.7429,79.8599,96.3637,84.7314
53.26,-28.4437,-16.2257,-0.3193,78.9026,112.7788,101.229
53.28,-28.356,-15.9544,-1.3462,77.2466,125.642,114.3854
53.3,-28.2168,-15.3225,-3.2368,73.0826,142.0144,132.4845
53.32,-28.1483,-14.9835,-4.0744,70.7951,146.59,137.6134
53.34,-28.0862,-14.6354,-4.822,68.649,149.7858,141.4814
53.36,-28.0408,-14.2973,-5.4847,66.657,152.3659,145.0706
53.38,-28.0078,-13.9792,-6.0594,64.8682,154.4596,148.2788
53.4,-27.9644,-13.4468,-6.9611,61.9321,157.4215,153.0619
53.42,-27.9453,-13.246,-7.2872,60.7955,158.2765,154.3456
53.44,-27.9306,-13.0909,-7.5234,59.9549,158.8401,155.1984
53.46,-27.9226,-12.9876,-7.6736,59.4337,159.2252,155.9425
53.48,-27.9201,-12.9385,-7.7455,59.1911,159.4365,156.4787
53.5,-27.9139,-13.0027,-7.6747,59.3805,159.261,156.1751
53.52,-27.9081,-13.1219,-7.5242,59.8179,158.804,155.1757
53.54,-27.902,-13.2929,-7.3058,60.4608,158.1147,153.7006
53.56,-27.8965,-13.5031,-7.0151,61.3179,157.2036,151.818
53.58,-27.8942,-13.7565,-6.6519,62.4061,156.0098,149.6281
53.6,-27.8895,-14.359,-5.6852,65.1893,152.4511,143.6776
53.62,-27.885,-14.6944,-5.0778,66.8178,149.8256,139.5153
53.64,-27.8838,-15.0409,-4.3814,68.6135,146.3848,134.4989
53.66,-27.8943,-15.3862,-3.5876,70.6137,141.8804,128.8513
53.68,-27.9173,-15.726,-2.6985,72.7489,135.8989,122.4115
53.7,-27.9795,-16.3308,-0.6757,76.4918,116.8565,103.1562
53.72,-28.0153,-16.577,0.4215,77.5764,103.184,89.2652
53.74,-28.058,-16.764,1.5601,77.8484,87.4594,73.4139
53.76,-28.1137,-16.8973,2.7211,77.2981,72.0009,58.2915
53.78,-28.1768,-16.9551,3.898,75.9095,58.5262,45.3551
53.8,-28.344,-16.8242,6.2093,71.5182,39.351,28.2717
53.82,-28.4488,-16.6484,7.3053,68.8938,33.0914,22.9772
53.84,-28.5731,-16.4064,8.346,66.2011,28.0538,19.0698
53.86,-28.7202,-16.1163,9.3127,63.5516,23.9492,16.1062
53.88,-28.8739,-15.7913,10.1986,61.0152,20.6162,13.8445
53.9,-29.1807,-15.0466,11.7221,56.2454,15.4888,10.3485
53.92,-29.3255,-14.6611,12.3457,54.0736,13.6175,9.1383
53.94,-29.4803,-14.2594,12.8771,52.0715,11.9102,8.1541
53.96,-29.6054,-13.8818,13.3239,50.2757,10.6294,7.3902
53.98,-29.7178,-13.5397,13.6831,48.7473,9.582,6.83
54,-29.8561,-12.9863,14.1882,46.4502,8.2506,5.9735
54.02,-29.9039,-12.8127,14.3244,45.7626,7.851,5.7327
54.04,-29.9162,-12.7248,14.3986,45.4057,7.6838,5.6368
54.06,-29.9137,-12.7114,14.4069,45.3258,7.7005,5.6843
54.08,-29.9014,-12.7724,14.3493,45.5799,7.8095,5.8292
54.1,-29.7912,-13.1069,14.0314,46.9838,8.6582,6.5304
54.12,-29.7206,-13.3762,13.7661,48.1525,9.3384,6.9557
54.14,-29.6228,-13.6849,13.438,49.5278,10.2279,7.396
54.16,-29.5181,-14.0547,13.0241,51.2345,11.2986,7.8387
54.18,-29.3929,-14.4317,12.5342,53.1444,12.6768,8.2643
54.2,-29.1009,-15.1951,11.3043,57.4292,16.1362,9.4374
54.22,-28.9511,-15.5544,10.5637,59.7925,18.4213,10.3382
54.24,-28.8071,-15.8869,9.7372,62.2523,21.1104,11.6189
54.26,-28.6671,-16.1822,8.836,64.7768,24.3799,13.6796
54.28,-28.5334,-16.4326,7.862,67.352,28.4183,16.7487
54.3,-28.2985,-16.7415,5.7356,72.3175,40.0967,27.0981
54.32,-28.1905,-16.7926,4.6076,74.4882,48.8061,35.1904
54.34,-28.0951,-16.7723,3.4509,76.3129,59.9741,46.0079
54.36,-28.0137,-16.6831,2.2745,77.5501,73.9641,59.9803
54.38,-27.9431,-16.5255,1.0993,78.0067,89.9609,76.2752
54.4,-27.795,-16.0399,-1.1741,76.0526,119.1463,105.9843
54.42,-27.7247,-15.7135,-2.2362,74.0857,129.1103,116.2712
54.44,-27.6638,-15.3541,-3.2321,71.8933,136.6434,124.6329
54.46,-27.6178,-14.9738,-4.1627,69.6114,142.4194,131.6366
54.48,-27.5786,-14.5932,-5.0268,67.3053,146.9343,137.5782
54.5,-27.4749,-13.8514,-6.5077,62.6323,152.2431,143.8764
54.52,-27.4204,-13.4934,-7.0878,60.657,153.4658,145.2253
54.54,-27.3824,-13.1706,-7.5605,59.0376,154.6148,147.0544
54.56,-27.3554,-12.8948,-7.9332,57.7211,155.6293,148.8661
54.58,-27.3355,-12.6714,-8.2194,56.6614,156.4466,150.2623
54.6,-27.2935,-12.4213,-8.5528,55.1833,157.2797,150.9987
54.62,-27.2714,-12.3997,-8.5983,54.8491,157.2713,150.4839
54.64,-27.2559,-12.4458,-8.5635,54.8289,157.0742,149.8616
54.66,-27.2462,-12.5627,-8.4554,55.136,156.6976,149.2839
54.68,-27.2428,-12.7759,-8.2405,55.8906,156.0527,148.5845
54.7,-27.2506,-13.3516,-7.597,58.2071,154.0958,146.3329
54.72,-27.2595,-13.7103,-7.1516,59.6927,152.6779,144.5806
54.74,-27.2787,-14.101,-6.624,61.3937,150.9285,142.5842
54.76,-27.304,-14.5208,-6.0141,63.2347,148.8309,140.4489
54.78,-27.3353,-14.9481,-5.3168,65.2908,146.11,137.6983
54.8,-27.4001,-15.7718,-3.6818,69.6162,137.4747,128.5096
54.82,-27.4419,-16.1496,-2.7517,71.6797,131.3189,122.325
54.84,-27.485,-16.4924,-1.7593,73.5939,123.2907,114.2251
54.86,-27.5298,-16.78,-0.7096,75.1025,112.9929,103.5732
54.88,-27.5783,-17.0158,0.3931,76.051,100.4728,90.9747
54.9,-27.7128,-17.2968,2.7003,75.8021,72.3067,64.2458
54.92,-27.7854,-17.319,3.8833,74.366,59.5914,52.3632
54.94,-27.8724,-17.2484,5.0651,72.2637,49.2227,43.2951
54.96,-27.9962,-17.0738,6.2293,69.6769,40.6604,36.6581
54.98,-28.1344,-16.8156,7.3743,66.7944,33.7738,31.9736
55,-28.5176,-16.1283,9.4742,61.1762,24.2116,25.7911
55.02,-28.7525,-15.7055,10.4046,58.5123,20.5363,23.3855
55.04,-28.9933,-15.2269,11.2458,55.8602,17.4447,21.0243
55.06,-29.2473,-14.7182,11.9818,53.4071,14.7838,18.8093
55.08,-29.5023,-14.1637,12.6336,51.0921,12.4848,16.5169
55.1,-29.9872,-13.1472,13.6776,47.2034,8.7674,12.3213
55.12,-30.2028,-12.683,14.0958,45.5147,7.2439,10.4993
55.14,-30.4105,-12.2647,14.4301,44.0494,5.8848,8.8722
55.16,-30.5924,-11.9021,14.6882,42.8063,4.8157,7.5822
55.18,-30.7302,-11.581,14.8892,41.7563,3.9955,6.4514
55.2,-30.9062,-11.1494,15.0991,40.4733,3.0702,4.5694
55.22,-30.9748,-11.0415,15.1188,40.2545,2.7449,3.9295
55.24,-30.9756,-10.9913,15.1217,40.2273,2.6843,3.5816
55.26,-30.9689,-11.0449,15.0674,40.5422,2.7592,3.3409
55.28,-30.9366,-11.101,14.9926,41.0026,3.0056,2.8735
55.3,-30.7776,-11.3846,14.6929,42.3975,4.0121,2.3913
55.32,-30.6642,-11.573,14.5078,43.2603,4.7486,2.6022
55.34,-30.5216,-11.7693,14.3075,44.1666,5.5742,2.9767
55.36,-30.3593,-12.0012,14.0843,45.2086,6.5746,3.3073
55.38,-30.1842,-12.227,13.8375,46.2641,7.7143,3.5337
55.4,-29.7394,-12.6721,13.2999,48.4036,10.6606,4.5605
55.42,-29.4971,-12.857,13.0134,49.3842,12.2814,5.2514
55.44,-29.2524,-13.0339,12.7245,50.3391,13.9224,6.0248
55.46,-28.9928,-13.2151,12.445,51.2428,15.6613,6.9262
55.48,-28.7335,-13.3872,12.1668,52.0692,17.4578,7.8204
55.5,-28.2216,-13.6534,11.6045,53.461,21.1932,9.845
55.52,-27.9846,-13.765,11.3124,54.0387,22.9264,10.8121
55.54,-27.7709,-13.8766,11.0079,54.7086,24.6251,11.9376
55.56,-27.5621,-14.021,10.6795,55.4932,26.3997,13.0141
55.58,-27.3812,-14.1676,10.3082,56.4184,28.1503,13.9338
55.6,-27.0798,-14.5122,9.3919,58.767,32.0859,15.6822
55.62,-26.9679,-14.7258,8.8358,60.3388,34.263,16.8886
55.64,-26.8905,-14.9557,8.2041,62.183,36.7247,18.4926
55.66,-26.8372,-15.1871,7.4951,64.1694,39.6861,20.5404
55.68,-26.8048,-15.4086,6.7004,66.2991,43.6344,23.3758
55.7,-26.7935,-15.7278,4.9068,70.3099,55.1296,33.0891
55.72,-26.8256,-15.8326,3.9275,72.0494,62.7698,40.6816
55.74,-26.8777,-15.9001,2.9041,73.5548,72.2064,50.4275
55.76,-26.9369,-15.9219,1.8471,74.5668,83.8297,62.1041
55.78,-26.9962,-15.8857,0.7807,74.8211,96.6201,74.952
55.8,-27.1296,-15.5993,-1.288,73.2427,119.659,98.832
55.82,-27.1901,-15.3854,-2.2541,71.6988,128.4766,108.4527
55.84,-27.2505,-15.1384,-3.1621,69.8939,135.5149,116.3664
55.86,-27.2993,-14.8794,-3.9993,67.9049,140.9222,122.5331
55.88,-27.3422,-14.6179,-4.754,65.9376,145.0376,127.647
55.9,-27.3909,-14.1127,-5.9909,62.3593,150.2095,134.6578
55.92,-27.3989,-13.8811,-6.4635,60.9062,151.7045,136.8779
55.94,-27.4007,-13.6757,-6.8359,59.7461,152.8438,138.7654
55.96,-27.3958,-13.5076,-7.1193,58.8193,153.716,140.1875
55.98,-27.384,-13.3871,-7.3225,58.0932,154.3421,141.1977
56,-27.3312,-13.2851,-7.4792,57.3405,154.6853,141.545
56.02,-27.2912,-13.3015,-7.43,57.3391,154.3156,140.6805
56.04,-27.2479,-13.3687,-7.2986,57.6363,153.5488,139.2906
56.06,-27.2049,-13.5109,-7.0439,58.3339,152.5757,137.986
56.08,-27.1686,-13.7114,-6.7142,59.3357,151.3548,136.6071
56.1,-27.0995,-14.2648,-5.7775,62.0539,147.6017,131.8571
56.12,-27.065,-14.6008,-5.1615,63.715,144.7995,128.3005
56.14,-27.0372,-14.9601,-4.4446,65.5466,141.1986,123.9947
56.16,-27.0142,-15.3215,-3.6177,67.4815,136.5346,118.6061
56.18,-27.0069,-15.6766,-2.6919,69.4287,130.6359,112.234
56.2,-27.0269,-16.287,-0.5295,72.8933,113.3478,95.2127
56.22,-27.0561,-16.5161,0.6774,73.9541,100.7352,83.2983
56.24,-27.0991,-16.6726,1.9431,74.19,86.6923,70.1228
56.26,-27.1612,-16.764,3.2343,73.496,73.0585,57.4349
56.28,-27.2513,-16.7779,4.5315,72.0844,60.7204,46.4441
56.3,-27.4969,-16.5401,7.0732,67.5648,42.6474,31.3846
56.32,-27.6721,-16.2757,8.2696,64.8378,36.0782,26.8959
56.34,-27.8741,-15.9127,9.3989,61.9078,30.6351,23.5945
56.36,-28.0991,-15.4811,10.4417,58.8667,26.0958,20.9027
56.38,-28.3387,-15.0033,11.3916,55.9299,22.4625,18.9632
56.4,-28.8488,-13.9435,12.989,50.4806,16.5566,16.0273
56.42,-29.119,-13.3697,13.621,47.9863,14.1934,14.5436
56.44,-29.3564,-12.8051,14.1579,45.7121,12.2319,13.1751
56.46,-29.5752,-12.267,14.5992,43.7627,10.5926,11.7109
56.48,-29.7781,-11.7746,14.9511,42.097,9.1851,10.2017
56.5,-30.0943,-11.0134,15.4172,39.8394,7.128,6.943
56.52,-30.2051,-10.7212,15.5551,39.1114,6.4326,5.3757
56.54,-30.2893,-10.5433,15.628,38.7615,5.8843,4.3341
56.56,-30.3339,-10.4231,15.6521,38.5567,5.6183,3.6955
56.58,-30.3431,-10.3799,15.6328,38.5348,5.5752,3.5981
56.6,-30.2652,-10.4986,15.5039,38.9981,6.077,4.0983
56.62,-30.178,-10.6771,15.3743,39.6198,6.5887,4.7453
56.64,-30.066,-10.912,15.2134,40.4738,7.2878,5.3563
56.66,-29.917,-11.1694,15.0033,41.5511,8.2109,5.514
56.68,-29.7385,-11.4479,14.7481,42.7883,9.389,5.6459
56.7,-29.3327,-12.0432,14.1062,45.6682,12.1088,5.9395
56.72,-29.1008,-12.3394,13.7404,47.1711,13.7216,6.0875
56.74,-28.8442,-12.6317,13.3596,48.6522,15.56,6.5972
56.76,-28.5941,-12.8975,12.9536,50.0475,17.4794,7.4384
56.78,-28.3119,-13.1369,12.5515,51.3085,19.767,8.3333
56.8,-27.742,-13.4872,11.7733,53.2971,24.3144,10.4629
56.82,-27.4631,-13.6128,11.4171,54.0806,26.5661,11.5411
56.84,-27.1891,-13.7084,11.0969,54.6825,28.6326,12.6043
56.86,-26.9231,-13.764,10.8226,55.1077,30.6256,13.4789
56.88,-26.6731,-13.8117,10.5877,55.4153,32.4123,14.5035
56.9,-26.2396,-13.8922,10.1866,55.6993,35.6198,16.8285
56.92,-26.0667,-13.9327,9.9696,55.9132,37.0328,17.5026
56.94,-25.9286,-14.0018,9.7021,56.2871,38.2525,17.7224
56.96,-25.8239,-14.0959,9.3729,57.0564,39.7457,18.1343
56.98,-25.7597,-14.2414,8.9657,58.087,41.058,18.3517
57,-25.7095,-14.651,7.8936,61.3719,45.2352,20.3228
57.02,-25.7252,-14.9015,7.2167,63.4318,48.4987,22.6567
57.04,-25.7617,-15.1524,6.4576,65.4847,52.7781,26.0329
57.06,-25.8222,-15.3883,5.6218,67.4807,58.1002,30.7422
57.08,-25.9042,-15.5959,4.712,69.3137,64.7079,36.9883
57.1,-26.1131,-15.8551,2.7331,71.9035,81.8097,54.3335
57.12,-26.2409,-15.8822,1.6889,72.5725,92.1108,65.3105
57.14,-26.3654,-15.8311,0.634,72.6031,102.5345,76.336
57.16,-26.4837,-15.7072,-0.4185,71.9958,112.9883,87.1065
57.18,-26.5966,-15.5261,-1.4532,70.7992,122.699,96.9596
57.2,-26.7904,-15.0315,-3.3813,67.0838,137.6786,111.9958
57.22,-26.8612,-14.7181,-4.2151,64.9641,142.3424,116.6788
57.24,-26.9271,-14.3861,-4.9423,63.031,145.6367,120.4721
57.26,-26.9924,-14.0682,-5.5691,61.3594,148.1922,124.0302
57.28,-27.0566,-13.784,-6.1043,59.916,150.343,127.5085
57.3,-27.1653,-13.3514,-6.9369,57.5232,153.4711,132.7923
57.32,-27.2007,-13.206,-7.2215,56.6118,154.3992,134.1737
57.34,-27.2312,-13.1109,-7.4087,56.0519,154.9593,135.3558
57.36,-27.252,-13.0741,-7.4989,55.7995,155.1417,135.957
57.38,-27.2697,-13.096,-7.4945,55.8893,155.1002,136.3069
57.4,-27.2966,-13.3146,-7.2114,56.9597,154.4189,135.9918
57.42,-27.3014,-13.5094,-6.9417,57.9005,153.6848,134.9792
57.44,-27.2991,-13.7467,-6.5847,59.0323,152.6445,133.3759
57.46,-27.2951,-14.0229,-6.1414,60.4068,151.2005,131.3952
57.48,-27.29,-14.3349,-5.6063,62.0473,149.3229,129.2937
57.5,-27.272,-15.0217,-4.2899,65.763,143.5727,123.08
57.52,-27.2565,-15.3671,-3.4964,67.7577,139.0657,118.1992
57.54,-27.2479,-15.6965,-2.6088,69.8118,133.0385,112.2086
57.56,-27.2498,-16.0022,-1.6339,71.6876,125.4413,105.036
57.58,-27.2632,-16.2751,-0.5789,73.3443,115.4873,95.9869
57.6,-27.3222,-16.6765,1.7053,74.7895,89.9626,72.3829
57.62,-27.377,-16.7776,2.9093,74.2078,75.8456,59.6366
57.64,-27.4587,-16.7887,4.1423,72.8033,62.6584,48.5917
57.66,-27.5623,-16.7307,5.3664,70.7123,51.8997,40.0817
57.68,-27.696,-16.6002,6.5594,68.1586,43.4777,33.6092
57.7,-28.0636,-16.1692,8.7824,62.8346,31.3982,25.8092
57.72,-28.2827,-15.8688,9.782,60.1755,26.9074,23.0405
57.74,-28.5175,-15.4968,10.6978,57.5013,23.2116,20.5576
57.76,-28.7836,-15.085,11.5035,55.0233,19.8343,18.5753
57.78,-29.0476,-14.6606,12.2152,52.7873,17.0774,16.6456
57.8,-29.5891,-13.7925,13.3692,48.9682,12.4276,12.4521
57.82,-29.8528,-13.3905,13.8243,47.3408,10.4998,10.6372
57.84,-30.0935,-13.0308,14.2054,45.9037,8.87,9.2727
57.86,-30.3269,-12.7062,14.5115,44.6696,7.3704,8.0727
57.88,-30.5176,-12.4431,14.7507,43.6527,6.2731,7.1016
57.9,-30.8398,-12.0428,15.0228,42.2638,4.5695,5.3926
57.92,-30.9569,-11.9803,15.0657,42.0618,4.0501,4.8825
57.94,-31.0627,-11.9411,15.0537,42.0245,3.5593,4.466
57.96,-31.1131,-12.0256,15.0008,42.3729,3.3751,4.2931
57.98,-31.1574,-12.1737,14.8784,42.9865,3.2879,4.2467
58,-31.1172,-12.6608,14.4556,45.0406,3.8493,4.3814
58.02,-31.0579,-12.9743,14.1383,46.44,4.4406,4.4492
58.04,-30.9498,-13.3354,13.7538,48.113,5.3766,4.5576
58.06,-30.8198,-13.7085,13.2951,50.0261,6.4425,4.4561
58.08,-30.6779,-14.1202,12.753,52.2379,7.7453,4.3301
58.1,-30.323,-14.9885,11.4397,57.3347,11.3053,4.8928
58.12,-30.1294,-15.3911,10.6643,60.0178,13.5998,5.8715
58.14,-29.9303,-15.7611,9.8115,62.7374,16.4542,7.715
58.16,-29.7211,-16.0891,8.893,65.483,19.9536,10.1884
58.18,-29.5189,-16.3834,7.9034,68.2536,24.2929,13.6179
58.2,-29.128,-16.7965,5.753,73.5446,37.1838,25.2127
58.22,-28.9499,-16.8986,4.6046,75.8326,46.9823,34.7782
58.24,-28.7648,-16.9301,3.4368,77.5265,60.0508,47.7235
58.26,-28.5912,-16.8771,2.2587,78.4436,74.6171,62.695
58.28,-28.4165,-16.7548,1.0847,78.4351,91.79,80.3702
58.3,-28.0903,-16.3059,-1.1877,75.9587,118.9888,108.9882
58.32,-27.9346,-16.008,-2.2599,73.851,128.7473,119.5053
58.34,-27.7849,-15.6719,-3.2761,71.4821,135.6104,126.8118
58.36,-27.6426,-15.2981,-4.2038,69.0094,140.5862,132.1934
58.38,-27.5171,-14.8978,-5.0369,66.7095,143.9886,136.1134
58.4,-27.3331,-14.1166,-6.4282,62.5634,149.0724,143.5494
58.42,-27.2685,-13.7661,-6.9995,60.7305,150.9727,146.548
58.44,-27.2074,-13.4549,-7.4847,58.9936,152.326,148.0944
58.46,-27.1598,-13.1862,-7.8787,57.4948,153.3145,148.7656
58.48,-27.1328,-12.9697,-8.1765,56.3164,154.1207,149.2707
58.5,-27.1436,-12.7281,-8.4831,55.1218,155.25,150.3085
58.52,-27.1725,-12.7057,-8.4929,55.1223,155.4713,150.5191
58.54,-27.2126,-12.7454,-8.4183,55.4495,155.5293,150.5221
58.56,-27.2745,-12.8555,-8.2578,56.1415,155.4786,150.5156
58.58,-27.352,-13.0376,-8.0091,57.1574,155.2991,150.2024
58.6,-27.5214,-13.5505,-7.3239,59.6955,154.3345,148.0905
58.62,-27.612,-13.8721,-6.8761,61.2301,153.5091,146.4234
58.64,-27.7031,-14.2248,-6.3581,62.913,152.3399,144.3405
58.66,-27.7916,-14.5978,-5.7674,64.7477,150.6995,141.8436
58.68,-27.877,-14.9735,-5.1003,66.7408,148.4389,138.8665
58.7,-28.0254,-15.6966,-3.5434,71.0272,140.86,130.303
58.72,-28.0869,-16.0214,-2.66,73.1521,134.8222,123.9523
58.74,-28.1461,-16.3123,-1.7202,75.1036,126.8024,115.7143
58.76,-28.2038,-16.5678,-0.7343,76.6939,116.3153,105.072
58.78,-28.252,-16.7914,0.2869,77.759,103.8958,92.7839
58.8,-28.3159,-17.0404,2.3825,77.5455,75.2305,62.9729
58.82,-28.3382,-17.0455,3.4548,76.2479,62.3671,49.8391
58.84,-28.3793,-16.9636,4.5368,74.3074,51.2702,39.5549
58.86,-28.4368,-16.8019,5.6256,71.8449,42.3064,32.1463
58.88,-28.5035,-16.5819,6.7009,69.0819,35.5957,26.7328
58.9,-28.6854,-16.0227,8.7437,63.3443,26.3369,19.3687
58.92,-28.8209,-15.6752,9.6784,60.5574,22.8137,16.7146
58.94,-28.9578,-15.2943,10.5474,57.9033,19.9519,14.5837
58.96,-29.112,-14.8641,11.3268,55.3838,17.5046,12.557
58.98,-29.2649,-14.4136,12.0201,53.0685,15.4121,10.7419
59,-29.5533,-13.4928,13.1542,49.0456,12.1548,7.2452
59.02,-29.6905,-13.0601,13.6036,47.3356,10.8091,5.6269
59.04,-29.8106,-12.6956,13.9825,45.9181,9.705,4.3769
59.06,-29.9072,-12.3597,14.2991,44.6734,8.7662,3.189
59.08,-29.9839,-12.0746,14.5448,43.6269,8.0844,2.1769
59.1,-30.0462,-11.6567,14.8419,42.1064,7.4585,1.0257
59.12,-30.0519,-11.5635,14.8937,41.7575,7.3836,0.9478
59.14,-30.0285,-11.5623,14.8886,41.7525,7.4856,1.0637
59.16,-29.997,-11.6197,14.8337,41.9739,7.6489,1.2873
59.18,-29.9281,-11.7609,14.7196,42.5253,8.0595,1.6535
59.2,-29.7388,-12.2728,14.2788,44.6209,9.4646,2.3354
59.22,-29.6254,-12.5797,13.9635,45.9931,10.4397,2.7167
59.24,-29.4743,-12.9308,13.5984,47.5685,11.674,3.2574
59.26,-29.3427,-13.2914,13.1618,49.2935,12.9497,4.0166
59.28,-29.2073,-13.7018,12.6596,51.2091,14.4075,5.2128
59.3,-28.9014,-14.5289,11.5317,55.2294,18.035,8.5397
59.32,-28.7574,-14.9377,10.8912,57.3529,20.1727,10.3975
59.34,-28.614,-15.3416,10.206,59.5253,22.6121,12.656
59.36,-28.4947,-15.7199,9.4689,61.7301,25.2305,15.1981
59.38,-28.3681,-16.084,8.6857,63.9633,28.4333,18.309
59.4,-28.1624,-16.6035,6.9749,68.1848,36.3792,25.967
59.42,-28.0681,-16.7823,6.0484,70.2244,41.6697,31.2323
59.44,-27.9836,-16.8988,5.0783,72.225,48.0401,37.6588
59.46,-27.9033,-16.9459,4.0548,74.053,56.3567,45.613
59.48,-27.8204,-16.9246,2.9895,75.5273,67.28,55.8045
59.5,-27.6485,-16.671,0.8085,76.3727,94.509,81.3666
59.52,-27.5778,-16.4461,-0.2696,75.6914,107.5706,94.3023
59.54,-27.5071,-16.187,-1.3213,74.3973,118.533,105.4343
59.56,-27.4311,-15.8973,-2.3325,72.5104,127.582,114.4586
59.58,-27.3523,-15.5703,-3.2801,70.3837,134.0056,120.6997
59.6,-27.2247,-14.8539,-4.9432,66.0711,142.7864,130.3936
59.62,-27.176,-14.4941,-5.6548,64.1137,145.681,134.0908
59.64,-27.1376,-14.157,-6.2933,62.2303,148.1689,137.5948
59.66,-27.0999,-13.8428,-6.8499,60.4839,150.0305,140.1207
59.68,-27.0622,-13.5611,-7.3209,58.9281,151.3047,141.7245
59.7,-27.01,-13.1291,-7.9973,56.5982,152.9535,144.2116
59.72,-26.9998,-12.9937,-8.2114,55.8649,153.5113,145.2976
59.74,-26.9919,-12.9168,-8.3428,55.395,153.8391,145.8808
59.76,-26.9893,-12.8905,-8.3928,55.1978,153.9695,146.0291
59.78,-26.9915,-12.9141,-8.3649,55.2638,153.9528,145.8429
59.8,-27.0168,-13.1255,-8.0881,56.1651,153.4763,144.7994
59.82,-27.0401,-13.3032,-7.8525,56.9606,153.0049,144.0023
59.84,-27.0659,-13.5295,-7.5554,57.9284,152.3184,142.9008
59.86,-27.0974,-13.7909,-7.1978,59.0714,151.3681,141.3332
59.88,-27.1341,-14.0901,-6.7771,60.3853,150.1599,139.4733
59.9,-27.2311,-14.77,-5.7356,63.5286,146.6878,134.819
59.92,-27.2867,-15.1348,-5.104,65.3157,144.2218,131.7562
59.94,-27.3463,-15.4976,-4.3953,67.2159,141.0973,127.9371
59.96,-27.4046,-15.8517,-3.6082,69.125,136.9868,122.9449
59.98,-27.4712,-16.1761,-2.7411,71.0875,131.7115,116.896
60,-27.6104,-16.7409,-0.8165,74.4941,116.7186,100.3867
60.02,-27.6837,-16.9419,0.2321,75.7384,106.2102,88.971
60.04,-27.76,-17.1008,1.3101,76.4124,93.9616,75.9115
60.06,-27.8349,-17.1916,2.4241,76.3746,80.6764,61.8059
60.08,-27.919,-17.2211,3.5573,75.6512,67.9717,48.8698
60.1,-28.1025,-17.0792,5.8305,72.3732,46.9951,28.5895
60.12,-28.2071,-16.9016,6.9302,70.0018,39.4592,21.6214
60.14,-28.3292,-16.6306,7.9925,67.3469,33.375,16.5908
60.16,-28.4633,-16.2708,9.0077,64.435,28.4231,13.1945
60.18,-28.6136,-15.8177,9.9648,61.3516,24.3624,10.8672
60.2,-28.9551,-14.7664,11.6559,55.367,18.2087,7.8536
60.22,-29.1549,-14.1986,12.3703,52.615,15.7227,6.3269
60.24,-29.3311,-13.6356,13.016,50.1266,13.7258,4.5428
60.26,-29.515,-13.0606,13.5678,47.9522,11.9208,2.4185
60.28,-29.6888,-12.5258,14.0334,46.0583,10.3932,0.2656
60.3,-29.9625,-11.5606,14.7551,42.8543,7.9893,356.8704
60.32,-30.051,-11.1566,15.0259,41.5543,7.1885,355.675
60.34,-30.1195,-10.8136,15.239,40.3793,6.604,354.874
60.36,-30.1486,-10.5279,15.4069,39.3778,6.2467,354.4993
60.38,-30.1484,-10.3289,15.5203,38.6089,6.1104,354.4477
60.4,-30.0522,-10.1694,15.6043,37.875,6.4036,355.3228
60.42,-29.9554,-10.2194,15.5799,37.9581,6.8417,355.9068
60.44,-29.8437,-10.3346,15.4965,38.3424,7.3904,356.3917
60.46,-29.7078,-10.5367,15.3557,39.0903,8.1361,356.9659
60.48,-29.5554,-10.7927,15.1673,40.0843,9.0189,357.3778
60.5,-29.2081,-11.378,14.6043,42.6243,11.3962,357.7437
60.52,-29.0096,-11.7026,14.2596,44.0506,12.8392,358.326
60.54,-28.8114,-12.0676,13.8693,45.6496,14.3884,359.0223
60.56,-28.6029,-12.4526,13.454,47.327,16.1131,359.7813
60.58,-28.411,-12.8507,13.0063,49.0779,17.8681,0.8511
60.6,-28.0326,-13.704,12.0414,52.6755,21.7678,4.3583
60.62,-27.8546,-14.137,11.5097,54.5403,23.9468,6.4565
60.64,-27.6959,-14.5588,10.9198,56.4646,26.3377,8.6479
60.66,-27.5438,-14.9586,10.2737,58.4437,28.9921,10.9963
60.68,-27.3972,-15.35,9.5505,60.5114,32.0754,13.7152
60.7,-27.1775,-15.9988,7.8488,64.8559,39.5588,20.5638
60.72,-27.0936,-16.2233,6.8702,67.0023,44.6693,25.0883
60.74,-27.0372,-16.3683,5.8163,69.0793,50.8702,30.8094
60.76,-27.0018,-16.4493,4.7031,70.9958,58.5988,38.1744
60.78,-26.9998,-16.4727,3.5427,72.6894,68.0599,47.5715
60.8,-27.0276,-16.3931,1.1557,74.3919,93.1357,72.6785
60.82,-27.0452,-16.2497,-0.0196,73.9455,106.1188,85.6557
60.84,-27.0655,-16.0387,-1.1493,72.7697,117.1269,97.0408
60.86,-27.0947,-15.7709,-2.2203,71.197,125.9873,107.0934
60.88,-27.1297,-15.4676,-3.2321,69.4095,133.3127,116.0993
60.9,-27.1732,-14.7979,-5.073,65.0274,143.7512,128.2551
60.92,-27.1848,-14.449,-5.8712,62.7764,147.2215,132.3084
60.94,-27.1953,-14.1059,-6.5711,60.7394,149.8503,135.9409
60.96,-27.2043,-13.7816,-7.1718,58.9952,151.8361,139.4379
60.98,-27.2025,-13.4865,-7.6825,57.486,153.2642,142.4451
61,-27.1559,-12.995,-8.4459,55.0133,154.8312,145.9647
61.02,-27.1229,-12.8086,-8.7055,54.0869,155.2734,146.8822
61.04,-27.0885,-12.6732,-8.8884,53.3871,155.5848,147.522
61.06,-27.0542,-12.588,-8.9982,52.949,155.7693,148.0401
61.08,-27.0161,-12.5549,-9.0392,52.7491,155.7501,148.2953
61.1,-26.9269,-12.6317,-8.9374,52.9193,155.0759,147.475
61.12,-26.8751,-12.7571,-8.776,53.351,154.41,146.4557
61.14,-26.835,-12.926,-8.5683,53.9745,153.672,145.3955
61.16,-26.8034,-13.1366,-8.3042,54.804,152.8317,144.2574
61.18,-26.7768,-13.3894,-7.9863,55.7839,151.8482,142.8884
61.2,-26.7331,-13.9781,-7.1778,58.0968,149.2262,138.624
61.22,-26.7222,-14.3053,-6.677,59.4711,147.4933,135.8297
61.24,-26.7251,-14.6473,-6.1086,61.0305,145.4295,132.7662
61.26,-26.7474,-14.9988,-5.4674,62.8071,143.0334,129.7127
61.28,-26.7868,-15.3531,-4.7604,64.7044,140.1688,126.408
61.3,-26.9005,-16.0213,-3.1649,68.4765,132.4257,117.2133
61.32,-26.9711,-16.3087,-2.2811,70.2397,127.0043,110.3953
61.34,-27.0592,-16.5717,-1.3435,71.9272,120.5021,102.7238
61.36,-27.1633,-16.8007,-0.352,73.4682,112.3815,93.8234
61.38,-27.2764,-16.9942,0.6746,74.6622,103.0119,84.0166
61.4,-27.5024,-17.1602,2.8007,75.2522,79.5507,58.8631
61.42,-27.6217,-17.1408,3.8879,74.5123,67.5034,46.734
61.44,-27.7562,-17.0392,4.986,73.1084,56.2653,36.1894
61.46,-27.904,-16.874,6.077,71.1119,46.7588,27.8329
61.48,-28.053,-16.6608,7.1468,68.7154,39.2791,21.6209
61.5,-28.4158,-16.0033,9.173,63.04,28.0042,13.8978
61.52,-28.6097,-15.5719,10.1013,60.0213,23.9582,11.6607
61.54,-28.8282,-15.0885,10.9464,57.084,20.6003,9.8088
61.56,-29.0493,-14.5758,11.7146,54.3566,17.682,8.1565
61.58,-29.2798,-14.0716,12.3901,51.938,15.1769,6.2993
61.6,-29.7092,-13.0904,13.5068,47.9641,11.1959,2.0381
61.62,-29.9072,-12.625,13.9448,46.2526,9.6368,359.9718
61.64,-30.0744,-12.2011,14.319,44.7349,8.3336,358.3439
61.66,-30.2366,-11.8188,14.6082,43.4251,7.2226,356.9424
61.68,-30.3652,-11.5092,14.8376,42.3389,6.3779,355.9615
61.7,-30.5156,-11.065,15.1549,40.7472,5.2765,354.8083
61.72,-30.5551,-10.962,15.2185,40.3872,5.04,354.5118
61.74,-30.5479,-10.9393,15.2348,40.3056,5.073,354.5206
61.76,-30.5373,-10.9845,15.1843,40.492,5.1484,354.6973
61.78,-30.4802,-11.1077,15.0863,40.9819,5.4715,355.0565
61.8,-30.2743,-11.5824,14.7014,42.8389,6.7922,356.1549
61.82,-30.1339,-11.9156,14.4334,44.1515,7.729,356.8505
61.84,-29.9998,-12.2806,14.0947,45.6715,8.761,357.5446
61.86,-29.8333,-12.6771,13.7088,47.3478,10.0573,358.391
61.88,-29.6652,-13.1155,13.2546,49.2082,11.5362,359.5268
61.9,-29.2937,-14.0514,12.1498,53.4749,15.1062,2.2395
61.92,-29.1067,-14.5324,11.4691,55.9147,17.3359,3.6697
61.94,-28.9122,-14.9713,10.7109,58.4421,20.0046,5.178
61.96,-28.7393,-15.389,9.8516,61.1438,23.151,7.221
61.98,-28.5665,-15.7768,8.9134,63.9246,26.9744,10.2651
62,-28.2779,-16.3583,6.8294,69.3083,37.1222,19.6182
62.02,-28.1512,-16.5369,5.6985,71.7504,44.3555,26.5025
62.04,-28.0232,-16.6512,4.5259,73.8221,53.9398,35.7729
62.06,-27.9268,-16.6845,3.3178,75.4505,65.7088,47.7004
62.08,-27.8471,-16.6468,2.0953,76.4662,79.8585,62.396
62.1,-27.6863,-16.3549,-0.3118,75.6175,109.8711,92.6939
62.12,-27.6203,-16.0942,-1.4555,74.026,121.2698,104.5633
62.14,-27.5698,-15.7752,-2.5346,72.1418,130.0102,114.5066
62.16,-27.5283,-15.4278,-3.5485,70.0528,136.8022,122.9652
62.18,-27.4933,-15.0579,-4.5027,67.8381,142.0726,129.5262
62.2,-27.4174,-14.2758,-6.178,63.0948,149.1268,137.3937
62.22,-27.3875,-13.8842,-6.8732,60.9325,151.3767,140.1429
62.24,-27.3721,-13.5064,-7.4659,59.0976,153.1756,142.9406
62.26,-27.3618,-13.1615,-7.9633,57.5176,154.6396,145.5186
62.28,-27.3542,-12.8524,-8.3759,56.1499,155.771,147.4376
62.3,-27.3394,-12.3752,-8.9721,53.9256,157.4382,149.5321
62.32,-27.3333,-12.2141,-9.1645,53.0953,158.0098,149.85
62.34,-27.3259,-12.1114,-9.2851,52.5196,158.3834,149.848
62.36,-27.3181,-12.067,-9.3334,52.2359,158.5033,149.5572
62.38,-27.3136,-12.0814,-9.3133,52.2764,158.4736,149.3644
62.4,-27.313,-12.2748,-9.096,53.1905,158.0545,149.1167
62.42,-27.3078,-12.4414,-8.9167,53.9036,157.6118,148.593
62.44,-27.2977,-12.6403,-8.6996,54.6813,157.0214,147.632
62.46,-27.2826,-12.8728,-8.4461,55.5168,156.2717,146.3351
62.48,-27.2663,-13.1274,-8.1526,56.467,155.4073,144.9049
62.5,-27.2198,-13.6899,-7.4414,58.6122,152.9992,141.1492
62.52,-27.1998,-13.9958,-7.0221,59.8368,151.5145,139.1279
62.54,-27.183,-14.3149,-6.5517,61.1606,149.7776,136.7948
62.56,-27.1718,-14.6475,-6.0305,62.5637,147.7837,134.1153
62.58,-27.1687,-14.9857,-5.4541,64.0633,145.4727,131.0781
62.6,-27.1858,-15.668,-4.1176,67.3103,139.1917,123.4362
62.62,-27.2101,-16.0029,-3.3516,69.063,134.9393,118.9071
62.64,-27.2413,-16.3168,-2.5174,70.8142,129.6081,113.4112
62.66,-27.2758,-16.6048,-1.6321,72.3872,123.0787,106.4679
62.68,-27.3066,-16.8491,-0.6894,73.6899,114.9977,97.6113
62.7,-27.3867,-17.1781,1.3541,75.1632,93.9799,75.2703
62.72,-27.4427,-17.2429,2.4502,75.1005,81.4694,62.698
62.74,-27.5021,-17.2465,3.5785,74.3034,69.2019,50.6917
62.76,-27.5787,-17.1807,4.7207,72.8261,58.0713,40.1581
62.78,-27.6657,-17.0636,5.8525,70.9357,49.1087,32.1538
62.8,-27.891,-16.6122,8.0244,65.9932,35.7928,21.0188
62.82,-28.0406,-16.2854,9.0275,63.2561,30.862,17.5664
62.84,-28.2278,-15.8993,9.9522,60.6542,26.8081,15.159
62.86,-28.3911,-15.4959,10.8089,58.0429,23.5594,13.2219
62.88,-28.5877,-15.051,11.5812,55.6031,20.79,11.2709
62.9,-28.9969,-14.1466,12.8527,51.4227,16.179,7.3988
62.92,-29.1965,-13.729,13.3408,49.7022,14.3634,5.6021
62.94,-29.3695,-13.3027,13.765,48.1269,12.8481,3.9272
62.96,-29.5528,-12.9348,14.0954,46.8398,11.4358,2.4473
62.98,-29.7034,-12.595,14.373,45.7216,10.2907,1.0283
63,-29.946,-12.1303,14.721,44.2962,8.689,358.5445
63.02,-30.0331,-12.0107,14.8038,43.9722,8.137,357.6315
63.04,-30.0909,-11.9646,14.8373,43.9054,7.8434,357.0728
63.06,-30.1366,-11.9839,14.8164,44.0255,7.6351,356.871
63.08,-30.137,-12.0932,14.7509,44.4335,7.672,356.9577
63.1,-30.0711,-12.5213,14.3995,46.0804,8.4529,357.6393
63.12,-29.9928,-12.7991,14.1427,47.2267,9.1423,358.2296
63.14,-29.8862,-13.1447,13.8153,48.636,10.1215,359.0888
63.16,-29.7739,-13.502,13.4222,50.1894,11.2225,359.973
63.18,-29.6249,-13.9057,12.9609,52.0006,12.6456,0.961
63.2,-29.3003,-14.733,11.822,56.1315,16.3027,3.2534
63.22,-29.1214,-15.1406,11.1415,58.423,18.6695,4.6848
63.24,-28.9419,-15.5047,10.3856,60.766,21.3991,6.3706
63.26,-28.7631,-15.8614,9.5491,63.2407,24.7291,8.8364
63.28,-28.5893,-16.1679,8.6484,65.7412,28.6362,12.125
63.3,-28.27,-16.5973,6.6305,70.54,39.7243,21.3993
63.32,-28.1225,-16.6902,5.5406,72.6582,47.4441,28.4015
63.34,-27.9864,-16.711,4.4036,74.3498,56.7313,36.9659
63.36,-27.8633,-16.6664,3.2358,75.758,68.9267,48.7388
63.38,-27.7479,-16.5584,2.0552,76.4076,82.8842,62.32
63.4,-27.5448,-16.1387,-0.2794,75.2619,110.9684,89.8561
63.42,-27.4579,-15.8395,-1.3971,73.611,122.0412,100.9628
63.44,-27.3834,-15.4945,-2.4572,71.6008,130.5597,110.0649
63.46,-27.3225,-15.1208,-3.4561,69.4835,136.8721,117.3271
63.48,-27.2686,-14.7249,-4.3874,67.1564,142.0051,123.1871
63.5,-27.1913,-13.9159,-6.001,62.6137,148.8139,131.3293
63.52,-27.1805,-13.531,-6.6709,60.6507,151.2751,135.2153
63.54,-27.1828,-13.1801,-7.2561,58.923,153.2525,138.9593
63.56,-27.1873,-12.8696,-7.7581,57.4072,154.818,142.1862
63.58,-27.1818,-12.5943,-8.1769,56.0125,155.7996,144.0036
63.6,-27.1786,-12.1834,-8.7614,53.9912,157.1183,146.6092
63.62,-27.1828,-12.0651,-8.9394,53.3807,157.5458,147.6139
63.64,-27.1898,-12.0068,-9.0489,53.0283,157.862,148.509
63.66,-27.1891,-12.006,-9.0922,52.8654,157.9654,148.8437
63.68,-27.1788,-12.0503,-9.0724,52.868,157.8192,148.423
63.7,-27.1469,-12.3062,-8.8344,53.5066,157.0267,146.5632
63.72,-27.1307,-12.5089,-8.6207,54.1986,156.4346,145.6033
63.74,-27.1146,-12.7536,-8.3484,55.1178,155.6536,144.5768
63.76,-27.0949,-13.0312,-8.02,56.1877,154.6479,143.2218
63.78,-27.0694,-13.3413,-7.6411,57.3358,153.4026,141.4274
63.8,-27.005,-14.0232,-6.7315,59.9019,150.0698,136.702
63.82,-26.9653,-14.3821,-6.2003,61.2984,147.8596,133.8328
63.84,-26.9192,-14.7374,-5.6105,62.7438,145.1818,130.2977
63.86,-26.8717,-15.0826,-4.9572,64.2184,141.9273,125.848
63.88,-26.8335,-15.4217,-4.2292,65.8018,138.0755,120.9771
63.9,-26.7988,-16.059,-2.5395,69.1557,127.7051,108.9324
63.92,-26.799,-16.3406,-1.5818,70.6898,120.694,100.8845
63.94,-26.8083,-16.5951,-0.5548,71.978,112.302,91.4832
63.96,-26.8375,-16.8076,0.5297,72.9152,102.4411,80.7926
63.98,-26.8793,-16.9616,1.6712,73.3366,91.3268,68.9838
64,-27.0207,-17.0656,4.0468,72.3377,68.5075,45.7048
64.02,-27.1179,-17.012,5.2507,71.1171,59.1543,36.6181
64.04,-27.2428,-16.8736,6.4383,69.1526,50.0099,28.0467
64.06,-27.3953,-16.6515,7.5957,66.8795,42.4568,21.4151
64.08,-27.5637,-16.3753,8.6965,64.7074,36.8126,16.9978
64.1,-27.9729,-15.6151,10.6829,59.5393,27.7351,9.8466
64.12,-28.2086,-15.1648,11.5514,57.0349,24.1256,7.6785
64.14,-28.4571,-14.6861,12.3241,54.4988,21.0525,5.9438
64.16,-28.7229,-14.1861,13.0086,51.7671,17.948,4.3965
64.18,-28.9781,-13.7007,13.5999,49.45,15.5594,3.4164
64.2,-29.4765,-12.8149,14.5108,45.6022,11.9297,1.716
64.22,-29.7153,-12.4457,14.8426,44.1483,10.4217,0.9205
64.24,-29.9357,-12.151,15.0995,43.034,9.1202,0.0428
64.26,-30.1479,-11.9432,15.2851,42.3132,7.9428,359.2036
64.28,-30.3321,-11.8254,15.3998,41.9633,7.0127,358.0907
64.3,-30.6074,-11.8163,15.4413,42.156,5.6994,356.2939
64.32,-30.6987,-11.9344,15.3589,42.6809,5.3761,355.8393
64.34,-30.764,-12.1326,15.1979,43.4964,5.282,355.591
64.36,-30.8005,-12.3898,14.9697,44.612,5.3611,355.3552
64.38,-30.8026,-12.7322,14.6665,46.0506,5.7281,355.223
64.4,-30.6894,-13.5835,13.8408,49.8069,7.1599,355.3834
64.42,-30.5971,-14.0713,13.2956,52.1391,8.2403,355.6528
64.43999,-30.4667,-14.5772,12.6633,54.7145,9.7274,356.008
64.46,-30.318,-15.0823,11.9362,57.4543,11.5269,356.5978
64.48,-30.15,-15.5644,11.1224,60.2574,13.7496,357.834
64.5,-29.7806,-16.4132,9.2346,66.1699,20.2087,2.6299
64.52,-29.5928,-16.7375,8.1681,69.0598,24.8717,6.8167
64.54,-29.3973,-16.9869,7.0374,71.8309,31.015,12.7727
64.56,-29.1977,-17.1584,5.8526,74.3354,39.2003,21.1889
64.58,-29.0003,-17.2397,4.6224,76.4658,50.2198,32.4023
64.6,-28.5982,-17.1303,2.1127,78.4282,81.1963,63.773
64.62,-28.3992,-16.968,0.8561,77.9972,98.3485,81.655
64.64,-28.206,-16.7352,-0.3813,76.6363,112.9825,97.0714
64.66,-28.009,-16.438,-1.5731,74.5566,124.2342,108.812
64.68,-27.8045,-16.0879,-2.6982,72.0134,132.0924,116.9686
64.7,-27.4397,-15.2405,-4.6848,66.8812,141.4227,127.9445
64.72,-27.2799,-14.7929,-5.5431,64.4652,144.3619,132.0144
64.74,-27.133,-14.3484,-6.3096,62.1083,146.6973,135.1385
64.76,-26.9979,-13.9151,-6.9809,59.8493,148.3567,136.995
64.78,-26.8834,-13.507,-7.5446,57.851,149.6524,138.4437
64.8,-26.7285,-12.8259,-8.3479,54.9024,151.4946,141.0968
64.82,-26.6833,-12.5792,-8.6011,53.924,152.1486,142.2447
64.84,-26.6563,-12.4009,-8.7654,53.2795,152.5969,142.9638
64.86,-26.6445,-12.2962,-8.8454,52.9467,152.8551,143.1758
64.88,-26.6525,-12.269,-8.8517,52.8882,153.0445,143.1858
64.9,-26.7161,-12.439,-8.6681,53.664,153.1429,142.9086
64.92,-26.7662,-12.6432,-8.4583,54.5117,152.8665,142.3126
64.93999,-26.8228,-12.894,-8.1922,55.5734,152.3888,141.6492
64.96,-26.8905,-13.1894,-7.8621,56.8816,151.7104,140.8993
64.98,-26.9678,-13.5288,-7.4688,58.4278,150.8635,140.1998
65,-27.1232,-14.2616,-6.5024,61.7808,148.1946,136.9194
65.02,-27.2002,-14.6326,-5.9329,63.5067,146.4032,134.2888
65.04,-27.2714,-14.9989,-5.3079,65.1941,144.0825,130.5498
65.06,-27.3462,-15.357,-4.6201,66.9512,141.304,126.3312
65.08,-27.4256,-15.702,-3.8687,68.7819,137.7974,121.5178
65.1,-27.5786,-16.3279,-2.1604,72.3598,127.0989,108.2226
65.12,-27.6551,-16.5923,-1.2072,73.9379,119.165,99.0658
65.14,-27.7281,-16.8189,-0.1906,75.1644,108.9834,87.8966
65.16,-27.8143,-16.9967,0.8799,75.9288,96.5673,75.0527
65.18,-27.9065,-17.1258,1.994,76.0216,82.7921,61.3532
65.2,-28.1094,-17.2496,4.2594,74.0859,58.0566,37.4521
65.22,-28.2126,-17.2279,5.3788,72.284,48.8947,28.7525
65.24,-28.3245,-17.1322,6.477,70.1397,41.4437,22.2502
65.26,-28.4486,-16.9593,7.5313,67.7834,35.4092,17.4889
65.28,-28.5974,-16.7104,8.5295,65.2961,30.2439,13.982
65.3,-28.8803,-16.1261,10.3009,60.5388,23.2097,9.2724
65.32,-29.0173,-15.7755,11.0735,58.3804,20.6289,7.3871
65.34,-29.1554,-15.41,11.7509,56.3352,18.377,5.6559
65.36,-29.28,-15.0455,12.3338,54.4262,16.5481,4.0813
65.38,-29.3882,-14.6667,12.8336,52.6895,15.049,2.6428
65.4,-29.5218,-14.0044,13.5812,49.9056,13.0873,0.5006
65.42,-29.5685,-13.7077,13.8391,48.7598,12.4356,359.7712
65.43999,-29.5717,-13.4938,14.0229,47.9399,12.1332,359.2657
65.46,-29.5638,-13.3254,14.1338,47.3509,11.9651,358.8595
65.48,-29.5173,-13.2225,14.1839,47.0595,12.0972,358.5758
65.5,-29.4087,-13.2003,14.0914,47.2642,12.6775,358.3034
65.52,-29.3055,-13.2967,13.9599,47.7953,13.2964,358.4881
65.54,-29.2003,-13.4782,13.7514,48.5948,14.0772,358.8286
65.56,-29.0745,-13.6972,13.4943,49.5963,15.0899,359.2137
65.58,-28.9441,-13.963,13.1622,50.8396,16.2795,359.7738
65.6,-28.6426,-14.5762,12.2863,53.9697,19.4816,1.1758
65.62,-28.4789,-14.9108,11.7315,55.8482,21.5207,2.0332
65.64,-28.3193,-15.2354,11.0977,57.8586,23.8083,2.9807
65.66,-28.1563,-15.5514,10.3834,59.9631,26.5223,4.1877
65.68,-28.0105,-15.8402,9.5858,62.1995,29.7338,5.9594
65.7,-27.7428,-16.3067,7.8053,66.7177,38.2472,11.6489
65.72,-27.6218,-16.4769,6.8333,68.825,44.0161,16.1475
65.74,-27.5252,-16.5774,5.828,70.7483,50.818,21.8261
65.76,-27.449,-16.6204,4.7954,72.3772,58.8378,29.1015
65.78,-27.3878,-16.6179,3.7505,73.7193,68.3231,38.186
65.8,-27.3037,-16.4362,1.6724,74.9092,90.4009,59.657
65.82,-27.2779,-16.2712,0.6595,74.6579,101.7177,70.971
65.84,-27.261,-16.0577,-0.3162,73.8827,111.8458,81.161
65.86,-27.2524,-15.8107,-1.2444,72.7106,120.7573,90.3045
65.88,-27.2551,-15.5373,-2.1145,71.3073,128.0337,98.1564
65.9,-27.2842,-14.967,-3.6714,68.1301,138.81,110.5177
65.92,-27.3052,-14.6871,-4.3504,66.4967,142.6082,114.8763
65.93999,-27.3257,-14.4203,-4.9489,64.9205,145.5109,118.1232
65.96,-27.352,-14.1726,-5.457,63.5304,147.8,120.8935
65.98,-27.387,-13.951,-5.8726,62.4198,149.5709,123.3964
66,-27.4671,-13.6367,-6.4473,60.8659,152.0531,127.4467
66.02,-27.5071,-13.5545,-6.6194,60.3784,152.8632,128.7082
66.04,-27.5467,-13.5238,-6.7147,60.1094,153.4059,129.4633
66.06,-27.5857,-13.5446,-6.7316,60.1184,153.6794,129.9098
66.08,-27.6227,-13.6029,-6.6759,60.3928,153.6701,130.0776
66.1,-27.6933,-13.8593,-6.3301,61.6667,152.8351,129.5843
66.12,-27.7209,-14.0339,-6.0675,62.5386,152.0618,128.7994
66.14,-27.7444,-14.2424,-5.7509,63.5613,151.0164,127.8371
66.16,-27.7634,-14.4719,-5.3813,64.7278,149.6728,126.7597
66.18,-27.7798,-14.7159,-4.9656,66.0973,147.8961,125.5818
66.2,-27.761,-15.2034,-4.0284,68.565,142.6997,120.3109
66.22,-27.7367,-15.4455,-3.5128,69.7231,139.3669,116.6963
66.24,-27.7074,-15.6806,-2.9618,70.831,135.4018,112.2706
66.26,-27.6732,-15.9181,-2.3709,71.8557,130.7419,107.0816
66.28,-27.6404,-16.1478,-1.7327,72.8251,125.2193,100.9759
66.3,-27.5783,-16.5618,-0.2983,74.3239,111.1624,85.7399
66.32,-27.5543,-16.7345,0.4997,74.7853,102.4863,76.7644
66.34,-27.5352,-16.8692,1.3478,74.911,92.903,67.0222
66.36,-27.5215,-16.9615,2.2364,74.6266,83.0407,57.1583
66.38,-27.5132,-17.0029,3.1592,73.9053,73.5146,47.5921
66.4,-27.5165,-16.957,5.0591,71.4429,57.3072,31.2194
66.42,-27.5369,-16.8766,6.0076,69.8631,50.7769,24.7163
66.43999,-27.5686,-16.762,6.9407,68.5016,45.9252,20.2999
66.46,-27.6115,-16.5765,7.8536,66.4317,40.7732,15.4223
66.48,-27.6698,-16.343,8.727,64.7051,36.9626,12.2835
66.5,-27.8111,-15.7727,10.2999,60.7396,30.69,7.3326
66.52,-27.8947,-15.4376,10.9931,58.7016,28.0296,5.4505
66.54,-27.9794,-15.0912,11.6151,56.7856,25.8122,3.8114
66.56,-28.0677,-14.7555,12.1589,55.1869,24.1812,2.928
66.58,-28.1591,-14.4057,12.6286,53.5293,22.4946,1.7391
66.6,-28.311,-13.7928,13.3622,50.7821,20.0816,0.1893
66.62,-28.3687,-13.5309,13.6352,49.6751,19.1887,359.6783
66.64,-28.4284,-13.3341,13.8338,48.8508,18.4623,359.3627
66.66,-28.4725,-13.1848,13.9778,48.2076,17.9482,359.1597
66.68,-28.4929,-13.0934,14.0663,47.8232,17.6454,359.1222
66.7,-28.5096,-13.1085,14.0589,47.8158,17.5427,359.28
66.72,-28.4932,-13.1943,13.9792,48.1388,17.7622,359.3006
66.74,-28.4624,-13.3803,13.8066,48.9076,18.2426,359.4326
66.76,-28.4281,-13.5847,13.5785,49.8667,18.83,359.5122
66.78,-28.3661,-13.8742,13.2754,51.1839,19.7858,359.7204
66.8,-28.2254,-14.4716,12.4649,54.3129,22.1817,0.3034
66.82,-28.1374,-14.7968,11.9547,56.1225,23.8462,0.8551
66.84,-28.0488,-15.1311,11.3685,58.0669,25.8647,1.7956
66.86,-27.9566,-15.4585,10.7243,60.1071,28.2589,3.2359
66.88,-27.8826,-15.7809,10.0039,62.246,30.9873,5.1367
66.9,-27.7387,-16.3476,8.3761,66.6386,38.4368,10.7252
66.92,-27.6772,-16.558,7.4837,68.661,43.0695,14.8035
66.93999,-27.63,-16.718,6.5354,70.6211,48.8165,20.2336
66.96,-27.5931,-16.8215,5.5472,72.4219,55.7655,26.845
66.98,-27.5586,-16.8724,4.5277,73.9348,64.4841,35.127
67,-27.5044,-16.7777,2.4564,75.5408,85.8703,56.1586
67.02,-27.4863,-16.634,1.4258,75.5113,97.5354,67.8799
67.04,-27.4664,-16.4486,0.4144,74.909,108.3002,78.8001
67.06,-27.4453,-16.2291,-0.5652,73.8226,118.1877,88.9669
67.08,-27.4239,-15.975,-1.4972,72.394,125.9774,97.0281
67.1,-27.3789,-15.4272,-3.184,68.9877,137.2015,109.4117
67.12,-27.3574,-15.1567,-3.9243,67.2415,141.0206,114.1862
67.14,-27.3303,-14.9027,-4.5861,65.537,143.8791,117.9668
67.16,-27.2974,-14.6665,-5.1581,63.9927,145.8559,120.9474
67.18,-27.2659,-14.4622,-5.6422,62.6723,147.3015,123.7685
67.2,-27.197,-14.1658,-6.3564,60.6576,149.0819,128.0838
67.22,-27.1547,-14.075,-6.5851,59.9441,149.404,129.1585
67.24,-27.1141,-14.026,-6.7269,59.4958,149.4364,129.8522
67.26,-27.0756,-14.017,-6.773,59.3632,149.2753,130.3125
67.28,-27.0437,-14.0507,-6.7405,59.5006,148.9127,130.5323
67.3,-26.9685,-14.2475,-6.4256,60.3594,147.3875,129.3949
67.32,-26.9368,-14.4037,-6.16,61.1287,146.2012,128.3339
67.34,-26.91,-14.5995,-5.8276,62.0468,144.7697,127.0391
67.36,-26.8893,-14.827,-5.4327,63.0971,143.0222,125.4352
67.38,-26.8714,-15.0829,-4.9775,64.2343,140.8452,123.3528
67.4,-26.8496,-15.6395,-3.8904,66.7834,134.8773,117.5043
67.42,-26.8423,-15.9171,-3.2614,68.0349,130.7972,112.96
67.43999,-26.8404,-16.1928,-2.5758,69.2156,126.0555,107.5409
67.46,-26.8499,-16.4426,-1.8184,70.3545,120.399,101.0298
67.48,-26.8738,-16.6761,-0.9966,71.3862,113.8107,93.8159
67.5,-26.9777,-17.0385,0.8363,72.9805,97.362,76.8905
67.52,-27.0441,-17.1492,1.8255,73.1851,87.8625,66.7598
67.54,-27.1258,-17.2078,2.8537,72.9124,77.9882,56.356
67.56,-27.2112,-17.2264,3.9147,72.2037,68.3964,46.6864
67.58,-27.3346,-17.1858,4.9803,71.1406,59.3974,37.9372
67.6,-27.6058,-16.9493,7.099,67.7432,44.6016,24.376
67.62,-27.769,-16.7468,8.116,65.712,38.7886,19.7654
67.64,-27.9523,-16.4972,9.0753,63.4756,33.8075,16.1554
67.66,-28.1497,-16.189,9.9822,61.2803,29.6857,13.5729
67.68,-28.3488,-15.8508,10.812,59.0022,26.0938,11.3379
67.7,-28.7449,-15.0887,12.2355,54.9092,20.5923,7.6881
67.72,-28.935,-14.6775,12.8237,53.0335,18.507,6.3573
67.74,-29.0999,-14.3007,13.324,51.3219,16.7116,4.9544
67.76,-29.2597,-13.923,13.744,49.8382,15.2115,3.8157
67.78,-29.3931,-13.5814,14.0896,48.4753,13.99,2.6922
67.8,-29.5656,-13.0684,14.5761,46.4999,12.3624,1.2762
67.82,-29.6255,-12.9004,14.7159,45.871,11.8535,0.8399
67.84,-29.6534,-12.8133,14.795,45.5688,11.6847,0.6683
67.86,-29.669,-12.7841,14.8113,45.4529,11.5333,0.6639
67.88,-29.6502,-12.8399,14.7725,45.6079,11.6651,0.916
67.9,-29.5379,-13.1563,14.4901,46.8025,12.6083,1.6372
67.92,-29.4509,-13.4114,14.2358,47.8836,13.4205,1.9221
67.93999,-29.336,-13.7047,13.9201,49.2082,14.492,2.1746
67.96,-29.1973,-14.0244,13.5362,50.7666,15.7721,2.414
67.98,-29.0519,-14.396,13.0639,52.585,17.3301,2.8623
68,-28.7381,-15.1676,11.8994,56.7118,21.3649,4.3509
68.02,-28.5542,-15.5621,11.211,58.9443,24.0704,5.6657
68.04,-28.3886,-15.9425,10.4356,61.2648,27.216,7.6913
68.06,-28.232,-16.2837,9.5932,63.5559,30.778,10.587
68.08,-28.0639,-16.5919,8.6859,65.8047,35.1236,14.3196
68.1,-27.7587,-17.046,6.6819,69.9677,47.1172,25.3726
68.12,-27.6175,-17.1751,5.6071,71.6561,54.7815,33.0563
68.14,-27.4835,-17.2378,4.4977,72.9369,63.5621,41.8283
68.16,-27.3518,-17.2296,3.3729,73.7962,73.8489,52.0544
68.18,-27.2285,-17.1587,2.2379,74.0977,84.8149,62.8037
68.2,-27.0037,-16.8175,0.0153,72.9084,106.1856,83.5993
68.22,-26.9044,-16.5622,-1.0318,71.672,115.0377,92.4925
68.24,-26.813,-16.2649,-2.0234,70.0124,122.4834,99.8879
68.26,-26.7298,-15.9298,-2.9406,68.2525,127.9557,105.3037
68.28,-26.6598,-15.5707,-3.7786,66.4534,132.4962,109.8245
68.3,-26.5631,-14.8564,-5.2092,62.8322,139.4559,116.8626
68.32,-26.5415,-14.5314,-5.7976,61.2836,142.0491,119.9878
68.34,-26.5269,-14.2405,-6.3001,59.8656,144.125,122.4078
68.36,-26.5202,-13.9841,-6.7106,58.6656,145.6122,124.158
68.38,-26.5201,-13.7766,-7.025,57.7553,146.634,125.5397
68.4,-26.5583,-13.5275,-7.4008,56.8248,148.0951,128.2785
68.42,-26.5844,-13.4902,-7.4791,56.6698,148.5243,129.0475
68.43999,-26.6113,-13.5028,-7.4874,56.6982,148.7175,129.192
68.46,-26.6394,-13.5624,-7.4291,56.9394,148.6621,129.0528
68.48,-26.6785,-13.6777,-7.2832,57.5013,148.3982,128.8869
68.5,-26.7563,-14.0207,-6.7996,59.255,147.1376,127.9837
68.52,-26.7959,-14.2407,-6.4788,60.3112,146.2158,127.1255
68.54,-26.8326,-14.4857,-6.109,61.4207,144.9416,125.5813
68.56,-26.8708,-14.747,-5.6884,62.6124,143.3889,123.6727
68.58,-26.9133,-15.0215,-5.2161,63.8867,141.5103,121.433
68.6,-27.0094,-15.6132,-4.1248,66.4962,136.7243,115.3376
68.62,-27.0636,-15.9183,-3.4895,67.8484,133.4679,111.1295
68.64,-27.1285,-16.2164,-2.783,69.2756,129.3438,106.1366
68.66,-27.1999,-16.4972,-1.9904,70.7125,124.0365,100.0717
68.68,-27.2853,-16.7492,-1.1056,72.1684,117.2538,93.0207
68.7,-27.4757,-17.1516,0.8904,74.3568,98.6601,74.0485
68.72,-27.5735,-17.284,1.9849,74.7134,87.0509,62.286
68.74,-27.6693,-17.3831,3.1181,74.4317,75.1892,50.6202
68.76,-27.7681,-17.4211,4.2786,73.4389,63.9496,39.8701
68.78,-27.8746,-17.3861,5.4492,71.8934,54.0085,30.9248
68.8,-28.1211,-17.0875,7.7379,67.3641,38.9061,18.934
68.82,-28.2624,-16.8465,8.8134,64.923,33.6509,15.8914
68.84,-28.4205,-16.54,9.8192,62.2715,29.1567,13.5775
68.86,-28.5936,-16.1658,10.741,59.7882,25.5809,11.5283
68.88,-28.7681,-15.7625,11.5759,57.2665,22.5595,9.9587
68.9,-29.1224,-14.8605,12.9669,52.7161,17.7538,7.467
68.92,-29.2962,-14.4092,13.524,50.6988,15.82,6.3857
68.93999,-29.4546,-13.9982,13.9946,48.9188,14.2355,5.3935
68.96,-29.5863,-13.6221,14.3892,47.3673,12.9447,4.443
68.98,-29.7145,-13.2721,14.6992,46.0087,11.858,3.6913
69,-29.885,-12.7608,15.1051,44.0914,10.4889,2.6545
69.02,-29.9354,-12.6116,15.2025,43.5864,10.1267,2.3576
69.04,-29.9543,-12.5399,15.2391,43.3734,9.9729,2.0973
69.06,-29.9623,-12.5408,15.2124,43.4576,9.9661,1.9742
69.08,-29.9488,-12.6173,15.1387,43.801,10.0984,1.9556
69.1,-29.8621,-13.0285,14.7755,45.4992,10.9479,2.1554
69.12,-29.7591,-13.3452,14.5044,46.7838,11.8177,2.2943
69.14,-29.6529,-13.6803,14.1519,48.2858,12.8641,2.3803
69.16,-29.5293,-14.0675,13.7192,50.0911,14.1412,2.6135
69.18,-29.3822,-14.4607,13.2116,52.0813,15.6774,2.9018
69.2,-29.0788,-15.313,11.925,56.617,19.6978,4.4033
69.22,-28.8949,-15.7167,11.1692,59.0191,22.3357,5.4171
69.24,-28.7303,-16.1108,10.3126,61.4906,25.3865,6.942
69.26,-28.5801,-16.4737,9.3744,64.144,29.148,9.7525
69.28,-28.4334,-16.7947,8.3697,66.6801,33.4624,13.483
69.3,-28.177,-17.2485,6.1605,71.4247,46.3202,25.3916
69.32,-28.0583,-17.3495,4.9845,73.1938,54.833,33.6787
69.34,-27.938,-17.3774,3.778,74.5153,65.2245,44.0681
69.36,-27.8377,-17.3339,2.5522,75.3651,77.6486,56.7427
69.38,-27.7401,-17.233,1.331,75.5471,90.8483,70.3494
69.4,-27.5442,-16.8589,-1.0464,73.5481,115.1095,95.2113
69.42,-27.4563,-16.5846,-2.1595,71.8264,123.9246,104.9783
69.43999,-27.37,-16.2807,-3.2106,69.806,131.0362,113.2871
69.46,-27.2756,-15.9518,-4.1873,67.581,136.3367,119.3893
69.48,-27.1719,-15.5862,-5.066,65.3311,139.7801,123.0333
69.5,-26.9817,-14.8161,-6.5046,61.1991,144.5409,128.4153
69.52,-26.9076,-14.4446,-7.0742,59.4446,146.3313,130.7096
69.54,-26.8441,-14.1055,-7.5539,57.9048,147.7867,132.6478
69.56,-26.7844,-13.8117,-7.9482,56.5353,148.9095,133.9631
69.58,-26.7266,-13.5693,-8.2535,55.3859,149.6042,134.4256
69.6,-26.6359,-13.2697,-8.5849,53.9564,150.18,134.5147
69.62,-26.6077,-13.228,-8.6151,53.7418,150.1765,134.5045
69.64,-26.591,-13.257,-8.5668,53.8326,150.0378,134.3884
69.66,-26.5808,-13.3459,-8.4523,54.1392,149.7153,133.8195
69.68,-26.5754,-13.5236,-8.2261,54.7575,149.0978,132.5618
69.7,-26.6018,-14.0232,-7.5608,56.7088,147.3445,129.4385
69.72,-26.633,-14.3435,-7.0987,58.0443,146.0377,127.3724
69.74,-26.6786,-14.6945,-6.5434,59.6536,144.359,124.9172
69.76,-26.7407,-15.0696,-5.9,61.463,142.2544,122.0513
69.78,-26.8149,-15.462,-5.1671,63.4032,139.6452,118.6702
69.8,-27.0032,-16.2318,-3.446,67.5237,132.0758,109.4149
69.82,-27.1136,-16.592,-2.4683,69.5506,126.5392,103.1057
69.84,-27.2417,-16.9199,-1.4227,71.4749,119.5452,95.6312
69.86,-27.3763,-17.2169,-0.318,73.1316,110.9367,86.7825
69.88,-27.5198,-17.4659,0.8291,74.308,100.3645,76.0429
69.9,-27.8273,-17.7713,3.2169,74.7435,75.2506,51.6824
69.92,-27.9938,-17.8064,4.4222,73.8636,63.0056,40.2367
69.93999,-28.164,-17.7662,5.6081,72.3754,52.487,30.6611
69.96,-28.3423,-17.6446,6.7529,70.4283,43.9291,23.1164
69.98,-28.5323,-17.4413,7.8477,68.2771,37.0579,17.1739
70,-28.932,-16.8633,9.8415,63.5031,26.8427,9.376
70.02,-29.1499,-16.4974,10.7139,61.0435,22.9569,6.5916
70.04,-29.3509,-16.0924,11.5146,58.5506,19.784,4.6525
70.06,-29.5631,-15.6638,12.2162,56.1598,17.0345,3.2259
70.08,-29.7503,-15.2449,12.8378,53.9445,14.8482,2.2901
70.1,-30.0973,-14.4086,13.8214,49.9341,11.3455,0.8835
70.12,-30.2339,-14.0568,14.1869,48.3874,10.1669,0.5798
70.14,-30.3531,-13.7524,14.4683,47.148,9.2096,0.1658
70.16,-30.4493,-13.4941,14.6762,46.1673,8.4876,359.7145
70.18,-30.5006,-13.289,14.826,45.4772,8.0316,359.1964
70.2,-30.5308,-13.1803,14.9093,45.1856,7.7765,358.3268
70.22,-30.5065,-13.21,14.8655,45.4009,7.8731,358.1418
70.24,-30.4607,-13.3398,14.7526,45.9959,8.2337,358.1299
70.26,-30.3672,-13.5599,14.551,46.91,8.8717,358.1121
70.28,-30.2501,-13.8136,14.2897,48.0461,9.7481,358.139
70.3,-29.9205,-14.4788,13.5442,51.166,12.3744,358.5501
70.32,-29.7243,-14.8443,13.0471,53.0321,14.1514,358.9451
70.34,-29.4907,-15.2288,12.4679,55.1368,16.3474,359.5307
70.36,-29.2691,-15.5956,11.7902,57.3545,18.7684,0.3662
70.38,-29.0251,-15.9583,11.0308,59.6997,21.803,1.6602
70.4,-28.5323,-16.5932,9.2651,64.3892,29.671,6.2871
70.42,-28.3023,-16.8442,8.2659,66.5621,34.7351,9.8866
70.43999,-28.0817,-17.0336,7.2015,68.7275,41.0175,14.9594
70.46,-27.8769,-17.1567,6.0831,70.5653,48.4666,21.409
70.48,-27.7012,-17.1982,4.9255,72.028,56.8562,29.1977
70.5,-27.3987,-17.1169,2.5349,74.0896,79.3904,51.1354
70.52,-27.2643,-16.9887,1.3355,74.0304,91.9078,63.1836
70.54,-27.146,-16.8004,0.163,73.2954,103.7293,74.8761
70.56,-27.0511,-16.5494,-0.9615,72.0577,113.6427,85.3149
70.58,-26.9701,-16.2661,-2.0343,70.462,121.8685,94.4488
70.6,-26.8307,-15.5923,-3.971,66.4858,133.4642,106.9662
70.62,-26.7864,-15.2219,-4.8139,64.438,137.6579,111.6755
70.64,-26.766,-14.8526,-5.5726,62.5423,141.0543,115.867
70.66,-26.7604,-14.5025,-6.2459,60.7598,143.9761,119.6769
70.68,-26.7624,-14.1779,-6.8408,59.0303,146.3576,122.4714
70.7,-26.7805,-13.6257,-7.749,56.151,149.4039,125.5064
70.72,-26.8077,-13.4192,-8.0581,55.1642,150.4811,126.8373
70.74,-26.8432,-13.2745,-8.2793,54.4682,151.3208,127.9763
70.76,-26.883,-13.1925,-8.4146,54.0426,151.9195,128.6449
70.78,-26.9251,-13.1708,-8.4621,53.903,152.2777,128.8852
70.8,-27.0167,-13.2959,-8.322,54.4179,152.4386,128.5114
70.82,-27.0764,-13.4687,-8.1069,55.1735,152.2372,127.9279
70.84,-27.1316,-13.6879,-7.8302,56.1302,151.7913,127.1677
70.86,-27.1871,-13.9549,-7.476,57.3303,151.0648,126.1264
70.88,-27.2447,-14.2621,-7.0481,58.7427,150.0679,124.8572
70.9,-27.3563,-14.9801,-5.9798,62.0283,147.0005,121.475
70.92,-27.4071,-15.3734,-5.3426,63.814,144.7193,118.9515
70.93999,-27.459,-15.7659,-4.6337,65.6718,141.7263,115.4404
70.96,-27.5054,-16.1589,-3.8446,67.5723,137.8165,110.9987
70.98,-27.5612,-16.5306,-2.9793,69.516,132.9821,105.9767
71,-27.6665,-17.1709,-1.0498,72.9939,119.0577,91.4907
71.02,-27.7184,-17.4094,-0.003,74.2723,109.7294,81.5345
71.04,-27.77,-17.585,1.0858,75.1046,98.9755,69.9281
71.06,-27.8198,-17.6983,2.2028,75.316,87.1881,57.2586
71.08,-27.8715,-17.7397,3.3454,74.8736,75.1806,44.6654
71.1,-27.9806,-17.6044,5.6537,72.1433,54.2759,23.9818
71.12,-28.0532,-17.4093,6.8003,69.9453,45.8283,16.5135
71.14,-28.1422,-17.1653,7.9042,67.456,39.0895,11.278
71.16,-28.2408,-16.8633,8.9628,64.8284,33.7197,7.5833
71.18,-28.3475,-16.5256,9.9522,62.1669,29.5164,4.8098
71.2,-28.6013,-15.7127,11.6971,57.1298,23.048,1.1709
71.22,-28.73,-15.2765,12.4371,54.8,20.6661,359.8626
71.24,-28.8581,-14.8276,13.0852,52.6269,18.5744,358.7539
71.26,-28.972,-14.3789,13.6417,50.5846,16.8889,357.7584
71.28,-29.0707,-13.9349,14.1158,48.7279,15.532,356.957
71.3,-29.2424,-13.1443,14.8119,45.6017,13.5167,356.0477
71.32,-29.2814,-12.846,15.0657,44.42,12.9016,355.9516
71.34,-29.3222,-12.6049,15.2437,43.4729,12.414,356.0017
71.36,-29.3416,-12.4418,15.365,42.8076,12.1434,356.1944
71.38,-29.3484,-12.3438,15.4296,42.3931,11.9894,356.4405
71.4,-29.3156,-12.4199,15.3912,42.4848,12.1506,357.4513
71.42,-29.2579,-12.6008,15.28,43.0141,12.5208,357.9715
71.43999,-29.1926,-12.8326,15.0928,43.8532,13.09,358.3722
71.46,-29.0924,-13.1108,14.8508,44.9709,13.9164,358.6246
71.48,-29.0045,-13.4572,14.5101,46.434,14.8863,358.8057
71.5,-28.7405,-14.2487,13.6259,50.0343,17.603,359.4123
71.52,-28.5788,-14.669,13.0635,52.1375,19.4589,359.746
71.54,-28.4234,-15.1038,12.3958,54.4246,21.6645,0.4473
71.56,-28.2533,-15.5332,11.6448,56.8347,24.2966,1.7501
71.58,-28.0898,-15.9474,10.7987,59.3633,27.4216,3.7316
71.6,-27.7792,-16.6494,8.8422,64.5116,35.7989,9.3608
71.62,-27.6481,-16.9173,7.7312,66.9737,41.4493,13.8818
71.64,-27.5224,-17.1185,6.5618,69.2344,48.4958,20.0587
71.66,-27.4183,-17.2505,5.3391,71.2395,57.1613,28.2228
71.68,-27.3177,-17.3122,4.0902,72.7116,67.5846,38.1646
71.7,-27.1463,-17.2107,1.566,73.5476,91.7364,62.0957
71.72,-27.0708,-17.0527,0.3368,72.9057,103.2698,74.1946
71.74,-27.0119,-16.839,-0.8603,71.7403,113.6474,85.5012
71.76,-26.9464,-16.5692,-2.0004,70.0484,122.2603,94.7734
71.78,-26.8829,-16.2424,-3.0691,68.062,128.8147,101.9105
71.8,-26.7811,-15.4872,-4.954,63.9266,138.1081,113.1151
71.82,-26.7416,-15.1035,-5.7773,61.9042,141.4207,117.4903
71.84,-26.7056,-14.7347,-6.5219,59.8897,144.2233,121.2146
71.86,-26.6626,-14.3819,-7.1751,57.9594,146.184,123.6131
71.88,-26.6198,-14.0562,-7.7271,56.2307,147.5964,125.4634
71.9,-26.5562,-13.5322,-8.5261,53.6943,149.4524,128.8305
71.92,-26.5289,-13.3524,-8.789,52.7966,150.0247,129.9086
71.93999,-26.4983,-13.2292,-8.9589,52.1213,150.2525,129.9788
71.96,-26.467,-13.163,-9.0278,51.7483,150.1943,129.2313
71.98,-26.443,-13.1564,-8.9921,51.6127,149.8739,127.7611
72,-26.4422,-13.3716,-8.5903,52.6503,149.0663,125.5178
72.02,-26.4557,-13.5874,-8.2307,53.7012,148.2806,123.9141
72.04,-26.4778,-13.8732,-7.7738,55.0499,147.1798,121.8709
72.06,-26.5082,-14.218,-7.212,56.6878,145.6896,119.2734
72.08,-26.5511,-14.6185,-6.5475,58.611,143.7307,116.3601
72.1,-26.7069,-15.5445,-4.9107,63.4986,137.9965,111.5617
72.12,-26.8176,-16.0313,-3.9664,66.4548,133.5865,109.742
72.14,-26.9096,-16.4723,-2.985,68.9983,127.6636,105.5081
72.16,-26.9772,-16.8547,-1.9952,70.892,120.4657,98.7518
72.18,-27.0415,-17.1796,-1.0239,72.3419,112.5686,91.3109
72.2,-27.1319,-17.5907,0.8312,73.7019,95.202,73.5053
72.22,-27.1696,-17.6776,1.7189,73.7042,86.8488,64.2977
72.24,-27.2094,-17.7073,2.5947,73.3824,78.7531,55.403
72.26,-27.2571,-17.69,3.466,72.7753,71.1103,47.0694
72.28,-27.3125,-17.625,4.3417,71.8635,64.0443,39.1914
72.3,-27.4827,-17.3579,6.1444,68.947,50.4483,26.1247
72.32,-27.5935,-17.1887,7.0522,67.0151,44.3959,21.522
72.34,-27.7126,-16.9998,7.9348,64.9841,39.3691,17.7303
72.36,-27.853,-16.7743,8.7661,62.9826,35.1014,14.3002
72.38,-27.9992,-16.516,9.5331,61.1215,31.5058,11.3307
72.4,-28.2854,-15.8745,10.8623,57.6521,25.9006,6.4972
72.42,-28.4359,-15.5081,11.416,56.0056,23.6548,4.5308
72.43999,-28.5691,-15.1615,11.9178,54.4539,21.8023,3.0342
72.46,-28.701,-14.8178,12.3751,52.9067,20.1596,1.8246
72.48,-28.834,-14.5058,12.7747,51.4753,18.6801,0.9884
72.5,-29.0503,-13.969,13.4237,49.0451,16.4318,359.6977
72.52,-29.1377,-13.7355,13.6555,48.0503,15.6566,359.3433
72.54,-29.2209,-13.5173,13.8314,47.234,15.0245,358.8717
72.56,-29.281,-13.3335,13.9714,46.5532,14.5555,358.4671
72.58,-29.3389,-13.1851,14.0774,46.0371,14.124,358.1737
72.6,-29.4035,-13.1137,14.2193,45.5602,13.4945,358.4644
72.62,-29.405,-13.1516,14.2345,45.5918,13.4394,358.5939
72.64,-29.3866,-13.2197,14.1981,45.8123,13.614,358.5735
72.66,-29.3286,-13.3298,14.0827,46.2438,14.059,358.7183
72.68,-29.2392,-13.4817,13.9099,46.9649,14.7964,358.9504
72.7,-29.0262,-13.8462,13.4137,48.8474,16.5519,359.066
72.72,-28.9123,-14.0884,13.0776,50.0352,17.6524,359.2169
72.74,-28.7546,-14.3425,12.6962,51.3054,19.0372,359.5343
72.76,-28.5999,-14.6338,12.2259,52.8171,20.6062,0.3914
72.78,-28.4516,-14.8957,11.6756,54.4287,22.311,1.4387
72.8,-28.1073,-15.4764,10.3083,58.3183,27.252,4.195
72.82,-27.9247,-15.7716,9.5091,60.4604,30.4949,6.2641
72.84,-27.7642,-16.076,8.6233,62.7919,34.348,9.3112
72.86,-27.6082,-16.3674,7.6681,65.1271,39.0586,13.3372
72.88,-27.4655,-16.609,6.647,67.3329,44.8212,18.4913
72.9,-27.2033,-16.9065,4.4595,70.9068,60.3453,33.5586
72.92,-27.088,-16.9417,3.3236,72.0673,70.1649,43.2919
72.93999,-26.9782,-16.9145,2.1724,72.6305,81.0473,53.7285
72.96,-26.8748,-16.8145,1.032,72.5524,92.5365,64.4485
72.98,-26.7786,-16.6333,-0.0637,71.8202,102.936,74.2072
73,-26.6317,-16.1024,-2.0709,69.2976,119.4171,90.7318
73.02,-26.5718,-15.7966,-2.9698,67.6766,125.4678,96.8752
73.04,-26.5191,-15.4905,-3.7923,65.9375,130.5678,102.1647
73.06,-26.4748,-15.1999,-4.5343,64.1786,134.519,106.5073
73.08,-26.4432,-14.9278,-5.1897,62.5631,137.7002,110.4841
73.1,-26.4016,-14.4826,-6.2589,59.796,142.0101,117.0661
73.12,-26.3764,-14.3051,-6.6726,58.5895,143.2537,118.8254
73.14,-26.3563,-14.1526,-6.9961,57.624,144.0634,119.9132
73.16,-26.3481,-14.0392,-7.2295,56.9447,144.7138,120.9623
73.18,-26.3502,-13.9691,-7.3772,56.5447,145.2082,121.8225
73.2,-26.3715,-13.9379,-7.4384,56.3996,145.6733,122.3024
73.22,-26.3833,-13.978,-7.3675,56.5688,145.5961,121.9003
73.24,-26.4027,-14.0727,-7.2118,57.0071,145.2802,121.1731
73.26,-26.4259,-14.2171,-6.9943,57.6463,144.6976,120.2739
73.28,-26.4531,-14.4103,-6.7096,58.5045,143.8282,119.2311
73.3,-26.5271,-14.9337,-5.9397,60.7943,141.0005,116.2715
73.32,-26.5725,-15.2591,-5.4496,62.1645,138.9389,114.2274
73.34,-26.6256,-15.6118,-4.8817,63.6855,136.321,111.7292
73.36,-26.6884,-15.9818,-4.2356,65.3343,133.0789,108.7917
73.38,-26.7613,-16.3604,-3.5196,66.9173,129.4904,105.6053
73.4,-26.9349,-17.0696,-1.8721,70.271,119.0438,96.6578
73.42,-27.0312,-17.3675,-0.9616,71.7237,111.7819,90.4375
73.43999,-27.1338,-17.6023,-0.0152,73.0149,103.0014,83.5125
73.46,-27.22,-17.7607,0.9153,73.7434,93.5154,75.2326
73.48,-27.2866,-17.8467,1.8026,73.8499,84.6006,66.286
73.5,-27.3808,-17.8912,3.3799,73.1575,70.0415,50.7443
73.52,-27.4237,-17.863,4.0579,72.6642,63.8792,44.88
73.54,-27.4348,-17.7954,4.6409,71.7618,59.3649,39.3195
73.56,-27.4431,-17.7151,5.1159,71.0743,55.8031,35.433
73.58,-27.4367,-17.6319,5.4814,70.4102,53.4691,32.405
73.6,-27.4044,-17.5034,5.902,69.6822,51.1807,28.8171
73.62,-27.3725,-17.4647,5.9717,69.5514,51.117,27.9956
73.64,-27.3425,-17.4401,5.9489,69.5879,51.6085,27.7887
73.66,-27.3145,-17.4167,5.8575,69.7506,52.4449,28.1068
73.68,-27.277,-17.4091,5.6563,70.0256,53.9745,29.1526
73.7,-27.1931,-17.4013,5.0691,70.8191,58.811,32.6967
73.72,-27.1601,-17.3959,4.6901,71.3512,61.995,35.3064
73.74,-27.1322,-17.3901,4.2641,71.9102,65.805,38.4688
73.76,-27.096,-17.3845,3.8132,72.369,70.2056,42.2009
73.78,-27.058,-17.3523,3.364,72.5407,74.3921,45.7234
73.8,-26.9848,-17.2345,2.5543,72.5731,81.6053,52.476
73.82,-26.9451,-17.174,2.2146,72.5175,84.814,55.3237
73.84,-26.9089,-17.1149,1.9329,72.4148,87.533,57.5136
73.86,-26.8649,-17.0602,1.7342,72.3001,89.6132,59.0955
73.88,-26.8178,-17.0053,1.6271,72.1301,90.7492,59.8001
73.9,-26.7174,-16.9162,1.7232,71.6554,89.3264,58.2892
73.92,-26.6622,-16.8923,1.9532,71.3537,86.679,56.2715
73.93999,-26.6054,-16.8891,2.2926,70.9243,83.0314,53.2339
73.96,-26.5566,-16.906,2.7198,70.4061,78.9948,49.6674
73.98,-26.5164,-16.9129,3.2456,69.7616,74.4091,45.4519
74,-26.5103,-16.8291,4.5493,67.8997,63.876,36.0404
74.02,-26.5535,-16.712,5.3117,66.6643,58.3632,31.0184
74.04,-26.6227,-16.5682,6.1221,65.2703,53.2565,26.0077
74.06,-26.7277,-16.3867,6.973,63.817,48.3473,21.0145
74.08,-26.8697,-16.1959,7.8281,62.3595,43.8956,16.2872
74.1,-27.2154,-15.6991,9.5537,58.9942,35.7081,8.0757
74.12,-27.4117,-15.4006,10.3782,57.1029,32.074,4.9941
74.14,-27.6069,-15.0857,11.154,55.1176,28.9082,2.6863
74.16,-27.798,-14.7419,11.8745,53.0849,26.1054,1.0531
74.18,-27.9984,-14.3896,12.5133,51.0911,23.5996,0.006
74.2,-28.3645,-13.7043,13.5561,47.7074,19.6131,359.6488
74.22,-28.5259,-13.4115,13.9481,46.2584,18.003,359.7846
74.24,-28.6599,-13.16,14.2548,45.0614,16.7981,359.7773
74.26,-28.7655,-12.9473,14.4888,44.1504,15.9182,359.5005
74.28,-28.8527,-12.8098,14.6377,43.5819,15.3007,359.2147
74.3,-28.9454,-12.7295,14.7427,43.3354,14.7164,358.6142
74.32,-28.9549,-12.8003,14.6949,43.6269,14.7249,358.4902
74.34,-28.9567,-12.9435,14.5712,44.2503,14.9259,358.4087
74.36,-28.9136,-13.1804,14.3654,45.2115,15.4646,358.5302
74.38,-28.853,-13.4362,14.0979,46.3071,16.1576,358.7574
74.4,-28.6682,-14.1151,13.2987,49.4849,18.3372,359.6318
74.42,-28.5518,-14.4908,12.7528,51.44,19.9143,0.0267
74.43999,-28.4061,-14.8663,12.1207,53.5857,21.9008,0.5779
74.46,-28.2475,-15.2647,11.3915,55.988,24.3803,1.5961
74.48,-28.0972,-15.6512,10.5556,58.5443,27.2528,3.1196
74.5,-27.8004,-16.3101,8.6257,63.7643,35.172,8.178
74.52,-27.6606,-16.5686,7.5356,66.372,40.7495,12.4213
74.54,-27.5393,-16.7461,6.3787,68.737,47.5034,18.0578
74.56,-27.4265,-16.8463,5.17,70.8273,56.0086,25.5464
74.58,-27.3339,-16.8638,3.9204,72.5113,66.3419,35.0246
74.6,-27.1817,-16.6581,1.4003,73.8589,91.5536,59.286
74.62,-27.131,-16.4504,0.162,73.4062,104.3277,72.3117
74.64,-27.0862,-16.1945,-1.0403,72.211,115.8682,84.2772
74.66,-27.0397,-15.8809,-2.1808,70.4087,125.0703,93.6546
74.68,-27.0001,-15.5106,-3.2402,68.298,132.1667,101.0325
74.7,-26.9478,-14.7008,-5.0717,63.9298,141.7496,112.187
74.72,-26.943,-14.2997,-5.849,61.9397,145.135,116.8788
74.74,-26.9377,-13.9175,-6.5439,59.8783,147.8938,120.2066
74.76,-26.9317,-13.567,-7.1384,57.9662,149.9566,122.5625
74.78,-26.9323,-13.2547,-7.6245,56.3694,151.4644,124.4935
74.8,-26.9435,-12.8173,-8.2865,54.1884,153.3132,127.9415
74.82,-26.9503,-12.709,-8.4924,53.5318,153.8468,129.5064
74.84,-26.9457,-12.672,-8.6287,53.0587,154.091,130.2936
74.86,-26.924,-12.697,-8.6871,52.7664,153.9917,130.0167
74.88,-26.897,-12.7779,-8.6685,52.7283,153.6378,129.3275
74.9,-26.8298,-13.1381,-8.3448,53.8274,152.2706,128.197
74.92,-26.7848,-13.3788,-8.0621,54.8214,151.1717,127.3137
74.93999,-26.7277,-13.6454,-7.7097,55.8947,149.8079,125.8017
74.96,-26.6626,-13.9362,-7.2944,57.058,148.184,123.7743
74.98,-26.5905,-14.2531,-6.8183,58.284,146.2261,121.2508
75,-26.4445,-14.9313,-5.6725,60.9772,141.115,114.8309
75.02,-26.3774,-15.2877,-5.0001,62.3864,137.849,110.7557
75.04,-26.3199,-15.6483,-4.2593,63.8255,134.0578,106.1429
75.06,-26.2738,-15.9962,-3.4459,65.2943,129.6336,100.7602
75.08,-26.2399,-16.3142,-2.5602,66.6895,124.4109,94.2991
75.1,-26.2167,-16.8063,-0.57,69.1311,111.1956,78.1915
75.12,-26.2329,-16.9744,0.519,70.0025,103.1192,68.6671
75.14,-26.2748,-17.0718,1.6632,70.5995,94.0118,58.3457
75.16,-26.3237,-17.1214,2.8413,70.7006,84.4725,47.6759
75.18,-26.3971,-17.0975,4.0364,70.3278,74.8771,36.9127
75.2,-26.5943,-16.8622,6.435,68.1899,57.4673,18.6577
75.22,-26.7303,-16.6373,7.6023,66.4747,49.8744,11.6648
75.24,-26.88,-16.3558,8.716,64.4893,43.6571,6.2202
75.25999,-27.0586,-15.9776,9.7589,62.0506,38.0965,0.9667
75.28,-27.25,-15.5781,10.7174,59.7046,33.705,357.3077
75.3,-27.6824,-14.651,12.3725,55.2261,26.6436,352.1886
75.32,-27.8998,-14.1761,13.064,53.0447,23.836,350.2464
75.34,-28.1015,-13.7224,13.6658,51.1413,21.5746,348.5242
75.36,-28.3092,-13.2715,14.1701,49.3588,19.5574,346.701
75.38,-28.4998,-12.8621,14.5924,47.7994,17.8145,345.249
75.4,-28.8297,-12.1871,15.1901,45.3798,15.1886,343.1096
75.42,-28.9515,-11.9471,15.3822,44.5726,14.3063,342.3761
75.43999,-29.0476,-11.7493,15.5131,43.9628,13.6481,341.6214
75.46,-29.1243,-11.6679,15.5668,43.7315,13.2246,341.1231
75.48,-29.181,-11.6535,15.5607,43.7403,12.98,340.8166
75.5,-29.2094,-11.89,15.3984,44.6466,13.0976,341.0794
75.52,-29.1877,-12.1493,15.2109,45.6124,13.4852,341.4537
75.54,-29.1432,-12.4437,14.9596,46.7482,14.0969,341.8758
75.56,-29.058,-12.7989,14.6551,48.1243,15.053,342.5757
75.58,-28.9696,-13.2396,14.2503,49.8163,16.255,343.6847
75.6,-28.7304,-14.1568,13.2381,53.6248,19.4256,346.376
75.62,-28.5809,-14.6345,12.6089,55.7794,21.6214,348.0379
75.64,-28.4299,-15.1211,11.8931,58.1245,24.1949,350.1155
75.66,-28.2797,-15.5886,11.0999,60.5482,27.2329,352.8398
75.68,-28.1189,-16.0474,10.2174,63.0732,31.0747,356.1306
75.7,-27.8239,-16.7477,8.2218,67.8828,41.1358,4.463
75.72,-27.6964,-16.9755,7.1205,70.0342,48.0134,10.7251
75.74,-27.5859,-17.1136,5.9739,71.866,55.9618,18.4621
75.75999,-27.4757,-17.178,4.7958,73.3311,65.9934,28.1782
75.78,-27.3603,-17.1545,3.6033,74.094,77.2958,38.9552
75.8,-27.1743,-16.8591,1.2302,73.8246,100.7394,62.1363
75.82,-27.091,-16.6162,0.0882,72.8258,111.4534,73.0826
75.84,-27.0155,-16.3332,-1.0128,71.3489,120.422,82.4171
75.86,-26.9443,-16.0067,-2.0527,69.5565,127.555,89.9091
75.88,-26.8748,-15.6431,-3.0143,67.557,133.1485,95.8208
75.9,-26.7754,-14.8881,-4.6895,63.5977,140.9266,104.9914
75.92,-26.7471,-14.5315,-5.3969,61.8055,143.7161,108.7776
75.93999,-26.7251,-14.204,-6.0097,60.1143,145.9946,111.7918
75.96,-26.714,-13.9102,-6.5252,58.6458,147.7127,114.1721
75.98,-26.7098,-13.6544,-6.936,57.5411,148.6077,115.5227
76,-26.7487,-13.3138,-7.484,56.0259,150.4976,119.2908
76.02,-26.7787,-13.237,-7.6355,55.603,151.0904,120.575
76.04,-26.8117,-13.222,-7.7105,55.3825,151.4434,121.2779
76.06,-26.8441,-13.2641,-7.7032,55.4053,151.5415,121.5075
76.08,-26.8797,-13.3586,-7.6257,55.681,151.4128,121.5609
76.1,-26.9696,-13.7618,-7.1886,57.1827,150.3818,121.1146
76.12,-27.0128,-14.0317,-6.8614,58.268,149.4453,120.3056
76.14,-27.0548,-14.3397,-6.457,59.5575,148.2219,119.0998
76.16,-27.1004,-14.6811,-5.9864,60.9999,146.72,117.6648
76.18,-27.145,-15.041,-5.443,62.565,144.9061,115.963
76.2,-27.222,-15.7698,-4.1653,65.9074,139.6785,110.7516
76.22,-27.2486,-16.1195,-3.443,67.5272,135.9547,106.5862
76.24,-27.2721,-16.4445,-2.6672,69.0841,131.4813,101.4676
76.25999,-27.2897,-16.755,-1.8423,70.4805,126.1412,95.3692
76.28,-27.3125,-17.0281,-0.9597,71.7864,119.7139,88.298
76.3,-27.346,-17.438,0.9674,73.5551,102.905,69.8964
76.32,-27.374,-17.558,1.9958,73.8817,92.8808,59.3298
76.34,-27.4168,-17.6198,3.0544,73.8092,82.3317,48.5217
76.36,-27.4603,-17.6395,4.125,73.2855,72.5113,38.4306
76.38,-27.5186,-17.5972,5.1968,72.275,63.2053,29.0916
76.4,-27.6716,-17.324,7.2994,69.0195,47.8368,14.7894
76.42,-27.7717,-17.1061,8.293,67.0064,41.8475,9.824
76.43999,-27.8869,-16.8432,9.2359,64.869,36.8749,6.0577
76.46,-27.9995,-16.5444,10.1143,62.6354,32.8052,2.9877
76.48,-28.1454,-16.1988,10.9129,60.465,29.3511,0.6199
76.5,-28.4343,-15.4782,12.283,56.4529,24.0199,357.3205
76.52,-28.5662,-15.0985,12.8593,54.6175,21.9138,356.1272
76.54,-28.7187,-14.7439,13.3395,52.9498,20.0556,355.1701
76.56,-28.8438,-14.4096,13.7458,51.4386,18.5897,354.356
76.58,-28.9818,-14.0974,14.069,50.1505,17.2478,353.5684
76.6,-29.1734,-13.6616,14.5183,48.4565,15.6032,352.5071
76.62,-29.2574,-13.5307,14.635,47.9788,14.9543,351.9403
76.64,-29.3063,-13.465,14.6921,47.7771,14.6447,351.5731
76.66,-29.3445,-13.4594,14.6824,47.8155,14.4808,351.3578
76.68,-29.37,-13.5058,14.6123,48.079,14.452,351.2702
76.7,-29.3753,-13.8415,14.2355,49.6509,15.0178,351.2557
76.72,-29.3554,-14.09,13.948,50.8032,15.6218,351.3
76.74,-29.3115,-14.3822,13.5899,52.221,16.4805,351.5007
76.75999,-29.2511,-14.7086,13.1578,53.8645,17.4927,351.9842
76.78,-29.1884,-15.078,12.6403,55.76,18.8262,352.7929
76.8,-29.0159,-15.8057,11.3711,60.0947,22.5642,354.7298
76.82,-28.9238,-16.1637,10.6113,62.5022,25.1978,356.2066
76.84,-28.8454,-16.4922,9.7735,64.9832,28.3102,358.3407
76.86,-28.762,-16.8068,8.8716,67.5006,32.1962,1.4724
76.88,-28.697,-17.0609,7.9108,70.0069,36.9148,5.5461
76.9,-28.5498,-17.4081,5.8529,74.403,51.2712,18.1576
76.92,-28.4762,-17.4699,4.7825,76.0484,61.913,27.9484
76.93999,-28.4167,-17.4637,3.7035,77.0669,73.5697,39.4705
76.96,-28.3642,-17.4056,2.6306,77.5473,86.9082,53.2292
76.98,-28.3111,-17.3052,1.5759,77.3481,100.43,67.3642
77,-28.1824,-16.9724,-0.4298,75.1045,121.5805,89.8082
77.02,-28.1128,-16.7514,-1.3576,73.4815,128.7083,97.8593
77.04,-28.0456,-16.5175,-2.229,71.7573,134.4208,104.8564
77.06,-27.9765,-16.2768,-3.0446,69.9287,138.9109,110.3699
77.08,-27.8998,-16.0273,-3.7863,68.0946,142.1747,114.2635
77.1,-27.7397,-15.5145,-5.0054,64.796,146.2381,119.612
77.12,-27.6702,-15.2684,-5.4824,63.4873,147.6721,122.0392
77.14,-27.6017,-15.0442,-5.8829,62.3236,148.8164,123.9148
77.16,-27.5305,-14.8492,-6.2099,61.2788,149.6017,125.0132
77.18,-27.4621,-14.6821,-6.4603,60.428,150.1218,125.6346
77.2,-27.3422,-14.4693,-6.7462,59.3673,150.5725,126.2178
77.22,-27.2859,-14.4327,-6.7858,59.1483,150.5085,126.245
77.24,-27.2381,-14.4404,-6.769,59.1181,150.2314,126.0803
77.25999,-27.1929,-14.488,-6.702,59.2339,149.7669,125.6217
77.28,-27.143,-14.5874,-6.5581,59.5612,149.0257,124.77
77.3,-27.063,-14.8804,-6.1309,60.5579,147.0659,122.2098
77.32,-27.032,-15.0672,-5.8397,61.2416,145.8574,120.6129
77.34,-27.0067,-15.2738,-5.4972,62.0275,144.4484,118.6001
77.36,-26.986,-15.4991,-5.1015,62.9082,142.7813,116.1794
77.38,-26.9736,-15.7393,-4.6469,63.9077,140.7959,113.4262
77.4,-26.9718,-16.2559,-3.557,66.1981,135.6165,106.7199
77.42,-26.9814,-16.5242,-2.9128,67.4799,132.19,102.6612
77.43999,-26.9999,-16.789,-2.2056,68.7978,128.0725,97.9748
77.46,-27.025,-17.0458,-1.4417,70.0624,123.1586,92.4929
77.48,-27.058,-17.276,-0.6218,71.2416,117.2688,85.9314
77.5,-27.1467,-17.6379,1.1599,73.0411,102.5046,69.8588
77.52,-27.2018,-17.7559,2.1008,73.5326,94.0857,60.7987
77.54,-27.258,-17.8267,3.0639,73.6882,85.1296,51.2816
77.56,-27.3236,-17.8251,4.0343,73.4049,76.0482,41.3424
77.58,-27.3884,-17.7735,5.0006,72.7099,67.4979,32.0114
77.6,-27.5465,-17.4722,6.8961,70.3836,52.3592,15.5213
77.62,-27.639,-17.2261,7.809,68.7875,46.1111,8.6311
77.64,-27.7414,-16.9541,8.6763,67.039,40.8096,3.1997
77.66,-27.8482,-16.6243,9.5145,65.0962,36.1171,358.6784
77.68,-27.9518,-16.2757,10.2953,63.0763,32.3073,355.0914
77.7,-28.1541,-15.5123,11.6877,58.9713,26.5727,350.0103
77.72,-28.2585,-15.1112,12.2911,56.8535,24.3131,348.7528
77.74,-28.3589,-14.7118,12.8261,54.8435,22.4037,348.1501
77.75999,-28.4437,-14.3212,13.2984,52.9873,20.8784,348.1467
77.78,-28.5006,-13.9561,13.706,51.2055,19.7552,348.2028
77.8,-28.6162,-13.336,14.297,48.4596,18.1059,348.4488
77.82,-28.6514,-13.097,14.5015,47.4282,17.5199,348.5058
77.84,-28.6766,-12.9509,14.6386,46.8001,17.139,348.5883
77.86,-28.6995,-12.8559,14.7132,46.4712,16.8587,348.4836
77.88,-28.7067,-12.8455,14.7236,46.4725,16.7846,348.3143
77.9,-28.6829,-13.0099,14.5766,47.3086,17.1187,348.0644
77.92,-28.6776,-13.204,14.3767,48.1774,17.449,348.0338
77.93999,-28.617,-13.4379,14.1523,49.1911,18.1672,348.191
77.96,-28.5634,-13.7211,13.8504,50.4664,19.0041,348.3538
77.98,-28.5192,-14.03,13.4683,51.9426,19.9639,348.5363
78,-28.3656,-14.7368,12.4995,55.4866,22.8382,349.7102
78.02,-28.3142,-15.114,11.8875,57.5478,24.501,350.908
78.04,-28.242,-15.4741,11.204,59.7777,26.6023,352.2496
78.06,-28.169,-15.8268,10.4231,62.1699,29.3552,353.8582
78.08,-28.1047,-16.1297,9.5621,64.6054,32.6566,356.0472
78.1,-28.0006,-16.6201,7.616,69.4543,41.8567,3.991
78.12,-27.9615,-16.7756,6.5559,71.696,48.3185,9.9513
78.14,-27.931,-16.8584,5.4437,73.6965,56.6539,17.6594
78.16,-27.8992,-16.8897,4.2922,75.2885,67.4871,27.9691
78.18,-27.8821,-16.8392,3.1236,76.3226,80.234,40.3979
78.2,-27.8532,-16.5585,0.8005,76.0742,107.6409,67.9101
78.22,-27.8475,-16.3354,-0.3235,74.9152,119.7782,80.6556
78.24,-27.8356,-16.0761,-1.402,73.1761,129.5156,91.0741
78.25999,-27.8209,-15.7743,-2.4155,71.1532,136.8657,99.0451
78.28,-27.8029,-15.4457,-3.3556,68.9757,142.3255,105.2951
78.3,-27.7719,-14.7814,-4.9924,64.8917,149.1902,115.1874
78.32,-27.7535,-14.4784,-5.7033,62.907,151.6749,119.194
78.34,-27.7165,-14.1969,-6.3345,60.957,153.4536,121.4756
78.36,-27.6708,-13.9295,-6.8616,59.2747,154.5617,122.8252
78.38,-27.6252,-13.6986,-7.2798,58.0001,155.236,124.4066
78.4,-27.5292,-13.3732,-7.8271,56.4552,155.7368,127.809
78.42,-27.4678,-13.2836,-7.984,55.9379,155.7229,128.6772
78.43999,-27.3969,-13.2371,-8.0718,55.5255,155.5241,128.6874
78.46,-27.3203,-13.2418,-8.0849,55.3198,155.1825,128.2755
78.48,-27.2452,-13.2974,-8.0304,55.3625,154.6696,127.8012
78.5,-27.0622,-13.5645,-7.6686,56.3251,152.6451,126.1137
78.52,-26.9686,-13.7531,-7.3883,57.0982,151.2767,124.7949
78.54,-26.8742,-13.9782,-7.0555,57.9599,149.6958,123.0399
78.56,-26.7845,-14.2316,-6.6683,58.9618,147.9226,121.021
78.58,-26.7064,-14.5163,-6.229,60.1592,145.8897,119.2051
78.6,-26.5593,-15.0973,-5.2078,62.739,140.933,114.5087
78.62,-26.4812,-15.3729,-4.6363,63.8917,137.806,110.7103
78.64,-26.4117,-15.6413,-4.0352,64.9897,134.4949,106.5599
78.66,-26.3452,-15.8957,-3.397,65.97,130.8371,101.416
78.68,-26.2835,-16.1344,-2.7063,66.8456,126.6883,95.2494
78.7,-26.2315,-16.5742,-1.1202,68.87,116.4779,82.3976
78.72,-26.2247,-16.7487,-0.2133,69.7287,109.8177,74.4358
78.74,-26.2343,-16.8885,0.7696,70.4249,102.008,65.8232
78.75999,-26.2581,-16.9854,1.8131,70.7717,93.2756,56.4272
78.78,-26.2996,-17.0271,2.9063,70.675,83.905,46.5484
78.8,-26.439,-16.9592,5.1666,69.0289,65.5889,28.108
78.82,-26.5365,-16.8467,6.3057,67.4899,57.4216,20.5938
78.84,-26.6644,-16.6819,7.4135,65.6754,50.3784,14.4997
78.86,-26.8117,-16.4654,8.4787,63.7015,44.4999,9.9379
78.88,-26.978,-16.1782,9.493,61.3662,39.3113,6.0915
78.9,-27.3968,-15.4896,11.2739,56.9785,31.302,1.3769
78.92,-27.6152,-15.0955,12.0418,54.8033,28.1026,359.5484
78.93999,-27.8554,-14.7043,12.7138,52.9659,25.3543,358.1049
78.96,-28.0885,-14.3278,13.2911,51.1948,22.9404,356.5519
78.98,-28.3159,-13.9615,13.7883,49.6616,20.8122,354.9719
79,-28.7189,-13.3717,14.5337,47.4239,17.5794,352.4572
79.02,-28.8826,-13.127,14.7917,46.5684,16.3975,351.393
79.04,-29.0303,-12.9276,14.9775,45.9515,15.4065,350.5051
79.06,-29.1551,-12.8159,15.0776,45.6278,14.6892,349.8913
79.08,-29.2447,-12.753,15.1246,45.527,14.206,349.3912
79.1,-29.3334,-12.8562,15.0442,46.0402,13.9683,349.1764
79.12,-29.3482,-13.0293,14.9059,46.6945,14.1366,349.4244
79.14,-29.3342,-13.2866,14.7017,47.6702,14.5428,349.7635
79.16,-29.2844,-13.5677,14.4426,48.7975,15.1932,350.0734
79.18,-29.2033,-13.894,14.1171,50.1051,16.1848,350.717
79.2,-29,-14.6718,13.2382,53.3909,18.8867,353.0981
79.22,-28.8776,-15.1066,12.6906,55.3201,20.6729,354.8897
79.24,-28.7322,-15.5295,12.082,57.3127,22.8439,356.7516
79.25999,-28.576,-15.9638,11.4009,59.4324,25.4555,358.9461
79.28,-28.4295,-16.3711,10.6465,61.5807,28.4101,1.5994
79.3,-28.111,-17.0705,8.9095,66.0369,36.5143,8.2316
79.32,-27.9499,-17.3199,7.9204,68.1703,42.1193,12.8884
79.34,-27.8056,-17.4617,6.8571,70.15,48.7402,18.7029
79.36,-27.6549,-17.5213,5.7295,71.88,56.9793,25.9169
79.38,-27.5193,-17.5051,4.5315,73.2716,67.2122,34.941
79.4,-27.2476,-17.2605,2.0481,74.1547,92.2739,57.7697
79.42,-27.1249,-17.0421,0.7964,73.4571,104.9949,69.9768
79.43999,-26.9979,-16.7722,-0.433,72.0275,115.5894,80.4649
79.46,-26.8653,-16.4402,-1.618,70.0026,124.4442,89.0817
79.48,-26.7292,-16.0493,-2.7397,67.5966,130.8396,95.0686
79.5,-26.4788,-15.166,-4.7181,62.6192,139.2643,103.8719
79.52,-26.381,-14.7118,-5.5714,60.3064,142.2207,107.7134
