time,pos_x,pos_y,pos_z,rot_x,rot_y,rot_z
19.78,0.0006,-0.0001,0.0001,352.9795,353.844,358.6992
19.8,0.0002,0.0002,0.0003,352.9783,353.8417,358.7013
19.82,0.0004,0.0001,0.0002,352.9782,353.8422,358.7006
19.84,0.0005,-0.0002,0.0002,352.9795,353.8423,358.6999
19.86,0.0004,0,0.0003,352.9783,353.8427,358.7004
19.88,0.0003,-0.0001,0.0004,352.9797,353.8415,358.7001
19.9,0.0016,0.0002,-0.0003,352.9773,353.8479,358.6983
19.92,0.0006,0,0.0002,352.9788,353.8427,358.7
19.94,0.0008,-0.0002,0.0002,352.9799,353.8432,358.6994
19.96,0.0004,-0.0003,0.0003,352.9809,353.8405,358.6997
19.98,0.0002,-0.0001,0.0002,352.9787,353.8405,358.6996
20,0.0004,0,0.0001,352.9782,353.8418,358.6996
20.02,0.0005,-0.0002,0.0002,352.9793,353.8418,358.6993
20.04,0.0004,0,0.0002,352.9787,353.8409,358.7
20.06,-0.001,0.0001,0.0008,352.9787,353.8376,358.7011
20.08,-0.0001,-0.0002,0.0003,352.9799,353.839,358.7003
20.1,-0.0002,-0.0001,0.0003,352.9798,353.8388,358.7008
20.12,0.0003,-0.0001,0.0001,352.9796,353.8404,358.6998
20.14,0.0001,0,0.0002,352.9791,353.839,358.7001
20.16,0,-0.0003,0.0003,352.9808,353.8382,358.6995
20.18,0,0,0.0002,352.9789,353.8412,358.7
20.2,-0.0004,-0.0005,0.0006,352.9818,353.8401,358.6984
20.22,-0.0005,-0.0002,0.0006,352.9804,353.8408,358.6991
20.24,-0.0007,-0.0001,0.0005,352.9799,353.8414,358.6992
20.26,-0.0008,-0.0001,0.0005,352.9795,353.8404,358.6996
20.28,0.0004,-0.0007,0.0006,352.9825,353.841,358.6986
20.3,0.0006,-0.0005,0.0005,352.9818,353.8424,358.6991
20.32,0.0007,-0.0004,0.0003,352.9816,353.8434,358.7002
20.34,0.0006,-0.0002,0.0004,352.9802,353.8449,358.701
20.36,0.0007,-0.0004,0.0004,352.9818,353.8455,358.7007
20.38,0.0006,-0.0001,0.0006,352.9796,353.8442,358.7
20.4,0.0003,-0.0005,0.0006,352.9827,353.843,358.6992
20.42,0,-0.0004,0.0005,352.9812,353.8429,358.6996
20.44,0,-0.0004,0.0006,352.9817,353.8425,358.6998
20.46,0.0005,-0.0004,0.0003,352.9814,353.8447,358.6993
20.48,0.001,-0.0003,0.0003,352.9796,353.8447,358.6983
20.5,0.0006,0,0.0007,352.9783,353.842,358.6987
20.52,0.0009,-0.0003,0.0007,352.9801,353.8437,358.6983
20.54,0.0009,-0.0002,0.0007,352.98,353.843,358.698
20.56,0.0021,-0.0003,0.0001,352.9799,353.8459,358.6978
20.58,0.0027,-0.0008,0.001,352.9832,353.8509,358.6984
20.6,0.0016,-0.0002,0.001,352.9803,353.8485,358.7008
20.62,0.0008,-0.0001,0.0006,352.9788,353.8496,358.6999
20.64,0.0003,0,0.0002,352.9787,353.8472,358.6997
20.66,-0.0002,-0.0004,0.0005,352.9814,353.8416,358.6984
20.68,0.0001,-0.0005,0.0013,352.9822,353.84,358.698
20.7,0.0001,-0.0004,0.0014,352.9825,353.8433,358.6996
20.72,0.0003,0,0.0011,352.9799,353.8457,358.7004
20.74,0.001,-0.0001,0.0008,352.9796,353.8467,358.7012
20.76,0.0019,0.0004,0.001,352.9759,353.8476,358.7011
20.78,0.0022,-0.0006,0.001,352.9815,353.8496,358.6999
20.8,0.0016,-0.0005,0.0009,352.9818,353.8512,358.7007
20.82,0.0014,-0.0002,0.0009,352.981,353.8517,358.701
20.84,0.0021,-0.0002,0.0008,352.9807,353.8529,358.7012
20.86,0.0028,-0.0008,0.0007,352.9832,353.8509,358.6992
20.88,0.0005,-0.0002,0.001,352.9803,353.8491,358.7015
20.9,0.0004,-0.0004,0.0012,352.9812,353.8521,358.7008
20.92,0.0004,-0.0003,0.0014,352.9819,353.8506,358.7015
20.94,0.0013,-0.0007,0.0013,352.9829,353.851,358.6991
20.96,0.0027,-0.0007,0.0005,352.9834,353.8526,358.6996
20.98,0.0012,-0.0003,0.0008,352.9818,353.8505,358.701
21,0.0012,-0.0004,0.0008,352.9819,353.8502,358.7008
21.02,0.0012,-0.0002,0.0009,352.981,353.8482,358.7007
21.04,0.0012,0.0001,0.0009,352.9787,353.8477,358.7016
21.06,0.001,0,0.001,352.9785,353.8474,358.7006
21.08,0.0006,-0.0004,0.0011,352.9821,353.849,358.7002
21.1,0.0006,-0.0003,0.001,352.9814,353.8494,358.7
21.12,0.0008,-0.0002,0.001,352.9808,353.8481,358.6999
21.14,0.001,-0.0002,0.001,352.9808,353.847,358.6999
21.16,0.0025,-0.0005,-0.0001,352.9798,353.8494,358.6982
21.18,0.0013,-0.0004,0.0002,352.9812,353.8454,358.6986
21.2,0.0022,-0.0006,-0.0002,352.9835,353.8469,358.6977
21.22,0.0015,-0.0004,0,352.9818,353.8437,358.6985
21.24,0.0008,-0.0002,0.0004,352.9802,353.8423,358.6995
21.26,-0.0003,-0.0002,0.0004,352.9812,353.8405,358.7002
21.28,-0.0006,0.0001,0.0004,352.9793,353.8395,358.7
21.3,0.0002,0.0001,0.0001,352.9794,353.84,358.7004
21.32,0.001,0,0,352.9789,353.84,358.6999
21.34,0.0003,0.0003,0.0003,352.9782,353.8375,358.7008
21.36,-0.0015,0.0002,0.001,352.9784,353.8287,358.7025
21.38,0.0004,-0.0005,0.0003,352.9813,353.8408,358.6998
21.4,0.0014,0,-0.0001,352.9795,353.844,358.7
21.42,0.0006,0.0004,0,352.9776,353.8414,358.7006
21.44,0.0005,-0.0003,0,352.9802,353.842,358.6999
21.46,0.0004,-0.0002,-0.0001,352.9792,353.8414,358.7001
21.48,0.0004,-0.0004,0.0005,352.9819,353.8403,358.6998
21.5,0,-0.0001,0.0005,352.9805,353.8385,358.7004
21.52,0.0003,-0.0001,0.0002,352.9797,353.8413,358.7002
21.54,0,-0.0001,0.0003,352.9796,353.8416,358.6997
21.56,0.0004,-0.0003,0.0004,352.9803,353.8438,358.699
21.58,0.0002,-0.0004,0.0005,352.9813,353.8419,358.6983
21.6,0.0008,-0.0003,0.0001,352.9808,353.8438,358.6992
21.62,0.0011,-0.0004,0.0002,352.9808,353.8451,358.6982
21.64,0.0009,-0.0007,0.0008,352.9824,353.8448,358.6989
21.66,0.0009,-0.0005,0.0011,352.9821,353.8478,358.6994
21.68,0.0011,-0.0004,0.0008,352.9811,353.8494,358.6993
21.7,0.0015,-0.0001,0.0006,352.9796,353.8509,358.7
21.72,0.0007,-0.0002,0.0011,352.9813,353.8497,358.6993
21.74,-0.0013,0.0003,0.002,352.9804,353.8446,358.6997
21.76,-0.0008,-0.0001,0.0017,352.9804,353.8473,358.6989
21.78,0.0005,-0.0006,0.0018,352.983,353.8473,358.6989
21.8,0.0004,-0.0001,0.0017,352.9806,353.8472,358.7003
21.82,0.0004,-0.0003,0.0011,352.9809,353.8496,358.7007
21.84,0.0007,-0.0004,0.0005,352.981,353.8503,358.7002
21.86,0.0017,-0.0008,0.0007,352.9831,353.8495,358.6992
21.88,0.0018,-0.0001,0.0007,352.9795,353.8493,358.7003
21.9,0.0017,-0.0004,0.0002,352.9806,353.8514,358.6999
21.92,0.0007,-0.0006,0.0005,352.9829,353.8499,358.7014
21.94,0.0007,-0.0003,0.0005,352.981,353.8517,358.7005
21.96,-0.0005,-0.0002,0.0016,352.9809,353.8484,358.7007
21.98,0.001,-0.0002,0.0009,352.9793,353.853,358.6999
22,0.0008,-0.0006,0.0008,352.982,353.8537,358.6999
22.02,0,-0.0004,0.001,352.9809,353.8496,358.7008
22.04,0.0002,-0.0002,0.001,352.9803,353.8491,358.7014
22.06,0.0001,0,0.0012,352.9788,353.8464,358.7013
22.08,0.0005,-0.0005,0.0011,352.9819,353.8449,358.6999
22.1,0.0005,-0.0007,0.0009,352.9826,353.8473,358.6996
22.12,0.0006,-0.0007,0.001,352.9835,353.8505,358.6999
22.14,0.0005,-0.0005,0.0013,352.9826,353.8529,358.7008
22.16,0.0001,-0.0007,0.0015,352.9838,353.8501,358.7003
22.18,0.0017,0.0004,-0.0001,352.9766,353.8578,358.6999
22.2,0.0013,-0.0008,0.0006,352.9836,353.855,358.6988
22.22,0.0007,-0.0003,0.0014,352.9812,353.8547,358.7008
22.24,0.0005,-0.0003,0.0016,352.9816,353.8522,358.7009
22.26,0.0012,-0.0005,0.001,352.9818,353.8529,358.6999
22.28,0.0009,-0.0005,0.0011,352.9822,353.8491,358.6991
22.3,0.0004,-0.0002,0.0016,352.9816,353.8496,358.7003
22.32,0.0009,-0.0002,0.0013,352.9811,353.8521,358.6998
22.34,0.001,-0.0005,0.0011,352.9827,353.8526,358.6988
22.36,0.0016,-0.0003,0.0007,352.9815,353.8548,358.6985
22.38,0.0013,0,0.0011,352.979,353.8532,358.6991
22.4,0.0017,-0.0001,0.0006,352.9794,353.8551,358.6987
22.42,0.0012,0,0.0006,352.9793,353.8515,358.6989
22.44,0.0016,-0.0001,0.0003,352.9795,353.8529,358.6985
22.46,0.001,-0.0005,0.0005,352.9816,353.8493,358.6964
22.48,-0.0006,-0.0003,0.0007,352.9806,353.8451,358.6988
22.5,-0.0003,0.0002,0.0004,352.9784,353.8455,358.7003
22.52,0.0001,-0.0001,0.0003,352.9792,353.8452,358.6992
22.54,0.0004,-0.0003,0.0002,352.9806,353.8465,358.6992
22.56,0.0002,-0.0003,0.0002,352.9811,353.8459,358.6997
22.58,-0.0002,-0.0001,0,352.9796,353.8431,358.7004
22.6,0.0001,-0.0001,-0.0001,352.98,353.845,358.7004
22.62,-0.0001,-0.0002,0.0002,352.9808,353.8435,358.7007
22.64,0.0003,-0.0001,0.0001,352.9806,353.8459,358.701
22.66,-0.0011,0.0002,0.0006,352.9799,353.8413,358.7013
22.68,0.0002,-0.0003,0.0001,352.9813,353.8451,358.7006
22.7,0.0006,-0.0001,0,352.9797,353.8461,358.7003
22.72,0.0004,-0.0001,0.0001,352.9795,353.8454,358.7007
22.74,-0.0002,-0.0004,0.0003,352.9815,353.843,358.6999
22.76,-0.0002,-0.0003,0.0003,352.9802,353.8438,358.6999
22.78,-0.0007,-0.0002,0.0007,352.9809,353.8417,358.7003
22.8,-0.0002,-0.0004,0.0004,352.9813,353.844,358.6994
22.82,-0.0003,-0.0004,0.0004,352.9813,353.8436,358.6989
22.84,-0.0005,-0.0002,0.0004,352.9802,353.8432,358.6997
22.86,0,-0.0003,0.0004,352.9806,353.8459,358.6985
22.88,0.0004,-0.0001,0.0003,352.9796,353.8481,358.699
22.9,0.0002,0.0001,0.0002,352.9783,353.8484,358.6993
22.92,0,-0.0002,0.0004,352.9806,353.8482,358.7
22.94,-0.0003,-0.0002,0.001,352.9803,353.8464,358.6981
22.96,0.0002,0,0.0011,352.98,353.8484,358.698
22.98,0.0005,-0.0001,0.0008,352.9797,353.8523,358.7
23,0.0005,-0.0002,0.0011,352.9798,353.8524,358.6994
23.02,0.0006,-0.0001,0.0013,352.9795,353.8518,358.6996
23.04,0.0007,-0.0002,0.0013,352.9802,353.8513,358.699
23.06,0.0011,-0.001,0.001,352.9842,353.8539,358.6981
23.08,0.0018,-0.0003,0.0009,352.9812,353.8562,358.6998
23.1,0.0019,-0.0003,0.001,352.9818,353.8573,358.7
23.12,0.0012,-0.0001,0.0011,352.9802,353.8556,358.7004
23.14,0.0006,-0.0005,0.0011,352.9817,353.8532,358.7006
23.16,0.0008,-0.0002,0.0009,352.9797,353.8543,358.7003
23.18,0.0003,-0.0007,0.0016,352.9834,353.8506,358.7001
23.2,0.0005,-0.0007,0.0014,352.9834,353.8522,358.7007
23.22,0.0007,-0.0007,0.001,352.9829,353.8518,358.7006
23.24,0.0017,-0.0004,0.0003,352.9816,353.8532,358.7005
23.26,0.0008,0.0004,0.0009,352.9785,353.8511,358.7011
23.28,0.0009,0,0.0007,352.9793,353.8504,358.7004
23.3,0.0011,0.0001,0.0006,352.9778,353.8517,358.7002
23.32,0.0013,-0.0001,0.0007,352.9792,353.8514,358.7
23.34,0.0042,-0.0006,-0.0002,352.98,353.8626,358.6968
23.36,0.0019,-0.0008,0.0007,352.9828,353.8528,358.6988
23.38,-0.0008,-0.0004,0.0017,352.9814,353.8453,358.7002
23.4,-0.0016,-0.0005,0.0018,352.9831,353.846,358.7004
23.42,-0.0008,-0.0002,0.0014,352.9815,353.8514,358.7006
23.44,-0.0007,-0.0001,0.0016,352.9812,353.8523,358.701
23.46,0.0002,-0.0005,0.0015,352.9824,353.8523,358.7
23.48,0.0023,-0.0001,0.0001,352.9799,353.8546,358.7007
23.5,0.0018,-0.0001,0.0001,352.979,353.8543,358.7013
23.52,0.0018,-0.0002,0.0004,352.9799,353.8557,358.7007
23.54,0.0016,-0.0002,0.0009,352.9798,353.8548,358.6998
23.56,0.0011,-0.0004,0.0011,352.9832,353.8509,358.699
23.58,0.0004,0,0.0007,352.9793,353.8544,358.7002
23.6,0,-0.0002,0.0011,352.9805,353.8528,358.7002
23.62,0,-0.0001,0.0014,352.9796,353.8518,358.6991
23.64,0.0001,-0.0003,0.0011,352.9804,353.8511,358.6995
23.66,-0.0003,-0.0005,0.0009,352.9814,353.8495,358.6987
23.68,-0.0001,-0.0003,0.0006,352.9817,353.8473,358.6989
23.7,-0.0008,0.0002,0.0008,352.9792,353.8427,358.7008
23.72,-0.0002,-0.0003,0.0005,352.9813,353.8447,358.7001
23.74,-0.0008,-0.0003,0.0005,352.9807,353.8444,358.6995
23.76,-0.001,-0.0003,0.0006,352.9817,353.8448,358.7002
23.78,-0.0008,0,0.0005,352.9792,353.8425,358.7014
23.8,0.0001,-0.0002,-0.0002,352.9794,353.8446,358.7004
23.82,0,-0.0005,-0.0001,352.98,353.8454,358.6994
23.84,-0.0011,-0.0002,0.0004,352.9805,353.843,358.7012
23.86,-0.0008,-0.0002,0.0004,352.9814,353.8446,358.7011
23.88,0.0003,-0.0005,0,352.982,353.8466,358.701
23.9,-0.0002,-0.0001,0.0004,352.9804,353.8438,358.7002
23.92,-0.0008,0.0002,0.0004,352.9793,353.8422,358.7016
23.94,-0.0008,0.0002,0.0001,352.9787,353.8446,358.7009
23.96,-0.0008,0.0002,0.0002,352.9779,353.8458,358.7006
23.98,-0.0001,-0.0002,0.0007,352.9798,353.8471,358.7007
24,0.0004,-0.0001,0.0005,352.9796,353.8492,358.7006
24.02,-0.0003,0,0.0005,352.9795,353.8469,358.701
24.04,-0.0001,-0.0002,0.0005,352.9806,353.8496,358.701
24.06,0.0001,-0.0001,0.0007,352.9806,353.8521,358.7019
24.08,0.0005,-0.0003,0.0006,352.9806,353.8522,358.6999
24.1,0.001,0.0003,0.0001,352.9773,353.8545,358.701
24.12,0.0002,-0.0003,0.0005,352.9803,353.8526,358.7002
24.14,-0.0007,-0.0004,0.0008,352.9814,353.8512,358.7
24.16,-0.0017,0.0002,0.0009,352.9799,353.846,358.701
24.18,-0.0005,0,0.0001,352.9786,353.8441,358.6996
24.2,-0.0004,-0.0001,0.0001,352.9794,353.8459,358.6989
24.22,-0.0012,-0.0003,0.0006,352.9808,353.8464,358.6999
24.24,-0.003,0.0001,0.0015,352.9797,353.8456,358.7003
24.26,-0.0025,0,0.0013,352.9795,353.8459,358.6998
24.28,0.0007,-0.0006,0.0006,352.9819,353.8508,358.6978
24.3,0.0004,-0.0007,0.001,352.9822,353.8492,358.6976
24.32,-0.0007,-0.0003,0.001,352.9813,353.847,358.698
24.34,-0.002,-0.0002,0.0012,352.981,353.8455,358.6986
24.36,-0.0017,-0.0001,0.001,352.9808,353.8498,358.6993
24.38,-0.0008,-0.0001,0.0021,352.9808,353.8501,358.6997
24.4,-0.0002,-0.0002,0.0018,352.9812,353.8491,358.6994
24.42,0.0002,-0.0003,0.0012,352.9809,353.8513,358.7008
24.44,0.0004,-0.0002,0.0008,352.9808,353.8552,358.701
24.46,0.0002,-0.0001,0.0012,352.9807,353.8539,358.7014
24.48,0.0007,-0.0002,0.0011,352.9804,353.8531,358.701
24.5,0.0018,-0.0005,0.0005,352.9817,353.8561,358.7003
24.52,0.0006,0.0003,0.001,352.9795,353.8542,358.7015
24.54,-0.0007,-0.0002,0.0019,352.9807,353.8507,358.7013
24.56,-0.0003,-0.0002,0.0017,352.9815,353.8535,358.7011
24.58,0.0009,-0.0001,0.0012,352.9797,353.8571,358.7024
24.6,0.001,-0.0002,0.0011,352.981,353.8566,358.7017
24.62,0.0002,-0.0003,0.001,352.9814,353.8549,358.7025
24.64,0,0,0.0009,352.9801,353.8539,358.704
24.66,0.0005,-0.0001,0.0007,352.9786,353.8542,358.7021
24.68,0.0025,-0.0004,0.0006,352.9813,353.8586,358.7002
24.7,0.0023,0.0004,0.0005,352.9771,353.8623,358.7012
24.72,0.0008,0.0002,0.0012,352.9789,353.8574,358.7029
24.74,0.0009,-0.0004,0.0012,352.9818,353.8579,358.7007
24.76,0.0012,-0.0003,0.0011,352.9807,353.8584,358.7014
24.78,0.0006,-0.0006,0.0016,352.983,353.8545,358.6993
24.8,0.0008,-0.0003,0.0013,352.9815,353.8557,358.7
24.82,0.0011,-0.0002,0.0009,352.9818,353.8562,358.7005
24.84,0.0014,-0.0004,0.0009,352.9818,353.8558,358.6994
24.86,0.0008,-0.0007,0.0013,352.9855,353.8479,358.6982
24.88,-0.0004,0.0002,0.0012,352.9787,353.8449,358.7021
24.9,0,0,0.0008,352.9797,353.8466,358.7012
24.92,-0.0002,0.0003,0.0009,352.978,353.8449,358.7019
24.94,0.001,0,0.0002,352.9794,353.8488,358.6999
24.96,0,-0.0003,0.0003,352.9807,353.8442,358.6999
24.98,0,-0.0002,0.0002,352.9803,353.8427,358.7003
25,0,-0.0005,0.0002,352.9822,353.8427,358.7001
25.02,-0.0003,-0.0003,0.0004,352.9812,353.843,358.7003
25.04,-0.0003,-0.0003,0.0004,352.9818,353.8436,358.7
25.06,-0.0008,-0.0004,0.0005,352.9818,353.8417,358.7005
25.08,0,-0.0003,0.0003,352.9806,353.8456,358.7006
25.1,0,-0.0004,0.0007,352.9818,353.8429,358.7009
25.12,-0.0005,-0.0003,0.0006,352.9815,353.8391,358.7021
25.14,-0.0004,-0.0001,-0.0001,352.9802,353.8398,358.7021
25.16,-0.0005,-0.0003,-0.0001,352.9808,353.8383,358.7014
25.18,-0.0008,-0.0003,0.0005,352.9809,353.839,358.7014
25.2,-0.0007,-0.0001,0.0003,352.9788,353.8451,358.7022
25.22,-0.0006,-0.0004,0.0003,352.9819,353.8448,358.701
25.24,-0.0008,-0.0001,0.0006,352.9805,353.8416,358.7018
25.26,-0.0003,-0.0002,0.0004,352.9808,353.8426,358.7004
25.28,-0.0007,-0.0002,0.0002,352.9803,353.8425,358.7005
25.3,-0.001,-0.0001,0.0005,352.9803,353.8421,358.7005
25.32,-0.0013,-0.0005,0.0009,352.9815,353.8414,358.7001
25.34,-0.0007,0,0.0006,352.9798,353.8433,358.7007
25.36,-0.0004,-0.0003,0.0003,352.9805,353.8433,358.6992
25.38,0.0001,-0.0006,0.0006,352.9816,353.8469,358.6988
25.4,0,-0.0006,0.0008,352.9824,353.8449,358.6987
25.42,0.0005,-0.0005,0.0006,352.9822,353.847,358.6986
25.44,0.0003,-0.0004,0.0005,352.9815,353.8474,358.6992
25.46,0.0004,-0.0002,0.0005,352.9791,353.8509,358.6991
25.48,-0.0003,-0.0001,0.0012,352.9803,353.8507,358.6992
25.5,0.0002,0,0.0009,352.9791,353.8544,358.6983
25.52,0,-0.0003,0.0012,352.9812,353.8521,358.6985
25.54,0,-0.0002,0.0015,352.9808,353.8519,358.6984
25.56,-0.0008,-0.0007,0.0021,352.9826,353.8507,358.6985
25.58,0.0001,-0.0001,0.0013,352.9805,353.8563,358.7003
25.6,0.0003,-0.0001,0.0014,352.981,353.8564,358.7002
25.62,0.0008,-0.0003,0.0016,352.9824,353.8576,358.7006
25.64,0.0015,-0.0003,0.0013,352.9823,353.86,358.7007
25.66,0.0014,-0.0002,0.0012,352.9813,353.8593,358.7011
25.68,0.0013,-0.0003,0.0009,352.981,353.8594,358.7009
25.7,0.0005,-0.0003,0.0013,352.9805,353.8563,358.7011
25.72,0.001,-0.0003,0.0012,352.9803,353.8568,358.7014
25.74,0.0011,-0.0006,0.0012,352.9815,353.8568,358.6999
25.76,0.0011,-0.0003,0.0013,352.9796,353.8574,358.701
25.78,0.0012,-0.0005,0.0013,352.9819,353.8611,358.7005
25.8,0.0008,-0.0005,0.0013,352.982,353.8593,358.7015
25.82,0.0005,-0.0005,0.0013,352.9817,353.8561,358.7012
25.84,0.0009,-0.0005,0.001,352.9818,353.8571,358.701
25.86,0.0009,-0.0005,0.0012,352.9818,353.8567,358.7003
25.88,0.0009,0,0.0013,352.9792,353.8589,358.7025
25.9,0.0012,-0.0001,0.0012,352.9804,353.8598,358.7022
25.92,0.0013,-0.0002,0.0011,352.9805,353.8598,358.7015
25.94,0.0013,-0.0001,0.0011,352.9791,353.8603,358.7009
25.96,0.0012,0,0.0012,352.9792,353.8608,358.7009
25.98,0.0009,-0.0002,0.0012,352.9807,353.8571,358.7001
26,0.0014,0,0.001,352.979,353.8599,358.6996
26.02,0.0014,-0.0005,0.0011,352.9821,353.8598,358.6991
26.04,0.0011,-0.0002,0.0011,352.9811,353.8581,358.7001
26.06,0.0004,-0.0005,0.0013,352.9825,353.8548,358.7007
26.08,0.0015,-0.0001,0.0006,352.9796,353.8571,358.7007
26.1,0.0013,-0.0002,0.0009,352.9805,353.8552,358.6994
26.12,0.0007,0.0001,0.001,352.9792,353.851,358.6999
26.14,0.0006,0.0002,0.0007,352.9783,353.8526,358.6998
26.16,-0.0004,0.0003,0.0007,352.9781,353.8492,358.7016
26.18,-0.0005,-0.0001,0.0009,352.9802,353.8481,358.7008
26.2,-0.0003,-0.0003,0.0007,352.9812,353.8475,358.7003
26.22,-0.0011,0.0003,0.0006,352.9773,353.842,358.7023
26.24,-0.0003,-0.0008,0.0003,352.9834,353.8452,358.6994
26.26,0.0008,-0.0004,-0.0002,352.9813,353.8497,358.6994
26.28,0.0001,-0.0002,0.0003,352.9804,353.8453,358.7008
26.3,-0.0002,-0.0004,0.0003,352.9812,353.8442,358.7007
26.32,-0.0003,-0.0003,0.0003,352.9807,353.8438,358.7008
26.34,-0.0002,-0.0004,0.0003,352.9803,353.8447,358.7003
26.36,0.0002,-0.0004,0.0003,352.9805,353.8456,358.7002
26.38,0.0002,-0.0005,0.0002,352.9812,353.8453,358.7003
26.4,-0.0004,-0.0004,0.0003,352.9811,353.843,358.701
26.42,0.0001,-0.0003,0.0002,352.98,353.8456,358.7013
26.44,0.0009,0,0,352.9783,353.8494,358.7007
26.46,0.0009,0,0.0001,352.9793,353.8492,358.7011
26.48,0,-0.0005,0.0001,352.9814,353.8456,358.6998
26.5,-0.0003,-0.0004,0.0003,352.9816,353.8448,358.7007
26.52,-0.0004,-0.0001,0.0004,352.9804,353.8455,358.7011
26.54,-0.0006,-0.0003,0.0006,352.9811,353.845,358.7005
26.56,-0.0008,-0.0007,0.0007,352.9831,353.8444,358.6996
26.58,-0.0003,0.0002,0.0003,352.9784,353.8484,358.7004
26.6,-0.0007,-0.0001,0.0007,352.9804,353.8452,358.7004
26.62,-0.0007,0,0.0006,352.9788,353.8466,358.7007
26.64,-0.0006,-0.0006,0.0007,352.9827,353.8465,358.6991
26.66,-0.0001,-0.0005,0.0005,352.9808,353.8409,358.7012
26.68,-0.0007,0,0.0009,352.9801,353.8463,358.7017
26.7,0.0003,-0.0002,0.0006,352.9801,353.8523,358.6995
26.72,0.0008,-0.0002,0.0007,352.9803,353.854,358.6997
26.74,0.0003,-0.0007,0.0011,352.984,353.851,358.6997
26.76,-0.0002,-0.0004,0.0012,352.9819,353.851,358.7002
26.78,0.0001,-0.0005,0.0012,352.9827,353.8555,358.6996
26.8,-0.0001,-0.0006,0.0016,352.9829,353.8538,358.6998
26.82,0.0004,-0.0005,0.0014,352.9821,353.8551,358.7003
26.84,0.0006,-0.0002,0.0013,352.9811,353.8569,358.7013
26.86,0.0005,-0.0004,0.0012,352.9821,353.8562,358.7013
26.88,0.0003,-0.0002,0.0015,352.9812,353.8545,358.7018
26.9,0.0007,-0.0005,0.0016,352.982,353.8555,358.7007
26.92,0.0008,-0.0001,0.0013,352.9801,353.8565,358.7017
26.94,0.0002,-0.0005,0.0014,352.9828,353.8542,358.7026
26.96,0.0003,-0.0005,0.0013,352.9825,353.8564,358.7021
26.98,0.0006,-0.0003,0.0012,352.9814,353.8568,358.7021
27,0.0008,-0.0004,0.0012,352.9819,353.8563,358.7016
27.02,0.0004,-0.0005,0.0015,352.9818,353.854,358.7012
27.04,0.0005,-0.0004,0.0014,352.9815,353.8554,358.7014
27.06,0.0006,-0.0002,0.0014,352.9807,353.8566,358.7019
27.08,0.0001,-0.0006,0.0016,352.9832,353.8538,358.7011
27.1,0.0002,-0.0006,0.0016,352.9838,353.8552,358.7009
27.12,0.0002,-0.0002,0.0017,352.9816,353.8563,358.702
27.14,0.0004,-0.0006,0.0017,352.983,353.8585,358.7006
27.16,0.0004,-0.0004,0.0016,352.982,353.8575,358.7004
27.18,0.0005,-0.0005,0.0014,352.982,353.8564,358.7009
27.2,0.0002,-0.0004,0.0017,352.9821,353.8548,358.701
27.22,0.0001,-0.0006,0.0019,352.9832,353.8538,358.7002
27.24,-0.0001,-0.0005,0.0017,352.9831,353.8528,358.6998
27.26,-0.0001,-0.0004,0.0015,352.982,353.8522,358.7001
27.28,0.0005,-0.0002,0.0012,352.9818,353.8536,358.7004
27.3,0.0007,-0.0004,0.0011,352.9817,353.8539,358.6997
27.32,0.0004,-0.0003,0.0011,352.9812,353.8523,358.6994
27.34,0,-0.0005,0.0011,352.9808,353.8481,358.7
27.36,-0.0002,-0.0001,0.0012,352.9803,353.848,358.7007
27.38,-0.0001,-0.0006,0.001,352.9825,353.8476,358.6995
27.4,0.0002,-0.0004,0.0008,352.9821,353.8467,358.6999
27.42,-0.0001,-0.0003,0.0007,352.981,353.8444,358.6995
27.44,0.0002,-0.0003,0.0005,352.9802,353.8466,358.7005
27.46,-0.0001,-0.0004,0.0006,352.9814,353.8461,358.7002
27.48,-0.0003,-0.0006,0.0008,352.9836,353.8427,358.7017
27.5,0.0003,-0.0004,0.0005,352.982,353.8448,358.7017
27.52,-0.0002,-0.0003,0.0007,352.9799,353.8395,358.7026
27.54,0.0002,-0.0004,0.0006,352.9811,353.8417,358.7009
27.56,0.0003,-0.0004,0.0006,352.9817,353.8448,358.7016
27.58,0.0002,-0.0003,0.0005,352.9804,353.8439,358.7009
27.6,0.0008,-0.0007,0.0004,352.9823,353.8472,358.7003
27.62,0.0003,-0.0002,0.0006,352.9805,353.8452,358.702
27.64,0.0004,-0.0003,0.0006,352.9817,353.8468,358.7012
27.66,0.0003,-0.0001,0.0005,352.9806,353.8467,358.702
27.68,0.0003,-0.0001,0.0006,352.979,353.8476,358.7009
27.7,0.0004,-0.0004,0.0006,352.9813,353.8482,358.7003
27.72,0.0004,-0.0001,0.0004,352.9803,353.8506,358.7013
27.74,0.0002,0,0.0005,352.9792,353.8503,358.7018
27.76,0,-0.0004,0.0006,352.9822,353.8497,358.7012
27.78,-0.0004,-0.0004,0.0008,352.9814,353.847,358.7008
27.8,-0.0004,-0.0006,0.0006,352.9816,353.8478,358.6996
27.82,-0.0016,-0.0007,0.0011,352.9826,353.8441,358.6996
27.84,-0.0023,-0.0008,0.0014,352.9846,353.8391,358.7006
27.86,-0.0008,-0.0003,0.0006,352.9815,353.847,358.7
27.88,-0.0009,-0.0004,0.0008,352.982,353.8461,358.7004
27.9,-0.001,-0.0003,0.0009,352.9821,353.8461,358.7013
27.92,-0.001,-0.0003,0.001,352.9821,353.8459,358.7011
27.94,-0.0006,-0.0001,0.0009,352.9794,353.8507,358.7017
27.96,-0.0011,0,0.001,352.9791,353.8465,358.7014
27.98,-0.0009,0.0001,0.0009,352.979,353.8491,358.7005
28,-0.0003,0.0002,0.0007,352.9783,353.8517,358.7007
28.02,0.0011,-0.0002,0.0008,352.9809,353.8566,358.6998
28.04,0.0005,-0.0001,0.0014,352.9799,353.8535,358.7003
28.06,0,-0.0002,0.0016,352.9813,353.8518,358.7008
28.08,-0.0001,0,0.0014,352.9807,353.8532,358.7012
28.1,0.0007,0,0.0013,352.9802,353.8572,358.7014
28.12,0.0002,-0.0003,0.0018,352.9817,353.8539,358.7011
28.14,0.0002,-0.0005,0.0018,352.9831,353.8538,358.701
28.16,0.0004,-0.0001,0.0015,352.981,353.8553,358.702
28.18,0.0004,-0.0001,0.0016,352.9802,353.8548,358.7028
28.2,0.0008,-0.0003,0.0014,352.981,353.8564,358.7026
28.22,0.0006,-0.0004,0.0016,352.9814,353.8542,358.7028
28.24,0.0007,-0.0003,0.0015,352.9818,353.8538,358.7025
28.26,0.0009,-0.0003,0.0014,352.9814,353.8548,358.702
28.28,0.0014,-0.0003,0.0011,352.9814,353.8589,358.7015
28.3,0.0012,-0.0005,0.0014,352.9827,353.8572,358.7015
28.32,0.001,-0.0002,0.0013,352.9809,353.8558,358.7021
28.34,0.0007,-0.0002,0.0013,352.9802,353.8543,358.7019
28.36,0.0003,-0.0003,0.0015,352.9811,353.8532,358.7019
28.38,0.0009,-0.0002,0.0013,352.9814,353.8563,358.7013
28.4,0.0007,-0.0002,0.0015,352.9812,353.8557,358.7018
28.42,0.001,0.0002,0.0014,352.978,353.8582,358.702
28.44,0.0006,0,0.0015,352.9799,353.8551,358.7017
28.46,0.0005,0,0.0014,352.9802,353.8539,358.7024
28.48,0.0003,-0.0002,0.0015,352.981,353.8539,358.702
28.5,0.0003,-0.0005,0.0017,352.9834,353.8539,358.7011
28.52,0.0005,-0.0004,0.0015,352.982,353.8549,358.7008
28.54,0.0004,-0.0003,0.0015,352.9813,353.8542,358.7002
28.56,0.0002,-0.0001,0.0014,352.9806,353.8531,358.701
28.58,0.0004,-0.0002,0.0013,352.9812,353.8542,358.7008
28.6,0,-0.0004,0.0016,352.9821,353.852,358.7006
28.62,0.0005,0,0.0012,352.9801,353.8524,358.7011
28.64,0.0006,-0.0003,0.0011,352.9808,353.8516,358.7005
28.66,0.0007,-0.0004,0.001,352.9815,353.8513,358.6998
28.68,-0.0001,-0.0003,0.0012,352.981,353.8498,358.6998
28.7,0.0001,0,0.001,352.9802,353.8503,358.7005
28.72,0.0005,0.0002,0.0008,352.9795,353.8508,358.7013
28.74,0.0007,0.0001,0.0007,352.9794,353.8503,358.7014
28.76,0.0005,-0.0002,0.0006,352.9802,353.8516,358.7008
28.78,-0.0003,0,0.0009,352.9798,353.8489,358.7018
28.8,-0.0005,0.0001,0.001,352.9791,353.8441,358.7015
28.82,0.0003,-0.0002,0.0009,352.9804,353.8466,358.6997
28.84,0.0003,0,0.0008,352.9796,353.8468,358.7016
28.86,0.0008,-0.0005,0.0005,352.9822,353.8508,358.7011
28.88,0.0002,-0.0002,0.0008,352.9805,353.8492,358.7021
28.9,0.0004,0.0001,0.0008,352.9794,353.8476,358.7029
28.92,0.0015,-0.0001,0.0006,352.9794,353.8493,358.7012
28.94,0.0012,-0.0001,0.0004,352.9796,353.8482,358.7015
28.96,0.0005,-0.0002,0.0006,352.9802,353.8466,358.7015
28.98,0.0004,-0.0003,0.0005,352.981,353.8506,358.7014
29,-0.0002,0,0.0008,352.9798,353.8478,358.7021
29.02,0.0002,-0.0005,0.0009,352.9813,353.8479,358.7008
29.04,0.0004,-0.0004,0.0008,352.9811,353.8478,358.7013
29.06,0.0005,-0.0003,0.0006,352.9802,353.8491,358.7012
29.08,-0.0001,-0.0003,0.0006,352.9809,353.8467,358.701
29.1,-0.0008,-0.0004,0.0012,352.9811,353.8419,358.7009
29.12,-0.0003,0,0.0008,352.9789,353.8457,358.7016
29.14,-0.0007,-0.0006,0.001,352.9823,353.8443,358.701
29.16,-0.001,0,0.0009,352.9796,353.8436,358.7023
29.18,-0.0003,-0.0001,0.0008,352.9809,353.8473,358.7012
29.2,-0.0006,-0.0001,0.001,352.9809,353.8459,358.7011
29.22,0.0003,0.0001,0.0005,352.9793,353.8513,358.7012
29.24,-0.0005,-0.0001,0.0008,352.9805,353.8484,358.7011
29.26,-0.0007,0.0002,0.0008,352.9784,353.8493,358.7018
29.28,-0.0007,-0.0002,0.0012,352.9814,353.8485,358.7
29.3,-0.0003,0,0.001,352.98,353.8491,358.7007
29.32,-0.0003,0,0.001,352.9796,353.85,358.701
29.34,-0.0005,0.0001,0.0012,352.9796,353.8514,358.7007
29.36,-0.0006,0,0.0012,352.9804,353.8524,358.701
29.38,0.001,-0.0002,0.0014,352.9808,353.8577,358.7002
29.4,0.0008,-0.0003,0.0017,352.9815,353.855,358.7007
29.42,0.0004,-0.0005,0.0016,352.9834,353.8536,358.7005
29.44,-0.0002,-0.0002,0.0015,352.9812,353.8536,358.7017
29.46,0.0001,-0.0001,0.0015,352.9807,353.8564,358.7022
29.48,0.0012,-0.0002,0.0014,352.9813,353.858,358.7018
29.5,0.001,0,0.0011,352.9804,353.8585,358.7018
29.52,0.0009,-0.0005,0.0013,352.9816,353.8586,358.7009
29.54,0.0003,-0.0002,0.0016,352.9817,353.8563,358.7017
29.56,0.0009,-0.0004,0.0014,352.9826,353.8578,358.702
29.58,0.0013,-0.0002,0.0011,352.9809,353.8575,358.7021
29.6,0.001,-0.0001,0.0012,352.9801,353.8559,358.7025
29.62,0.0007,-0.0003,0.0013,352.9817,353.8556,358.7026
29.64,0.0004,-0.0002,0.0015,352.9815,353.8542,358.7032
29.66,0.0008,-0.0004,0.0015,352.9819,353.8549,358.7024
29.68,0.0013,0,0.0013,352.9808,353.8594,358.7021
29.7,0.0007,-0.0003,0.0015,352.982,353.8571,358.7018
29.72,0.0001,0.0001,0.0017,352.9804,353.8557,358.7032
29.74,0.0006,-0.0003,0.0016,352.9818,353.8567,358.7023
29.76,0.0009,-0.0003,0.0015,352.9817,353.857,358.7021
29.78,0.0009,-0.0003,0.0015,352.982,353.8567,358.7014
29.8,0.0006,-0.0003,0.0016,352.9821,353.8557,358.7012
29.82,0.0017,-0.0002,0.0012,352.9801,353.8599,358.7004
29.84,0.0013,-0.0003,0.0015,352.9806,353.8578,358.7004
29.86,0.0018,-0.0002,0.0011,352.981,353.86,358.701
29.88,0.0008,-0.0003,0.0014,352.9813,353.8557,358.7018
29.9,0.001,-0.0005,0.0013,352.9825,353.8551,358.7004
29.92,-0.0006,-0.0002,0.002,352.9803,353.8445,358.7025
29.94,0.0009,-0.0002,0.0013,352.9808,353.8525,358.7009
29.96,0.0007,-0.0001,0.0012,352.9792,353.8521,358.6994
29.98,0.0007,-0.0001,0.0009,352.9793,353.8519,358.7002
30,0.0009,0,0.0009,352.9796,353.8512,358.7005
30.02,0.0012,0,0.0007,352.9792,353.8526,358.7005
30.04,0.001,-0.0001,0.0006,352.9798,353.8536,358.7009
30.06,0.0001,-0.0007,0.0009,352.9818,353.8507,358.7002
30.08,0.0006,0.0001,0.0007,352.9792,353.8498,358.7014
30.1,0.0011,0,0.0005,352.98,353.8499,358.7014
30.12,0.0003,0,0.0007,352.9802,353.8461,358.7012
30.14,0,-0.0001,0.0007,352.9802,353.8455,358.7017
30.16,0.0004,-0.0004,0.0006,352.9818,353.8485,358.7012
30.18,0.0004,-0.0002,0.0008,352.9806,353.8485,358.7018
30.2,0.0003,-0.0002,0.0007,352.9803,353.8474,358.7021
30.22,0.0028,-0.0006,-0.0006,352.9817,353.8582,358.6999
30.24,0.0002,0.0005,0.0005,352.9782,353.8482,358.7024
30.26,0.0007,0.0001,0.0004,352.9785,353.8483,358.7021
30.28,0.0001,0.0001,0.0007,352.9793,353.846,358.7024
30.3,-0.0002,-0.0001,0.0008,352.9803,353.8456,358.7029
30.32,0.0001,-0.0001,0.0006,352.9797,353.8485,358.7017
30.34,-0.0001,0.0001,0.0006,352.9789,353.8479,358.7021
30.36,-0.0003,0.0002,0.0008,352.978,353.8452,358.7013
30.38,0,-0.0003,0.0008,352.981,353.8477,358.7015
30.4,0,-0.0001,0.0007,352.9794,353.8484,358.701
30.42,-0.0005,0,0.0009,352.9791,353.8465,358.7022
30.44,-0.0005,0.0002,0.0009,352.9793,353.8461,358.7036
30.46,-0.0008,0.0002,0.0011,352.9789,353.8448,358.7029
30.48,-0.0007,0,0.001,352.9799,353.8465,358.7017
30.5,-0.0007,-0.0004,0.0012,352.9813,353.8472,358.7007
30.52,-0.0006,0.0001,0.0012,352.9792,353.8491,358.7016
30.54,-0.0004,0,0.0011,352.9804,353.8494,358.7014
30.56,-0.0001,-0.0002,0.001,352.981,353.8506,358.7009
30.58,-0.0003,-0.0001,0.0011,352.9807,353.8507,358.7011
30.6,0.0001,0.0002,0.001,352.979,353.8543,358.701
30.62,0.0006,0.0003,0.0009,352.9781,353.8551,358.7005
30.64,0.0007,-0.0002,0.0011,352.9802,353.8543,358.6996
30.66,0.0005,-0.0003,0.0014,352.9815,353.8538,358.7006
30.68,0.0008,-0.0005,0.0015,352.982,353.8586,358.6991
30.7,0.001,-0.0003,0.0014,352.9816,353.8586,358.7008
30.72,0.0009,-0.0003,0.0015,352.9817,353.8567,358.7
30.74,0.0008,-0.0003,0.0016,352.9819,353.8575,358.7007
30.76,0.0008,-0.0004,0.0017,352.9824,353.8581,358.7008
30.78,0.0011,-0.0003,0.0016,352.9818,353.8586,358.7007
30.8,0.0013,-0.0002,0.0016,352.9808,353.8586,358.7009
30.82,0.002,-0.0009,0.0014,352.984,353.8606,358.6995
30.84,0.0015,-0.0006,0.0017,352.9826,353.8591,358.7011
30.86,0.0012,-0.0006,0.0018,352.9832,353.8573,358.7014
30.88,0.0013,-0.0002,0.0014,352.9806,353.8571,358.7016
30.9,0.0014,-0.0003,0.0014,352.9811,353.8564,358.7018
30.92,0.0012,-0.0003,0.0016,352.982,353.8551,358.7025
30.94,0.0013,-0.0003,0.0015,352.9821,353.8563,358.7026
30.96,0.0021,-0.0002,0.001,352.9814,353.861,358.7021
30.98,0.0017,-0.0004,0.0014,352.9811,353.8596,358.7014
31,0.0004,-0.0002,0.002,352.9818,353.8563,358.7022
31.02,0.0016,-0.0002,0.0014,352.9817,353.8608,358.702
31.04,0.001,-0.0005,0.0016,352.9824,353.8591,358.7013
31.06,0.0014,-0.0004,0.0015,352.982,353.8601,358.7008
31.08,0.0014,-0.0003,0.0015,352.9817,353.8597,358.7014
31.1,0.001,-0.0002,0.0017,352.9814,353.8574,358.7017
31.12,0.0014,-0.0006,0.0016,352.9829,353.8586,358.7002
31.14,0.0012,-0.0004,0.0017,352.9825,353.8577,358.7008
31.16,0.001,-0.0001,0.0018,352.9808,353.8572,358.7013
31.18,0.001,-0.0006,0.0017,352.9831,353.8566,358.7
31.2,0.001,-0.0008,0.0016,352.9836,353.855,358.6997
31.22,0.0005,-0.0003,0.0018,352.9813,353.8527,358.6999
31.24,0.0005,-0.0003,0.0017,352.9814,353.8519,358.7003
31.26,0.0006,-0.0004,0.0016,352.9826,353.8524,358.7002
31.28,0.0012,-0.0004,0.0013,352.9821,353.8542,358.6998
31.3,0.0013,0.0001,0.001,352.9802,353.8543,358.7013
31.32,0.0003,-0.0006,0.0016,352.9826,353.8486,358.7001
31.34,0.0006,-0.0004,0.0011,352.982,353.8512,358.7
31.36,0.0001,-0.0004,0.0012,352.9824,353.8494,358.7007
31.38,0.0009,-0.0005,0.0009,352.9825,353.8515,358.6996
31.4,0.0004,-0.0004,0.001,352.982,353.8483,358.7005
31.42,0.0007,-0.0004,0.0008,352.9817,353.8492,358.7
31.44,0,-0.0004,0.0011,352.9815,353.8477,358.7004
31.46,-0.0003,-0.0003,0.0012,352.9812,353.8469,358.7008
31.48,0.0003,-0.0002,0.001,352.9808,353.8463,358.7011
31.5,0.0003,0.0002,0.001,352.9786,353.847,358.702
31.52,0.001,-0.0007,0.0006,352.9829,353.8503,358.7001
31.54,0.0009,-0.0004,0.0004,352.981,353.8508,358.7009
31.56,0.0004,-0.0002,0.0007,352.9799,353.849,358.701
31.58,0.0002,-0.0004,0.0008,352.9808,353.8471,358.7003
31.6,-0.0002,-0.0002,0.0008,352.9806,353.8463,358.702
31.62,0,-0.0006,0.0006,352.9816,353.847,358.7012
31.64,0.0001,-0.0001,0.0006,352.9803,353.8485,358.702
31.66,0.0002,-0.0001,0.0006,352.9812,353.8488,358.7011
31.68,-0.0002,-0.0005,0.0008,352.9824,353.8485,358.701
31.7,-0.0006,-0.0003,0.001,352.9814,353.8466,358.7013
31.72,0.0001,-0.0006,0.0008,352.9826,353.8489,358.7004
31.74,-0.0001,-0.0006,0.0009,352.9821,353.8491,358.7
31.76,-0.0004,-0.0002,0.0009,352.9806,353.8471,358.7009
31.78,-0.001,-0.0002,0.0013,352.9811,353.8463,358.7014
31.8,-0.0005,-0.0004,0.0012,352.9812,353.8485,358.7001
31.82,0.0016,-0.0011,0.0002,352.9836,353.8554,358.698
31.84,0.0007,-0.0005,0.0008,352.9818,353.8528,358.6988
31.86,-0.0001,-0.0005,0.0011,352.9823,353.849,358.7001
31.88,-0.001,-0.0006,0.0015,352.9828,353.8479,358.6995
31.9,-0.0007,-0.0002,0.0013,352.9818,353.8503,358.7007
31.92,-0.0006,0.0003,0.0015,352.978,353.8505,358.7015
31.94,0,-0.0002,0.0016,352.9812,353.8517,358.7009
31.96,0.0001,-0.0004,0.0017,352.9815,353.8518,358.7011
31.98,-0.0002,-0.0004,0.0014,352.982,353.8554,358.7003
32,-0.0007,-0.0002,0.0016,352.981,353.8539,358.7016
32.02,-0.0003,-0.0004,0.0017,352.9814,353.8536,358.7007
32.04,0.0005,-0.0004,0.0016,352.9824,353.8555,358.7013
32.06,0.0009,-0.0001,0.0013,352.9802,353.8603,358.7014
32.08,0.0005,-0.0006,0.0015,352.9827,353.8588,358.7004
32.1,0.0007,-0.0005,0.0017,352.9827,353.8573,358.7012
32.12,0.001,-0.0006,0.0016,352.9825,353.8575,358.7007
32.14,0.001,-0.0003,0.0014,352.9813,353.8574,358.7012
32.16,0.0008,-0.0004,0.0015,352.9818,353.8566,358.7012
32.18,0.0009,-0.0006,0.0015,352.9825,353.8555,358.7011
32.2,0.001,-0.0003,0.0014,352.9808,353.8552,358.701
32.22,0.0014,-0.0006,0.0011,352.9819,353.8568,358.7003
32.24,0.0012,-0.0003,0.0011,352.9808,353.8567,358.7012
32.26,0.0013,-0.0003,0.0013,352.9813,353.8583,358.701
32.28,0.0014,-0.0002,0.0014,352.9803,353.8603,358.7007
32.3,0.0011,-0.0006,0.0017,352.9822,353.8568,358.7002
32.32,0.0014,-0.0007,0.0014,352.983,353.8603,358.6994
32.34,0.0008,-0.0008,0.0017,352.9832,353.8569,358.7003
32.36,0.0004,-0.0004,0.0017,352.9819,353.8569,358.701
32.38,0.0008,-0.0006,0.0016,352.9823,353.8582,358.7002
32.4,0.0011,-0.0004,0.0014,352.9812,353.8585,358.7006
32.42,0.0009,-0.0003,0.0016,352.9811,353.8577,358.7011
32.44,0.0008,-0.0005,0.0017,352.9817,353.8574,358.7006
32.46,-0.0001,-0.0001,0.002,352.9805,353.8523,358.7012
32.48,0.001,-0.0005,0.0014,352.9818,353.8568,358.699
32.5,0.0008,-0.0006,0.0015,352.9828,353.8542,358.6993
32.52,0.0012,-0.0009,0.0012,352.9836,353.8557,358.6987
32.54,0.0012,-0.0004,0.0009,352.981,353.8558,358.6994
32.56,0.0005,-0.0005,0.0012,352.9821,353.8513,358.699
32.58,0.0008,-0.0005,0.0011,352.9813,353.8521,358.6986
32.6,0.0006,-0.0003,0.001,352.9804,353.8511,358.6997
32.62,0.0004,0,0.0008,352.9783,353.8503,358.7003
32.64,0.0003,0.0001,0.0008,352.9792,353.8486,358.701
32.66,0.0005,-0.0002,0.0008,352.9799,353.8486,358.7001
32.68,0.0005,-0.0005,0.0006,352.9817,353.8484,358.7006
32.7,0.0008,-0.0005,0.0004,352.9818,353.849,358.7002
32.72,0.0008,-0.0002,0.0004,352.9798,353.8482,358.7006
32.74,0.0007,-0.0001,0.0004,352.9793,353.8484,358.7011
32.76,0.0006,-0.0001,0.0002,352.9794,353.8477,358.7018
32.78,0.0007,-0.0002,0.0003,352.9799,353.8484,358.7018
32.8,0.0002,-0.0004,0.0006,352.9817,353.8459,358.7013
32.82,0.0009,-0.0006,0.0003,352.9821,353.8515,358.6999
32.84,0.0003,-0.0003,0.0004,352.9803,353.8479,358.7009
32.86,0.0005,-0.0003,0.0002,352.9813,353.8484,358.7008
32.88,0.0002,-0.0003,0.0005,352.9803,353.8476,358.7002
32.9,-0.0007,0.0001,0.001,352.9794,353.8453,358.7019
32.92,-0.0007,-0.0003,0.0009,352.9812,353.8455,358.702
32.94,-0.0002,-0.0002,0.0006,352.9797,353.8483,358.7011
32.96,-0.0004,0,0.0006,352.9789,353.8465,358.7014
32.98,0.0001,-0.0007,0.0008,352.9822,353.8484,358.6996
33,-0.0004,-0.0005,0.001,352.9826,353.8462,358.6999
33.02,-0.0006,-0.0007,0.001,352.9829,353.8473,358.6994
33.04,-0.0005,-0.0005,0.0009,352.9825,353.8499,358.6999
33.06,0.0003,-0.0007,0.0006,352.9828,353.8527,358.6986
33.08,-0.0004,0,0.0009,352.9795,353.8479,358.6991
33.1,0,0.0001,0.0007,352.979,353.8506,358.6992
33.12,-0.0005,-0.0002,0.0011,352.981,353.8496,358.6992
33.14,-0.0002,-0.0003,0.0013,352.9816,353.852,358.6997
33.16,0.0001,-0.0003,0.0015,352.9816,353.8544,358.6999
33.18,0.0002,-0.0006,0.0015,352.9838,353.8557,358.6994
33.2,0.0002,-0.0004,0.0013,352.9829,353.8577,358.7004
33.22,-0.0008,-0.0004,0.0019,352.9823,353.8515,358.7006
33.24,-0.0002,-0.0003,0.002,352.9819,353.8535,358.7007
33.26,-0.0001,-0.0003,0.0021,352.9818,353.8534,358.7012
33.28,0.0007,-0.0009,0.0015,352.985,353.8578,358.6995
33.3,0.0003,-0.0003,0.0016,352.9813,353.8575,358.7014
33.32,0,-0.0007,0.0019,352.9835,353.8546,358.7009
33.34,0.0006,-0.0002,0.0017,352.981,353.8566,358.7019
33.36,0.0001,0,0.0018,352.9787,353.8534,358.7036
33.38,0.0009,-0.0006,0.0015,352.9822,353.8594,358.7003
33.4,0.0002,-0.0007,0.0018,352.9834,353.8551,358.7018
33.42,0.0005,-0.0003,0.0016,352.9813,353.8553,358.7025
33.44,0.0011,-0.0003,0.0013,352.9814,353.8565,358.7021
33.46,0.0008,-0.0001,0.0014,352.9802,353.8542,358.7028
33.48,0.0016,-0.0005,0.0012,352.9828,353.861,358.7016
33.5,0.0013,-0.0003,0.0013,352.9807,353.8606,358.7016
33.52,0.0002,-0.0007,0.0019,352.983,353.8543,358.7015
33.54,0.0006,-0.0002,0.0016,352.9817,353.8553,358.7029
33.56,0.0013,-0.0002,0.0014,352.9806,353.8576,358.7022
33.58,0.0008,0,0.0016,352.9793,353.8579,358.701
33.6,0.0002,-0.0002,0.0018,352.9797,353.8569,358.7008
33.62,0.001,-0.0011,0.0016,352.9844,353.8571,358.6999
33.64,0.0013,-0.0007,0.0014,352.9836,353.8585,358.6993
33.66,0.0007,-0.0008,0.0017,352.982,353.8571,358.6983
33.68,0.0006,-0.0004,0.0014,352.9812,353.8548,358.7004
33.7,0.0003,-0.0004,0.0016,352.9817,353.8532,358.7004
33.72,0.0006,-0.0001,0.0014,352.9798,353.8533,358.7006
33.74,0.0003,0,0.0015,352.9802,353.8509,358.7014
33.76,0.0013,-0.0007,0.001,352.9828,353.8547,358.6993
33.78,-0.0002,-0.0005,0.0015,352.9824,353.8496,358.6992
33.8,-0.0008,-0.0002,0.0015,352.9807,353.8459,358.7006
33.82,-0.0001,-0.0003,0.0012,352.9813,353.8485,358.7006
33.84,0.0001,-0.0001,0.0011,352.9806,353.8473,358.7009
33.86,-0.0003,0.0002,0.0012,352.9778,353.8445,358.7017
33.88,0.0001,-0.0007,0.0009,352.9833,353.8477,358.6999
33.9,-0.0001,-0.0002,0.0007,352.9811,353.8459,358.701
33.92,-0.0001,-0.0005,0.0008,352.9825,353.8449,358.7006
33.94,0.0002,-0.0004,0.0005,352.981,353.8461,358.701
33.96,-0.0001,-0.0004,0.0007,352.9813,353.8445,358.7016
33.98,-0.0011,-0.0003,0.0011,352.9812,353.8408,358.7023
34,-0.0001,-0.0005,0.0007,352.9822,353.8446,358.7011
34.02,0.0008,-0.0001,0.0004,352.9814,353.847,358.7022
34.04,0.0001,-0.0004,0.0007,352.9814,353.8455,358.7014
34.06,0.0003,-0.0004,0.0005,352.9813,353.8471,358.7009
34.08,-0.0002,-0.0004,0.0007,352.9806,353.8438,358.701
34.1,-0.0005,-0.0001,0.0008,352.9797,353.8428,358.7016
34.12,-0.0003,-0.0001,0.0007,352.9792,353.8441,358.7005
34.14,-0.0002,-0.0003,0.0007,352.9798,353.8452,358.7008
34.16,0,-0.0003,0.0006,352.9807,353.8478,358.7003
34.18,-0.0002,-0.0004,0.0009,352.9813,353.8466,358.7003
34.2,-0.0015,-0.0005,0.0014,352.9823,353.8411,358.701
34.22,-0.0014,-0.0013,0.0016,352.9861,353.8419,358.6992
34.24,-0.0009,-0.0007,0.0011,352.9827,353.8452,358.699
34.26,-0.0013,-0.0005,0.0014,352.9824,353.8437,358.701
34.28,-0.001,-0.0001,0.0014,352.9799,353.8449,358.701
34.3,0.0002,-0.0004,0.0011,352.9816,353.8482,358.7003
34.32,0,-0.0007,0.0014,352.9832,353.8483,358.699
34.34,-0.0001,-0.0004,0.0013,352.9819,353.8505,358.6989
34.36,-0.0006,-0.0004,0.0016,352.9829,353.8506,358.7004
34.38,-0.0003,-0.0005,0.0017,352.9826,353.8524,358.6996
34.4,0.001,-0.0006,0.0018,352.9834,353.8571,358.6992
34.42,0.0003,-0.0009,0.0023,352.9846,353.8549,358.7002
34.44,-0.0002,-0.0004,0.0022,352.9825,353.855,358.7018
34.46,-0.0003,-0.0002,0.0019,352.9821,353.8535,358.7024
34.48,0.0025,-0.0003,0.0014,352.981,353.8603,358.7
34.5,0.002,-0.0007,0.0017,352.9822,353.8615,358.7004
34.52,0.0013,-0.0003,0.0012,352.9814,353.8607,358.7018
34.54,0.0012,-0.0004,0.0012,352.9816,353.8596,358.7013
34.56,0.001,-0.0007,0.0014,352.9828,353.8573,358.7014
34.58,0.001,-0.0002,0.0016,352.9803,353.8556,358.7021
34.6,0.0012,-0.0003,0.0015,352.9799,353.8583,358.7012
34.62,0.0011,-0.0002,0.0014,352.9804,353.8581,358.7023
34.64,0.0011,-0.0002,0.0015,352.9806,353.8571,358.7026
34.66,0.0014,-0.0003,0.0013,352.9809,353.8576,358.7018
34.68,0.001,-0.0001,0.0014,352.9796,353.8551,358.7029
34.7,0.0009,-0.0003,0.0013,352.9807,353.856,358.7025
34.72,0.001,-0.0002,0.0013,352.9802,353.8594,358.7025
34.74,0.0018,-0.0005,0.0012,352.9824,353.8631,358.7008
34.76,0.0011,-0.0006,0.0016,352.9832,353.858,358.7003
34.78,0.0013,-0.0005,0.0013,352.9819,353.8593,358.6996
34.8,0.0008,-0.0005,0.0015,352.9818,353.8572,358.7003
34.82,0.0007,-0.0005,0.0017,352.9824,353.8571,358.7004
34.84,0.0002,-0.0001,0.0018,352.9806,353.8552,358.7009
34.86,0.0007,0,0.0013,352.9797,353.8562,358.7014
34.88,0.0008,-0.0003,0.0013,352.9812,353.8549,358.7005
34.9,0.0012,-0.0002,0.0012,352.9804,353.8575,358.7
34.92,0.0009,-0.0003,0.0014,352.9816,353.8549,358.7005
34.94,0.0007,-0.0004,0.0013,352.9814,353.8534,358.6995
34.96,0.0009,-0.0002,0.001,352.9811,353.8539,358.7004
34.98,-0.0002,-0.0002,0.0015,352.9814,353.85,358.7014
35,0.0002,-0.0003,0.0011,352.9816,353.8516,358.7002
35.02,-0.0001,-0.0004,0.0011,352.9816,353.8491,358.7005
35.04,0.0004,-0.0002,0.0007,352.9798,353.8501,358.7006
35.06,0.0004,-0.0002,0.0008,352.9799,353.8487,358.6998
35.08,0.0004,-0.0006,0.0006,352.9824,353.8489,358.7003
35.1,0.0007,-0.0002,0.0004,352.98,353.8512,358.7003
35.12,0.0002,-0.0004,0.0007,352.9811,353.848,358.7004
35.14,0.0003,0,0.0008,352.9791,353.8471,358.7022
35.16,0.0006,0.0001,0.0007,352.979,353.8484,358.7025
35.18,0.0004,-0.0003,0.0006,352.9803,353.847,358.7011
35.2,0.0007,-0.0004,0.0005,352.9807,353.848,358.7009
35.22,0.0002,-0.0003,0.0007,352.9809,353.8453,358.7017
35.24,0.0002,-0.0001,0.0006,352.9797,353.8456,358.7019
35.26,0.0004,-0.0006,0.0007,352.9821,353.8466,358.7007
35.28,-0.0001,-0.0006,0.001,352.9828,353.8457,358.7013
35.3,0.0003,-0.0005,0.0007,352.9818,353.848,358.7015
35.32,-0.0002,-0.0004,0.0008,352.9811,353.8455,358.702
35.34,-0.0006,0,0.0008,352.9792,353.8436,358.7029
35.36,-0.0006,-0.0003,0.001,352.9808,353.8439,358.7012
35.38,-0.0006,-0.0003,0.001,352.9809,353.8469,358.7014
35.4,-0.0025,-0.0007,0.0016,352.9838,353.8418,358.7004
35.42,-0.0021,-0.0006,0.0014,352.9833,353.8439,358.6999
35.44,-0.0015,-0.0004,0.0013,352.9825,353.8458,358.7002
35.46,-0.0008,-0.0003,0.0012,352.982,353.8466,358.6996
35.48,-0.0004,-0.0004,0.0012,352.982,353.846,358.7004
35.5,-0.0005,-0.0005,0.0014,352.9826,353.8475,358.7004
35.52,-0.0008,-0.0007,0.0019,352.9838,353.8468,358.7003
35.54,-0.0006,-0.0004,0.0018,352.9813,353.8503,358.6997
35.56,-0.0005,0,0.0016,352.9801,353.8515,358.7009
35.58,-0.0006,-0.0004,0.0018,352.9818,353.8503,358.6991
35.6,-0.0003,-0.0004,0.0018,352.9819,353.8531,358.6993
35.62,-0.0004,-0.0002,0.0016,352.9808,353.8548,358.7004
35.64,0,-0.0006,0.0017,352.9835,353.8559,358.6993
35.66,0.0001,-0.0009,0.0019,352.9856,353.8544,358.6993
35.68,0.0019,-0.0008,0.0014,352.9839,353.8627,358.698
35.7,0.0007,-0.0001,0.0018,352.9802,353.8596,358.7015
35.72,-0.0001,-0.0001,0.0019,352.9813,353.8552,358.7022
35.74,0.001,-0.0004,0.0015,352.9823,353.8591,358.7021
35.76,0.001,-0.0004,0.0016,352.9817,353.8581,358.7013
35.78,0.0004,-0.0005,0.0018,352.9832,353.8547,358.7026
35.8,0.0007,-0.0002,0.0015,352.981,353.8574,358.7029
35.82,0.0008,-0.0003,0.0014,352.9814,353.8578,358.7029
35.84,0.0009,-0.0008,0.0015,352.9837,353.8565,358.7009
35.86,0.0012,-0.0003,0.0013,352.981,353.8583,358.7017
35.88,0.0006,0,0.0015,352.9801,353.8573,358.7029
35.9,0.0009,-0.0002,0.0017,352.9818,353.8594,358.7024
35.92,0.001,-0.0003,0.0017,352.9823,353.8609,358.7018
35.94,-0.0002,0.0003,0.0021,352.9797,353.8572,358.7037
35.96,0.0003,-0.0002,0.0018,352.981,353.8581,358.7029
35.98,0.0006,-0.0002,0.0016,352.9811,353.8588,358.7021
36,0.0003,-0.0003,0.0018,352.9827,353.856,358.7021
36.02,0.0003,-0.0001,0.0018,352.9812,353.8553,358.7022
36.04,0.0006,0.0003,0.0015,352.9792,353.8578,358.7022
36.06,0.0002,0.0001,0.0017,352.9796,353.8548,358.7022
36.08,0.0003,-0.0006,0.0017,352.983,353.8563,358.6995
36.1,0.0001,-0.0005,0.0017,352.9828,353.8546,358.6996
36.12,-0.0001,-0.0002,0.0016,352.9811,353.8518,358.7011
36.14,0.0011,-0.0003,0.0011,352.9813,353.8561,358.6992
36.16,0.0004,-0.0004,0.0015,352.9826,353.8519,358.6993
36.18,-0.0001,-0.0003,0.0014,352.9808,353.8506,358.701
36.2,-0.0001,-0.0005,0.0013,352.9825,353.8495,358.7003
36.22,-0.0001,-0.0003,0.0013,352.9814,353.8479,358.7003
36.24,-0.0004,-0.0001,0.0014,352.9795,353.846,358.7004
36.26,-0.0001,-0.0003,0.0011,352.9805,353.8486,358.6996
36.28,-0.0004,0,0.0008,352.9797,353.8475,358.7
36.3,-0.0004,-0.0003,0.0009,352.9816,353.846,358.7008
36.32,-0.0003,0.0001,0.0008,352.979,353.8462,358.7019
36.34,-0.0002,0,0.0007,352.9791,353.8467,358.7018
36.36,-0.0002,-0.0001,0.0006,352.9792,353.8468,358.7014
36.38,-0.0002,-0.0003,0.0009,352.9807,353.8452,358.7013
36.4,-0.0005,-0.0001,0.0009,352.9803,353.8435,358.7022
36.42,-0.0007,0.0001,0.0007,352.9792,353.8432,358.7032
36.44,-0.0001,-0.0002,0.0005,352.9803,353.8457,358.7019
36.46,-0.0002,-0.0002,0.0008,352.9803,353.8459,358.7015
36.48,-0.0005,-0.0003,0.0009,352.9817,353.8449,358.7022
36.5,-0.0004,-0.0004,0.0008,352.9818,353.8452,358.7014
36.52,-0.0005,-0.0002,0.0012,352.9814,353.8448,358.7024
36.54,-0.0005,-0.0003,0.0013,352.9811,353.8456,358.7013
36.56,-0.0004,-0.0005,0.0011,352.9818,353.8456,358.7007
36.58,0.0003,-0.0003,0.0005,352.9817,353.8508,358.7009
36.6,-0.0004,0.0001,0.0008,352.9786,353.8479,358.7013
36.62,-0.0004,-0.0001,0.001,352.9796,353.847,358.7009
36.64,-0.0009,0.0003,0.0012,352.978,353.8449,358.702
36.66,-0.0009,0.0001,0.0012,352.9792,353.8449,358.7011
36.68,-0.0012,0,0.0013,352.9794,353.8448,358.7006
36.7,-0.0015,-0.0002,0.0015,352.9804,353.8456,358.7004
36.72,-0.0007,-0.0004,0.0013,352.9828,353.85,358.7003
36.74,0.0007,-0.001,0.0013,352.9843,353.8535,358.6984
36.76,0.0007,-0.0005,0.0017,352.9823,353.8526,358.699
36.78,-0.0003,-0.0003,0.0017,352.9822,353.8527,358.7003
36.8,-0.0005,-0.0002,0.0015,352.9821,353.854,358.7015
36.82,-0.0009,-0.0002,0.002,352.9823,353.8509,358.7018
36.84,-0.0002,-0.0007,0.002,352.9846,353.8514,358.7009
36.86,0.0006,-0.0006,0.0017,352.9841,353.856,358.7009
36.88,0.0011,-0.0006,0.0013,352.9832,353.8602,358.7
36.9,0.001,-0.0007,0.0017,352.9841,353.8587,358.7003
36.92,0.001,-0.0004,0.0017,352.9825,353.8583,358.701
36.94,0.0015,-0.0007,0.0015,352.9833,353.8597,358.7005
36.96,0.0005,-0.0005,0.0019,352.9827,353.8549,358.7011
36.98,0.0006,-0.0001,0.0016,352.9802,353.8581,358.7031
37,0.0005,-0.0002,0.0017,352.9807,353.8556,358.703
37.02,0.0006,-0.0003,0.0018,352.9818,353.8544,358.7025
37.04,0.0022,-0.0007,0.001,352.9825,353.8596,358.7015
37.06,0.001,-0.0004,0.0014,352.9816,353.857,358.7022
37.08,0.0009,-0.0005,0.0015,352.982,353.8578,358.7016
37.1,0.0006,-0.0003,0.0018,352.9811,353.8551,358.7015
37.12,0.0006,-0.0004,0.0019,352.982,353.8549,358.7027
37.14,0.0011,-0.0004,0.0015,352.9818,353.8587,358.7024
37.16,0.0006,-0.0002,0.0016,352.9803,353.8564,358.7022
37.18,0.0006,0.0001,0.0015,352.9792,353.8553,358.7023
37.2,0.0004,-0.0001,0.0017,352.981,353.8543,358.7021
37.22,0.0003,-0.0001,0.0017,352.9811,353.8542,358.7022
37.24,0.0003,-0.0005,0.0019,352.9827,353.8539,358.701
37.26,0.0002,-0.0005,0.0019,352.9832,353.8546,358.7014
37.28,-0.001,-0.0004,0.0023,352.9834,353.8506,358.7016
37.3,0,-0.0004,0.0017,352.9828,353.8515,358.7009
37.32,0.0002,-0.0003,0.0015,352.9817,353.8525,358.702
37.34,0.0026,-0.0004,0.0003,352.981,353.8614,358.699
37.36,0,-0.0004,0.0018,352.9822,353.8515,358.7011
37.38,-0.0008,0,0.002,352.9796,353.8454,358.7012
37.4,-0.0001,-0.0004,0.0016,352.9816,353.8484,358.7
37.42,-0.0002,-0.0007,0.0016,352.9835,353.8477,358.6991
37.44,-0.002,-0.0001,0.0024,352.9814,353.8433,358.7005
37.46,-0.0013,0,0.0016,352.9808,353.8434,358.7017
37.48,-0.0005,0.0001,0.0012,352.9795,353.8452,358.7015
37.5,-0.0005,-0.0001,0.0013,352.9794,353.845,358.7012
37.52,-0.0002,-0.0003,0.0012,352.9804,353.847,358.7008
37.54,-0.0003,-0.0007,0.0011,352.9835,353.8458,358.701
37.56,0,-0.0005,0.0008,352.982,353.8465,358.7009
37.58,-0.0004,-0.0003,0.001,352.981,353.8431,358.7017
37.6,-0.0004,-0.0003,0.0011,352.9817,353.8426,358.7025
37.62,0.001,-0.0002,0.0001,352.9795,353.8497,358.7009
37.64,0.0012,-0.0006,0,352.982,353.8514,358.7012
37.66,0.0002,-0.001,0.0007,352.9835,353.8477,358.7008
37.68,-0.0001,-0.0006,0.0011,352.9823,353.8447,358.7013
37.7,-0.0001,-0.0005,0.0009,352.9827,353.8452,358.7019
37.72,-0.0004,-0.0005,0.001,352.9818,353.8443,358.7015
37.74,-0.0006,-0.0004,0.001,352.9822,353.8429,358.7021
37.76,-0.0007,-0.0004,0.0011,352.9828,353.8436,358.7027
37.78,-0.0004,-0.0002,0.0009,352.981,353.8443,358.702
37.8,-0.0005,0.0001,0.0008,352.9795,353.844,358.7025
37.82,-0.0006,-0.0005,0.0009,352.9824,353.8443,358.7013
37.84,-0.0016,-0.0005,0.0015,352.9825,353.8406,358.7018
37.86,-0.0012,-0.0006,0.0015,352.9836,353.8416,358.7014
37.88,-0.0017,-0.0003,0.0016,352.9821,353.8421,358.7016
37.9,-0.0018,-0.0002,0.0016,352.9812,353.8421,358.7016
37.92,-0.0008,0,0.0013,352.9796,353.8483,358.7009
37.94,-0.0009,-0.0001,0.0015,352.981,353.8469,358.7015
37.96,-0.0006,-0.0001,0.0015,352.9804,353.848,358.701
37.98,-0.0002,-0.0003,0.0014,352.9819,353.85,358.7008
38,-0.0003,-0.0001,0.0015,352.9812,353.8518,358.701
38.02,-0.0006,-0.0003,0.0018,352.9818,353.85,358.7016
38.04,0,-0.0005,0.0017,352.983,353.8532,358.6998
38.06,-0.0005,-0.0004,0.0019,352.9823,353.8519,358.7006
38.08,-0.0008,-0.0006,0.002,352.9839,353.8514,358.7001
38.1,-0.0008,-0.0003,0.002,352.9818,353.8541,358.7009
38.12,-0.001,-0.0005,0.0023,352.9831,353.851,358.7018
38.14,0,-0.0002,0.0019,352.9815,353.8537,358.7018
38.16,0,-0.0002,0.0019,352.981,353.8528,358.7024
38.18,0.0003,-0.0005,0.0018,352.9817,353.854,358.7013
38.2,0,-0.0005,0.0021,352.9822,353.8524,358.7013
38.22,0.0001,-0.0005,0.0022,352.9818,353.8529,358.7012
38.24,0,-0.0006,0.0022,352.983,353.8512,358.7026
38.26,0.0001,-0.0005,0.0019,352.982,353.8523,358.7021
38.28,0.0011,-0.0006,0.0014,352.9824,353.8569,358.7011
38.3,0.0006,-0.0002,0.0015,352.9807,353.8546,358.7026
38.32,0.0003,0,0.0016,352.9802,353.853,358.7037
38.34,0.0005,0.0001,0.0015,352.9796,353.854,358.7029
38.36,0.0004,-0.0001,0.0016,352.9807,353.8538,358.7028
38.38,-0.0014,0,0.0025,352.9816,353.8474,358.7043
38.4,0.0003,-0.0006,0.0019,352.9832,353.8534,358.7012
38.42,0.0003,-0.0006,0.0017,352.9828,353.8539,358.701
38.44,0.0005,-0.0006,0.0016,352.9825,353.8562,358.7008
38.46,0.0001,-0.0005,0.0017,352.9821,353.8549,358.7005
38.48,0.0002,-0.0006,0.0018,352.9842,353.8546,358.7007
38.5,0.0005,-0.0007,0.0017,352.9839,353.8553,358.7001
38.52,0.0008,-0.0005,0.0016,352.9828,353.8562,358.7007
38.54,0.0008,-0.0002,0.0015,352.981,353.8572,358.7012
38.56,0.0001,-0.0003,0.0016,352.982,353.8548,358.7013
38.58,0.0001,-0.0002,0.0016,352.9812,353.8512,358.7016
38.6,0.0002,-0.0003,0.0016,352.9821,353.8514,358.7011
38.62,0.0004,-0.0004,0.0015,352.9821,353.852,358.7002
38.64,-0.0002,0.0001,0.0016,352.9802,353.8491,358.7015
38.66,-0.0002,-0.0004,0.0013,352.9813,353.8496,358.6999
38.68,-0.0003,-0.0001,0.0015,352.98,353.848,358.7004
38.7,-0.0003,-0.0006,0.0016,352.9824,353.8467,358.6992
38.72,-0.0008,-0.0004,0.0016,352.9808,353.8419,358.7004
38.74,-0.0005,-0.0005,0.0013,352.9822,353.844,358.7
38.76,-0.0007,-0.0006,0.0014,352.9836,353.8429,358.7003
38.78,-0.0009,-0.0006,0.0014,352.9836,353.8412,358.7009
38.8,-0.0004,-0.0005,0.0011,352.9826,353.8432,358.7002
38.82,-0.0011,-0.0002,0.0013,352.9817,353.8394,358.7025
38.84,-0.0006,0.0001,0.0011,352.9795,353.8425,358.7032
38.86,-0.0005,0,0.0011,352.98,353.8435,358.7029
38.88,-0.0002,-0.0003,0.001,352.981,353.8434,358.7028
38.9,-0.0002,-0.0002,0.0009,352.9809,353.8428,358.7027
38.92,-0.0006,-0.0006,0.001,352.9832,353.8415,358.7019
38.94,-0.0002,-0.0001,0.0009,352.9781,353.8472,358.7025
38.96,-0.0009,-0.0001,0.0011,352.9792,353.8427,358.7035
38.98,-0.0005,-0.0004,0.0011,352.981,353.8438,358.7015
39,-0.0001,-0.0003,0.0007,352.9806,353.8457,358.701
39.02,-0.0013,-0.0001,0.0013,352.9794,353.8419,358.7021
39.04,-0.001,0.0001,0.001,352.9791,353.8447,358.7025
39.06,-0.0011,-0.0003,0.0011,352.9806,353.845,358.7015
39.08,-0.0018,-0.0006,0.0015,352.9828,353.8417,358.7003
39.1,-0.0016,-0.0004,0.0013,352.9821,353.842,358.701
39.12,-0.0016,-0.0002,0.0012,352.9811,353.8422,358.701
39.14,-0.0011,-0.0001,0.0012,352.9814,353.8448,358.7015
39.16,-0.0017,0.0002,0.0015,352.9795,353.8422,358.7023
39.18,-0.0014,0.0002,0.0013,352.9791,353.8445,358.7019
39.2,-0.0018,-0.0002,0.0016,352.9806,353.8445,358.701
39.22,-0.0016,-0.0003,0.0017,352.9819,353.8449,358.7012
39.24,-0.0012,-0.0004,0.0017,352.9827,353.8463,358.7012
39.26,-0.0006,-0.0003,0.0016,352.9825,353.8495,358.7003
39.28,-0.0006,-0.0003,0.0018,352.9813,353.8519,358.7005
39.3,-0.0006,-0.0002,0.0021,352.9815,353.8521,358.7015
39.32,-0.0004,-0.0005,0.0023,352.9837,353.8524,358.7018
39.34,-0.0001,-0.0003,0.0018,352.9819,353.854,358.7022
39.36,-0.0007,-0.0001,0.0018,352.9809,353.8511,358.7031
39.38,0.0004,-0.0006,0.0016,352.9828,353.8531,358.7015
39.4,0.0009,-0.0005,0.0015,352.9821,353.8546,358.7003
39.42,0.0008,-0.0005,0.0018,352.9827,353.8553,358.7003
39.44,0.001,-0.0003,0.0017,352.9822,353.858,358.7013
39.46,0.0005,-0.0002,0.0018,352.9812,353.8559,358.7025
39.48,0.0008,-0.0002,0.0013,352.9806,353.8566,358.7023
39.5,0.0007,-0.0002,0.0013,352.9804,353.8548,358.7023
39.52,-0.0005,-0.0003,0.0021,352.9821,353.8478,358.7036
39.54,-0.0003,-0.0005,0.0019,352.9826,353.8499,358.7023
39.56,-0.0004,0,0.0018,352.9797,353.8506,358.7037
39.58,0.0003,0.0003,0.0016,352.9781,353.8537,358.7039
39.6,0.0003,-0.0003,0.0018,352.9813,353.8526,358.7025
39.62,-0.0002,0,0.0018,352.9802,353.85,358.7036
39.64,-0.0001,-0.0001,0.0017,352.9809,353.8505,358.7027
39.66,0.0002,-0.0002,0.0016,352.9811,353.8525,358.7018
39.68,0.0006,-0.0003,0.0018,352.9814,353.8548,358.701
39.7,0.0003,-0.0002,0.0019,352.9815,353.8543,358.7014
39.72,0.0001,-0.0004,0.0018,352.9819,353.8532,358.7015
39.74,0.0007,0.0002,0.0014,352.979,353.8566,358.7017
39.76,0.0007,-0.0004,0.0016,352.9815,353.8544,358.701
39.78,0.0004,-0.0001,0.0016,352.9803,353.8527,358.7012
39.8,0.0003,-0.0001,0.0015,352.9797,353.8513,358.7014
39.82,0.0003,-0.0003,0.0014,352.9809,353.8514,358.7018
39.84,0,-0.0002,0.0014,352.9812,353.8498,358.7018
39.86,-0.0001,-0.0002,0.0014,352.981,353.8496,358.7012
39.88,-0.0002,-0.0002,0.0013,352.9809,353.8499,358.7015
39.9,0,-0.0003,0.0011,352.9807,353.8493,358.7
39.92,-0.0002,-0.0003,0.0012,352.9806,353.8462,358.6992
39.94,-0.0003,-0.0004,0.0012,352.9815,353.8453,358.6992
39.96,-0.0004,-0.0005,0.0011,352.9814,353.8447,358.6992
39.98,-0.0015,-0.0005,0.0014,352.9823,353.841,358.7005
40,-0.0019,-0.0003,0.0017,352.981,353.8387,358.7012
40.02,-0.0005,-0.0002,0.001,352.9807,353.8426,358.7014
40.04,-0.0005,0,0.0009,352.9797,353.8424,358.7019
40.06,-0.0001,-0.0004,0.0009,352.9814,353.844,358.7016
40.08,-0.0003,-0.0004,0.0011,352.9817,353.8434,358.7025
40.1,-0.0001,-0.0003,0.001,352.9815,353.8443,358.703
40.12,0.0004,-0.0004,0.0009,352.9815,353.8459,358.7024
40.14,-0.0004,-0.0007,0.0012,352.9835,353.8401,358.7022
40.16,-0.0003,-0.0004,0.0011,352.9816,353.8433,358.7024
40.18,0,-0.0002,0.001,352.9801,353.8461,358.7018
40.2,0,-0.0002,0.001,352.98,353.8455,358.7025
40.22,-0.0001,-0.0003,0.0009,352.9807,353.8446,358.7025
40.24,-0.0003,-0.0002,0.0009,352.9801,353.8443,358.7032
40.26,-0.0001,-0.0001,0.0008,352.9797,353.8468,358.7023
40.28,-0.0003,0.0001,0.0008,352.9785,353.8462,358.702
40.3,-0.0006,-0.0001,0.001,352.9793,353.8449,358.702
40.32,-0.0007,-0.0001,0.0009,352.9797,353.8462,358.7012
40.34,-0.0017,-0.0003,0.0013,352.981,353.8428,358.701
40.36,-0.0013,-0.0005,0.0013,352.9819,353.8443,358.7006
40.38,-0.0007,-0.0002,0.0013,352.9802,353.8446,358.7017
40.4,-0.0006,-0.0003,0.0012,352.9805,353.8451,358.701
40.42,-0.0009,0.0002,0.0011,352.9785,353.8464,358.7017
40.44,-0.001,-0.0003,0.0014,352.9815,353.8482,358.7011
40.46,-0.001,-0.0004,0.0017,352.9821,353.8482,358.7007
40.48,-0.0005,-0.0003,0.0017,352.9813,353.849,358.7008
40.5,-0.0002,0,0.0015,352.9791,353.8524,358.7013
40.52,-0.0004,-0.0001,0.0017,352.9803,353.8519,358.7011
40.54,-0.0004,-0.0003,0.0019,352.9817,353.8521,358.7013
40.56,-0.0004,-0.0004,0.002,352.9825,353.8527,358.7009
40.58,0.0005,-0.0002,0.0018,352.981,353.8549,358.702
40.6,0.0006,-0.0002,0.0018,352.981,353.8558,358.7017
40.62,0.0011,0.0002,0.0013,352.9789,353.8593,358.7025
40.64,0.0002,-0.0002,0.0018,352.9804,353.8554,358.7014
40.66,0.0003,-0.0004,0.002,352.9812,353.8543,358.7012
40.68,0.001,-0.0004,0.0019,352.981,353.858,358.7007
40.7,0.0007,-0.0001,0.0019,352.9798,353.8567,358.7019
40.72,0.0002,-0.0002,0.0018,352.9805,353.8557,358.702
40.74,0.0004,-0.0005,0.0016,352.9819,353.8558,358.7019
40.76,0.0006,-0.0005,0.0015,352.9817,353.8559,358.7017
40.78,0.0009,-0.0007,0.0016,352.983,353.8544,358.7011
40.8,0.001,-0.0004,0.0015,352.9818,353.8572,358.7017
40.82,0.0007,-0.0003,0.0018,352.9814,353.8571,358.7022
40.84,0.0005,-0.0004,0.0019,352.9818,353.8574,358.7017
40.86,0.0007,-0.0003,0.0018,352.981,353.8583,358.7023
40.88,0.0003,-0.0006,0.0018,352.9822,353.8547,358.7014
40.9,0.0005,-0.0006,0.0018,352.9822,353.8559,358.7003
40.92,0.0009,-0.0004,0.0016,352.9806,353.8588,358.7006
40.94,0.0002,-0.0003,0.0018,352.981,353.8551,358.7015
40.96,0.0001,-0.0006,0.0019,352.9828,353.8547,358.7009
40.98,0.0004,-0.0004,0.0016,352.982,353.8564,358.7009
41,0.0003,-0.0007,0.0016,352.9845,353.8555,358.7005
41.02,0,-0.0004,0.0017,352.9829,353.8547,358.7014
41.04,0.0001,-0.0002,0.0016,352.9806,353.8531,358.7013
41.06,0.0007,-0.0002,0.0014,352.9804,353.8545,358.7005
41.08,-0.0001,-0.0002,0.0016,352.9808,353.8505,358.7014
41.1,-0.0001,-0.0002,0.0013,352.9802,353.8508,358.7007
41.12,0.0001,-0.0001,0.0011,352.9794,353.8519,358.7008
41.14,0,-0.0003,0.0013,352.981,353.8501,358.7006
41.16,-0.0003,-0.0003,0.0015,352.9804,353.8476,358.7
41.18,-0.0013,0.0002,0.0015,352.9791,353.8431,358.702
41.2,-0.0005,0.0001,0.001,352.9794,353.847,358.7016
41.22,-0.0004,-0.0004,0.001,352.9807,353.8469,358.7009
41.24,-0.0005,-0.0001,0.0011,352.9789,353.8451,358.7018
41.26,-0.001,-0.0005,0.0014,352.9824,353.8393,358.7013
41.28,-0.0003,-0.0002,0.0008,352.9803,353.8448,358.7009
41.3,0.0003,-0.0001,0.0006,352.9795,353.8482,358.7006
41.32,0.0002,-0.0003,0.001,352.9803,353.8457,358.7019
41.34,0.0002,-0.0007,0.001,352.9821,353.8455,358.7011
41.36,0.0001,-0.0003,0.0008,352.9797,353.8456,358.7018
41.38,0,-0.0006,0.0008,352.9825,353.8459,358.7017
41.4,-0.0008,-0.0005,0.0013,352.9828,353.8412,358.7032
41.42,-0.0005,-0.0002,0.001,352.9811,353.8433,358.7026
41.44,-0.0001,-0.0002,0.0007,352.9804,353.8454,358.7019
41.46,-0.0001,-0.0004,0.0007,352.9816,353.8463,358.7025
41.48,-0.0003,0,0.0009,352.9798,353.8456,358.7018
41.5,0,-0.0001,0.0007,352.9798,353.8477,358.7016
41.52,-0.0007,-0.0001,0.0008,352.9794,353.8455,358.7018
41.54,-0.0006,-0.0002,0.0008,352.9803,353.8463,358.7006
41.56,-0.0007,-0.0003,0.001,352.9812,353.8454,358.7006
41.58,-0.0003,-0.0004,0.0008,352.9814,353.8476,358.7006
41.6,-0.0008,-0.0005,0.001,352.9821,353.8467,358.7002
41.62,-0.0009,-0.0004,0.001,352.9816,353.8465,358.7002
41.64,-0.0008,-0.0002,0.001,352.9804,353.8484,358.7005
41.66,-0.0013,-0.0005,0.0014,352.9831,353.8455,358.7007
41.68,-0.0008,-0.0004,0.001,352.9824,353.8466,358.6999
41.7,-0.0012,-0.0004,0.0012,352.9815,353.8464,358.7003
41.72,-0.001,-0.0001,0.0012,352.9801,353.8484,358.7007
41.74,-0.0002,0,0.0011,352.9797,353.854,358.7009
41.76,0.0008,-0.0004,0.001,352.9809,353.8563,358.7001
41.78,-0.0008,-0.0002,0.0017,352.9809,353.851,358.7007
41.8,-0.0008,-0.0001,0.0015,352.9801,353.8531,358.7007
41.82,-0.0004,-0.0005,0.0016,352.9812,353.8551,358.7005
41.84,0,-0.0003,0.0016,352.9806,353.8551,358.7
41.86,0,-0.0004,0.0015,352.9805,353.8545,358.7005
41.88,0,-0.0001,0.0013,352.9798,353.8567,358.7014
41.9,0.0004,-0.0004,0.0014,352.9804,353.8579,358.7005
41.92,0.0004,-0.0002,0.0014,352.9799,353.8561,358.7006
41.94,0.0008,-0.0006,0.0014,352.9818,353.8561,358.7
41.96,0.0005,-0.0001,0.0013,352.9799,353.8552,358.7021
41.98,0.0005,-0.0005,0.0014,352.982,353.8565,358.7015
42,0.0012,-0.0006,0.001,352.9816,353.8584,358.701
42.02,0.0008,-0.0007,0.0014,352.9824,353.8563,358.7011
42.04,0.0006,-0.0005,0.0013,352.9814,353.8551,358.702
42.06,0.001,-0.0004,0.0009,352.9805,353.8577,358.7019
42.08,0.0006,-0.0004,0.0013,352.9809,353.8571,358.7019
42.1,-0.0005,-0.0002,0.0021,352.9818,353.8532,358.7017
42.12,-0.0001,-0.0004,0.0018,352.982,353.8544,358.7024
42.14,0.0002,-0.0002,0.0014,352.9807,353.8561,358.702
42.16,-0.0005,-0.0002,0.0017,352.9802,353.8533,358.7023
42.18,-0.0002,-0.0003,0.0017,352.9805,353.8528,358.7014
42.2,0.0007,-0.0006,0.0013,352.9821,353.8558,358.7007
42.22,-0.0001,-0.0004,0.0017,352.9825,353.8536,358.701
42.24,-0.0003,-0.0002,0.0018,352.9807,353.8537,358.7019
42.26,0.0006,-0.0006,0.0014,352.9825,353.8568,358.6997
42.28,0.0001,-0.0004,0.0015,352.9823,353.8545,358.7006
42.3,-0.0005,-0.0002,0.0016,352.981,353.8502,358.7018
42.32,-0.0005,-0.0003,0.0015,352.9814,353.8495,358.701
42.34,0,-0.0002,0.0012,352.9802,353.851,358.7007
42.36,-0.0002,-0.0001,0.0013,352.9796,353.849,358.7008
42.38,-0.0002,-0.0007,0.0011,352.9816,353.8491,358.6992
42.4,-0.0007,-0.0005,0.0012,352.9819,353.8477,358.7017
42.42,-0.0005,-0.0004,0.001,352.9807,353.8475,358.7
42.44,-0.0006,-0.0003,0.0011,352.9808,353.8457,358.6996
42.46,0.0014,-0.0008,-0.0001,352.9826,353.851,358.6996
42.48,-0.0006,0,0.0007,352.9797,353.8447,358.7005
42.5,-0.0016,0.0001,0.001,352.9785,353.8386,358.7028
42.52,-0.0009,0.0003,0.0006,352.9771,353.8426,358.7033
42.54,-0.0005,0.0001,0.0006,352.9784,353.8433,358.7031
42.56,0.0003,-0.0003,0.0002,352.9798,353.8452,358.702
42.58,-0.0008,0.0001,0.0006,352.9785,353.8396,358.7027
42.6,-0.0013,0.0003,0.0007,352.9774,353.8383,358.7036
42.62,-0.0007,0,0.0004,352.9788,353.8399,358.7029
42.64,-0.0003,-0.0002,0.0003,352.9799,353.8434,358.702
42.66,-0.0002,-0.0002,0.0004,352.9798,353.844,358.7022
42.68,-0.0002,-0.0004,0.0004,352.9807,353.8443,358.7007
42.7,-0.0004,-0.0001,0.0002,352.9784,353.8432,358.7015
42.72,-0.0005,-0.0003,0.0003,352.9797,353.8436,358.7012
42.74,-0.0008,-0.0006,0.0006,352.981,353.8424,358.7004
42.76,-0.0005,0.0002,0.0005,352.9791,353.8449,358.7018
42.78,-0.001,-0.0002,0.0007,352.9791,353.8438,358.7016
42.8,-0.0015,-0.0008,0.0011,352.9833,353.8421,358.7005
42.82,-0.0015,-0.0005,0.0007,352.9824,353.8431,358.7003
42.84,-0.0012,-0.0007,0.0007,352.9835,353.845,358.6999
42.86,-0.0013,-0.0004,0.0009,352.9819,353.8448,358.7004
42.88,-0.0009,-0.0001,0.0009,352.9784,353.8454,358.701
42.9,-0.0007,-0.0005,0.0009,352.9817,353.8474,358.6994
42.92,-0.0012,-0.0004,0.001,352.9811,353.847,358.6997
42.94,-0.0022,0,0.0014,352.9792,353.8456,358.7004
42.96,-0.0014,-0.0004,0.0013,352.9813,353.848,358.7
42.98,-0.0014,-0.0002,0.0015,352.9802,353.8482,358.7001
43,-0.0015,-0.0001,0.0015,352.9795,353.8477,358.7008
43.02,-0.0011,0.0001,0.0013,352.9786,353.8515,358.7016
43.04,-0.0014,0,0.0016,352.9786,353.8484,358.7013
43.06,-0.0011,-0.0002,0.0016,352.9808,353.8474,358.7016
43.08,0.0008,-0.0003,0.0009,352.9802,353.8552,358.7017
43.1,-0.0004,-0.0001,0.0014,352.9803,353.852,358.7014
43.12,-0.0003,-0.0001,0.0013,352.9789,353.8528,358.702
43.14,0.0003,-0.0002,0.0013,352.9795,353.8539,358.7013
43.16,-0.0002,-0.0002,0.0016,352.9796,353.8513,358.7019
43.18,-0.0002,-0.0001,0.0015,352.979,353.8508,358.7026
43.2,-0.0001,0.0001,0.0013,352.9777,353.8522,358.7025
43.22,0,-0.0005,0.0014,352.9811,353.8526,358.7022
43.24,0,-0.0001,0.0013,352.9789,353.852,358.7021
43.26,0.0011,0,0.0007,352.9775,353.8547,358.7016
43.28,0.0011,-0.0003,0.0006,352.9797,353.8546,358.7024
43.3,0.0007,-0.0006,0.0009,352.9821,353.8537,358.7014
43.32,0.0008,-0.0003,0.001,352.9808,353.8557,358.7014
43.34,0.0005,-0.0002,0.0012,352.9801,353.8553,358.7023
43.36,0.0007,0.0006,0.001,352.9743,353.8578,358.7037
43.38,-0.0003,0.0001,0.0014,352.9787,353.8515,358.7035
43.4,0,0,0.0013,352.9783,353.8535,358.7031
43.42,0.0007,-0.0002,0.001,352.9799,353.8576,358.7014
43.44,-0.0008,0.0001,0.0018,352.9794,353.8504,358.703
43.46,0.0007,-0.0003,0.0011,352.9797,353.8561,358.7014
43.48,0.0006,0.0003,0.0011,352.9773,353.8566,358.7018
43.5,0.0009,0.0002,0.001,352.9782,353.8575,358.7016
43.52,0.0008,0.0001,0.001,352.9781,353.8562,358.7013
43.54,0.0005,-0.0003,0.001,352.9816,353.8537,358.7006
43.56,0.0005,-0.0003,0.0009,352.9814,353.8525,358.7007
43.58,0.0006,-0.0001,0.0009,352.9794,353.8516,358.7
43.6,0.0005,-0.0004,0.0009,352.9812,353.8506,358.6983
43.62,0.0004,-0.0003,0.0007,352.98,353.8497,358.7001
43.64,0.0007,-0.0007,0.0004,352.9818,353.8521,358.6988
43.66,0,-0.0003,0.0007,352.9801,353.8495,358.7003
43.68,-0.0006,-0.0003,0.0008,352.9807,353.845,358.7005
43.7,-0.0004,-0.0005,0.0005,352.9813,353.8455,358.7003
43.72,-0.0004,-0.0004,0.0004,352.981,353.8445,358.7004
43.74,-0.0004,-0.0002,0.0006,352.9799,353.8439,358.7009
43.76,-0.0003,-0.0005,0.0005,352.9813,353.8442,358.6996
43.78,-0.0001,-0.0002,0.0001,352.9802,353.8447,358.7015
43.8,-0.0005,-0.0004,0.0004,352.9806,353.8419,358.7016
43.82,-0.0003,-0.0002,0.0004,352.9797,353.8435,358.7023
43.84,-0.0004,-0.0001,0.0003,352.9791,353.8435,358.703
43.86,-0.0016,-0.0014,0.0009,352.9862,353.8369,358.7021
43.88,-0.0005,-0.0003,0.0004,352.98,353.8438,358.7018
43.9,-0.0003,0,0.0003,352.979,353.8449,358.702
43.92,-0.0001,-0.0001,0.0003,352.9793,353.8456,358.7016
43.94,-0.001,-0.0002,0.0008,352.9796,353.8434,358.7022
43.96,-0.0004,-0.0001,0.0005,352.9799,353.8445,358.7028
43.98,-0.0008,-0.0001,0.0006,352.9793,353.8448,358.7028
44,-0.0007,0.0003,0.0005,352.975,353.8487,358.7029
44.02,-0.0009,0,0.0006,352.9783,353.8474,358.7013
44.04,-0.002,0,0.0011,352.9793,353.8435,358.7021
44.06,-0.0011,0.0003,0.0007,352.9777,353.8447,358.7021
44.08,-0.0003,0,0.0005,352.979,353.8481,358.7012
44.1,-0.0014,0.0002,0.0011,352.9788,353.8452,358.7018
44.12,-0.0015,0,0.0011,352.9794,353.8461,358.7016
44.14,-0.0015,0,0.001,352.979,353.8469,358.7014
44.16,-0.0001,-0.0002,0.0006,352.9797,353.8525,358.7002
44.18,-0.0003,-0.0002,0.0014,352.9799,353.8506,358.6999
44.2,-0.0001,-0.0001,0.0013,352.9792,353.8539,358.6998
44.22,-0.0001,-0.0003,0.0013,352.9804,353.8546,358.7003
44.24,0.0001,-0.0002,0.0012,352.9795,353.8546,358.7006
44.26,0.0003,-0.0002,0.0012,352.9793,353.8547,358.7007
44.28,0.0003,-0.0002,0.0013,352.9798,353.8552,358.7015
44.3,0.0002,0,0.0011,352.9786,353.8543,358.7021
44.32,0.0006,-0.0001,0.0011,352.9793,353.8559,358.7019
44.34,0.0007,0,0.0013,352.979,353.8562,358.7022
44.36,0.0009,-0.0002,0.0014,352.9804,353.8575,358.7022
44.38,0.0006,-0.0005,0.0012,352.9815,353.855,358.702
44.4,0.0012,0.0001,0.0008,352.9779,353.8561,358.702
44.42,0.0008,-0.0002,0.0011,352.9795,353.8546,358.7023
44.44,0.0005,-0.0004,0.0012,352.9807,353.8549,358.7017
44.46,0.0008,-0.0001,0.001,352.9781,353.8584,358.7017
44.48,-0.0001,-0.0004,0.0014,352.9808,353.8513,358.7025
44.5,0.0001,-0.0003,0.0012,352.9801,353.8529,358.7032
44.52,0.0004,-0.0001,0.0011,352.9791,353.855,358.703
44.54,-0.0002,-0.0002,0.0013,352.9797,353.8524,358.7029
44.56,-0.0001,0,0.0012,352.9787,353.8536,358.7031
44.58,0.0001,0.0001,0.0013,352.9786,353.8564,358.7032
44.6,-0.0001,-0.0003,0.0016,352.981,353.8549,358.7028
44.62,-0.0001,-0.0001,0.0015,352.98,353.8553,358.7026
44.64,-0.0005,0,0.0014,352.9792,353.8523,358.7033
44.66,-0.0002,-0.0002,0.0014,352.9803,353.8522,358.7019
44.68,0.0001,-0.0005,0.0015,352.9812,353.8533,358.7002
44.7,0.0001,-0.0004,0.0014,352.981,353.8541,358.7007
44.72,0.0002,-0.0007,0.0013,352.9828,353.8557,358.6997
44.74,-0.0003,-0.0005,0.0015,352.9827,353.8528,358.7011
44.76,0.0001,0.0001,0.001,352.9781,353.8544,358.7007
44.78,0.0005,0,0.0009,352.9788,353.8546,358.7003
44.8,0,-0.0002,0.0011,352.9798,353.8517,358.7
44.82,-0.0002,-0.0004,0.001,352.9822,353.8497,358.6998
44.84,-0.0004,0,0.0008,352.9783,353.8485,358.7006
44.86,-0.0005,-0.0001,0.0009,352.9791,353.8478,358.7008
44.88,-0.0004,-0.0003,0.0009,352.9807,353.847,358.7012
44.9,-0.0004,-0.0004,0.0007,352.9803,353.8465,358.7007
44.92,-0.0007,-0.0002,0.0007,352.9791,353.845,358.7005
44.94,-0.0006,-0.0001,0.0006,352.9795,353.8447,358.7011
44.96,-0.0007,-0.0003,0.0006,352.98,353.8439,358.7006
44.98,-0.0003,-0.0007,0.0005,352.9813,353.8441,358.7005
45,-0.0003,-0.0002,0.0003,352.9788,353.8438,358.7008
45.02,-0.0005,-0.0002,0.0004,352.9791,353.8419,358.7013
45.04,-0.0002,-0.0002,0.0004,352.9798,353.8444,358.7021
45.06,-0.0001,-0.0001,0.0004,352.9788,353.8445,358.7027
45.08,0.0001,0,0.0005,352.978,353.8443,358.7021
45.1,0,0.0001,0.0004,352.9777,353.8437,358.7023
45.12,-0.0005,-0.0002,0.0004,352.9789,353.8422,358.7014
45.14,-0.0006,0,0.0003,352.9781,353.8443,358.7018
45.16,-0.0012,0.0002,0.0006,352.9771,353.8422,358.7029
45.18,-0.0002,0,0.0003,352.9782,353.8457,358.7023
45.2,-0.0002,0,0.0003,352.9776,353.8468,358.7012
45.22,-0.0004,-0.0001,0.0004,352.9779,353.8457,358.7006
45.24,-0.0008,-0.0001,0.0006,352.9786,353.8462,358.7018
45.26,-0.0008,0,0.0007,352.9784,353.8457,358.7012
45.28,-0.0012,-0.0007,0.0007,352.9812,353.8444,358.7005
45.3,-0.001,-0.0004,0.0005,352.9803,353.8461,358.7002
45.32,-0.0009,-0.0002,0.0005,352.9797,353.8461,358.7006
45.34,-0.0009,0.0001,0.0006,352.978,353.8469,358.7015
45.36,-0.001,-0.0001,0.0007,352.9785,353.8476,358.7005
45.38,-0.0019,-0.0005,0.0011,352.9814,353.8462,358.7005
45.4,-0.0021,-0.0001,0.0012,352.9801,353.8461,358.7009
45.42,-0.0011,-0.0004,0.0011,352.9806,353.8503,358.6994
45.44,-0.0007,-0.0004,0.0013,352.9817,353.8516,358.6992
45.46,-0.001,0.0001,0.0013,352.9796,353.851,358.701
45.48,-0.0003,0,0.001,352.9778,353.856,358.6997
45.5,-0.0007,-0.0002,0.0014,352.9795,353.8528,358.7013
45.52,-0.0001,0.0001,0.0012,352.9781,353.8547,358.7015
45.54,-0.0002,0.0005,0.0011,352.9756,353.8541,358.702
45.56,-0.0002,0.0002,0.001,352.9778,353.8538,358.7025
45.58,0.0008,0.0003,0.0008,352.9776,353.8582,358.7018
45.6,0,-0.0004,0.0014,352.9804,353.8541,358.7013
45.62,0.0001,-0.0002,0.0013,352.9795,353.8548,358.7018
45.64,-0.0001,-0.0004,0.0014,352.9805,353.8536,358.7014
45.66,0.0002,-0.0003,0.0013,352.9797,353.8563,358.7014
45.68,0.0007,-0.0003,0.0012,352.9799,353.8582,358.7022
45.7,0.0003,-0.0003,0.0013,352.9798,353.8543,358.702
45.72,0.0001,-0.0001,0.0012,352.9784,353.8517,358.7021
45.74,0.0007,-0.0003,0.0008,352.9798,353.856,358.7013
45.76,0.0002,-0.0004,0.001,352.9803,353.8535,358.7014
45.78,-0.0009,-0.0007,0.0019,352.9832,353.8491,358.7025
45.8,-0.0003,-0.0006,0.0017,352.9822,353.8524,358.7012
45.82,0,-0.0003,0.0015,352.9812,353.8542,358.7017
45.84,0,-0.0006,0.0016,352.9823,353.8535,358.7008
45.86,0.0001,-0.0004,0.0013,352.9804,353.8548,358.7015
45.88,0.0001,-0.0002,0.0011,352.9792,353.8551,358.7014
45.9,0.0005,-0.0002,0.001,352.9798,353.8562,358.701
45.92,0.0007,-0.0002,0.001,352.9795,353.8577,358.7002
45.94,0.0005,-0.0005,0.0012,352.9814,353.8562,358.6998
45.96,0.0004,-0.0003,0.0011,352.9807,353.8557,358.7012
45.98,-0.001,0,0.0014,352.9798,353.8526,358.7013
46,-0.0016,-0.0004,0.0019,352.9814,353.8474,358.7009
46.02,-0.0016,-0.0001,0.0018,352.9791,353.8449,358.7014
46.04,-0.001,-0.0001,0.0013,352.9789,353.8472,358.6996
46.06,-0.0002,-0.0001,0.0006,352.9797,353.8496,358.6998
46.08,-0.001,-0.0002,0.0011,352.9804,353.8456,358.7012
46.1,-0.0007,-0.0003,0.001,352.98,353.8456,358.6999
46.12,-0.0011,-0.0003,0.0011,352.9806,353.8428,358.6996
46.14,-0.0012,-0.0001,0.0009,352.9796,353.8423,358.7001
46.16,-0.0009,-0.0004,0.0008,352.9812,353.8446,358.6986
46.18,-0.0007,-0.0004,0.0005,352.9799,353.8425,358.6998
46.2,-0.0009,-0.0002,0.0006,352.9792,353.8418,358.7007
46.22,-0.0008,-0.0001,0.0005,352.9788,353.8453,358.7014
46.24,-0.0012,-0.0006,0.0008,352.9818,353.844,358.7005
46.26,-0.0008,-0.0005,0.0008,352.9807,353.8445,358.7004
46.28,-0.0002,-0.0005,0.0002,352.9811,353.8419,358.7007
46.3,-0.0006,-0.0007,0.0003,352.981,353.8403,358.6999
46.32,-0.0012,-0.0005,0.0004,352.9807,353.8398,358.701
46.34,-0.0015,0,0.0004,352.9797,353.8415,358.7016
46.36,-0.0013,-0.0006,0.0005,352.9809,353.843,358.7003
46.38,-0.0007,-0.0005,0.0004,352.9811,353.8432,358.7007
46.4,-0.0005,-0.0005,0.0003,352.9807,353.8446,358.7
46.42,-0.0007,-0.0003,0.0003,352.9799,353.8445,358.7009
46.44,-0.0013,-0.0003,0.0006,352.9807,353.8418,358.7001
46.46,-0.0011,0.0001,0.0004,352.9786,353.8433,358.7012
46.48,-0.0011,-0.0003,0.0007,352.9796,353.8442,358.7005
46.5,-0.0015,-0.0003,0.0008,352.9798,353.8423,358.7004
46.52,-0.0016,-0.0003,0.0008,352.98,353.8433,358.7
46.54,-0.0013,-0.0002,0.0006,352.9795,353.8462,358.6993
46.56,-0.0012,-0.0003,0.0007,352.9795,353.8464,358.699
46.58,-0.0012,0,0.0009,352.9792,353.8468,358.7004
46.6,-0.0013,-0.0001,0.001,352.9798,353.8466,358.6999
46.62,-0.0006,0.0002,0.0006,352.9776,353.8509,358.7006
46.64,-0.0009,-0.0003,0.001,352.9811,353.8491,358.6994
46.66,-0.0011,-0.0004,0.0013,352.9813,353.848,358.6989
46.68,-0.0018,-0.0006,0.0017,352.9818,353.8492,358.6993
46.7,-0.0022,-0.0001,0.0019,352.9812,353.8481,358.7007
46.72,-0.0017,-0.0001,0.0018,352.9799,353.8495,358.7005
46.74,-0.0004,-0.0001,0.0014,352.9791,353.8549,358.7005
46.76,-0.0007,-0.0002,0.0015,352.9794,353.851,358.6998
46.78,-0.001,-0.0002,0.0015,352.9799,353.8513,358.7009
46.8,-0.0014,-0.0005,0.0019,352.9818,353.8479,358.7015
46.82,-0.0011,0.0003,0.0018,352.9774,353.8511,358.7014
46.84,-0.0006,-0.0001,0.0016,352.9794,353.8526,358.7015
46.86,-0.0005,-0.0006,0.0015,352.9818,353.8529,358.7003
46.88,-0.0004,-0.0004,0.0014,352.9805,353.8521,358.7003
46.9,-0.0005,-0.0005,0.0015,352.9808,353.8512,358.7006
46.92,-0.0007,-0.0006,0.0015,352.9816,353.8495,358.7006
46.94,-0.0007,-0.0004,0.0015,352.981,353.8499,358.7014
46.96,-0.0005,-0.0004,0.0014,352.9808,353.851,358.7013
46.98,-0.0002,-0.0006,0.0014,352.9824,353.8508,358.7009
47,-0.0004,-0.0001,0.0014,352.9792,353.8506,358.7018
47.02,-0.0002,-0.0002,0.0014,352.9797,353.8535,358.7005
47.04,-0.0004,-0.0004,0.0016,352.9815,353.8531,358.7008
47.06,-0.0002,-0.0004,0.0015,352.9816,353.8544,358.7004
47.08,0,-0.0004,0.0013,352.9808,353.8529,358.7005
47.1,-0.0001,-0.0004,0.0013,352.981,353.853,358.7004
47.12,-0.0008,-0.0006,0.0017,352.9823,353.8508,358.7007
47.14,-0.0005,-0.0003,0.0016,352.9813,353.8521,358.7014
47.16,-0.0007,-0.0001,0.0017,352.9801,353.8501,358.7005
47.18,-0.0007,-0.0004,0.0015,352.9814,353.8505,358.6996
47.2,-0.0007,-0.0004,0.0013,352.9814,353.8509,358.7003
47.22,-0.0009,-0.0003,0.0013,352.9799,353.8472,358.7006
47.24,-0.0003,-0.0003,0.0011,352.9797,353.8496,358.6998
47.26,0.0001,-0.0004,0.0011,352.9812,353.8489,358.699
47.28,-0.0011,-0.0002,0.001,352.9803,353.8455,358.6989
47.3,-0.002,-0.0001,0.0011,352.9798,353.8433,358.6994
47.32,-0.0018,0,0.0012,352.9785,353.8421,358.7
47.34,-0.0017,-0.0001,0.0013,352.9801,353.8402,358.7004
47.36,-0.0014,-0.0006,0.001,352.9812,353.8413,358.6993
47.38,-0.0013,-0.0004,0.0006,352.9808,353.8413,358.6993
47.4,-0.0006,-0.0006,0.0007,352.982,353.8421,358.6994
47.42,-0.0015,-0.0001,0.0013,352.9771,353.8355,358.7009
47.44,-0.0009,0.0001,0.0006,352.9769,353.84,358.7005
47.46,-0.0011,-0.0004,0.0005,352.9803,353.8405,358.7003
47.48,-0.0017,-0.0003,0.0008,352.9808,353.8409,358.7026
47.5,-0.0011,-0.0003,0.0008,352.9807,353.8428,358.7014
47.52,-0.001,-0.0003,0.0009,352.9806,353.8419,358.7012
47.54,-0.0007,-0.0004,0.0006,352.9807,353.8423,358.7003
47.56,-0.001,0.0002,0,352.978,353.8438,358.7008
47.58,-0.0018,-0.0002,0.0008,352.9797,353.8414,358.7021
47.6,-0.0014,-0.0004,0.0007,352.9808,353.8429,358.7018
47.62,-0.0008,-0.0003,0.0005,352.9807,353.8452,358.7014
47.64,-0.0007,-0.0004,0.0005,352.9811,353.8459,358.7009
47.66,-0.0011,-0.0005,0.0007,352.9816,353.8434,358.7007
47.68,-0.0014,-0.0004,0.0008,352.9803,353.8431,358.6995
47.7,-0.0014,-0.0005,0.0008,352.9816,353.8449,358.6989
47.72,-0.0033,0,0.0014,352.9798,353.8395,358.6999
47.74,-0.003,0.0002,0.0012,352.9791,353.8401,358.7003
47.76,-0.0025,-0.0003,0.0015,352.9794,353.8422,358.6989
47.78,-0.0013,0,0.0009,352.9787,353.8456,358.7008
47.8,-0.0005,0.0001,0.0008,352.9782,353.8496,358.7
47.82,-0.0003,-0.0005,0.0008,352.9814,353.8507,358.699
47.84,-0.0009,-0.0001,0.001,352.98,353.8503,358.6999
47.86,-0.0013,-0.0002,0.0013,352.9804,353.8489,358.6992
47.88,-0.0013,-0.0004,0.0016,352.9817,353.849,358.6995
47.9,-0.0014,-0.0003,0.0016,352.9813,353.8497,358.7003
47.92,-0.0016,-0.0003,0.0015,352.981,353.8495,358.7001
47.94,-0.0015,-0.0005,0.0016,352.9824,353.8492,358.7002
47.96,-0.0007,-0.0004,0.0014,352.9817,353.8503,358.6996
47.98,-0.0009,0,0.0013,352.9801,353.8515,358.7005
48,-0.0015,-0.0004,0.0017,352.9808,353.8496,358.7006
48.02,-0.0004,-0.0004,0.001,352.9807,353.8521,358.7003
48.04,-0.0008,-0.0004,0.0013,352.9808,353.851,358.7012
48.06,-0.0006,-0.0004,0.0013,352.9807,353.8508,358.7009
48.08,-0.0005,-0.0006,0.0013,352.9818,353.8529,358.7004
48.1,-0.0014,-0.0002,0.0017,352.981,353.8503,358.7028
48.12,-0.0014,-0.0003,0.0018,352.9807,353.8499,358.7015
48.14,-0.0003,-0.0004,0.0014,352.9814,353.8546,358.7007
48.16,0.0006,-0.0004,0.001,352.9802,353.8578,358.6999
48.18,-0.0004,-0.0002,0.0014,352.9801,353.8537,358.701
48.2,-0.0001,-0.0004,0.0012,352.9812,353.8543,358.7012
48.22,-0.0003,-0.0001,0.0012,352.9802,353.8546,358.7015
48.24,-0.0006,-0.0003,0.0014,352.9807,353.8516,358.7011
48.26,-0.0005,-0.0003,0.0013,352.9803,353.8531,358.7015
48.28,-0.0005,-0.0004,0.0013,352.9812,353.8531,358.7008
48.3,0.0009,-0.0006,0.0008,352.9813,353.8555,358.6999
48.32,-0.0002,-0.0007,0.0013,352.9821,353.853,358.7008
48.34,-0.0005,-0.0001,0.0012,352.9802,353.8513,358.7014
48.36,-0.0007,-0.0004,0.0013,352.9812,353.8517,358.7001
48.38,-0.0009,-0.0003,0.0012,352.9809,353.8521,358.6991
48.4,-0.0006,-0.0001,0.001,352.9797,353.852,358.6991
48.42,-0.0014,-0.0001,0.0016,352.9797,353.8453,358.6991
48.44,-0.0014,-0.0004,0.0016,352.9823,353.8464,358.6991
48.46,-0.0013,-0.0002,0.0013,352.9807,353.8492,358.6992
48.48,-0.0015,0,0.0008,352.9783,353.8472,358.6996
48.5,-0.0011,0,0.0009,352.9792,353.8459,358.7001
48.52,-0.001,-0.0003,0.0011,352.9808,353.8445,358.7
48.54,-0.0011,-0.0001,0.0009,352.9792,353.8438,358.6994
48.56,-0.0011,-0.0002,0.0006,352.9794,353.844,358.6993
48.58,-0.0007,-0.0002,0.0005,352.9801,353.8442,358.6994
48.6,-0.001,-0.0001,0.0009,352.9794,353.8419,358.7011
48.62,-0.0013,0.0001,0.0008,352.9789,353.842,358.7019
48.64,-0.0013,0,0.0007,352.9791,353.843,358.7016
48.66,-0.0012,-0.0004,0.0006,352.9808,353.8437,358.7003
48.68,-0.0008,-0.0008,0.001,352.9832,353.8407,358.7007
48.7,-0.0007,-0.0005,0.0007,352.9814,353.8406,358.7002
48.72,-0.0002,-0.0006,0.0002,352.9817,353.8441,358.7
48.74,-0.0015,-0.0002,0.0005,352.9793,353.8411,358.701
48.76,-0.0014,-0.0005,0.0004,352.981,353.8423,358.7008
48.78,-0.0014,-0.0002,0.0007,352.9805,353.8409,358.7022
48.8,-0.0018,0.0003,0.0006,352.977,353.8403,358.7032
48.82,-0.0018,-0.0001,0.0005,352.9795,353.8415,358.701
48.84,-0.0021,-0.0002,0.0006,352.9793,353.8418,358.7009
48.86,-0.0031,-0.0004,0.0013,352.9807,353.8386,358.7012
48.88,-0.0022,-0.0001,0.0006,352.98,353.8414,358.7018
48.9,-0.0027,0,0.0007,352.9794,353.8389,358.7021
48.92,-0.0022,0,0.0006,352.9794,353.8411,358.7017
48.94,-0.0021,-0.0002,0.0007,352.9794,353.8418,358.701
48.96,-0.0016,-0.0004,0.0006,352.9812,353.8447,358.7002
48.98,-0.0022,-0.0001,0.0007,352.9795,353.8431,358.6995
49,-0.0033,-0.0001,0.001,352.9797,353.8388,358.7001
49.02,-0.003,-0.0001,0.0011,352.9794,353.8419,358.6995
49.04,-0.0023,-0.0002,0.001,352.9794,353.8446,358.6994
49.06,-0.0024,-0.0002,0.0013,352.9807,353.8436,358.6996
49.08,-0.0016,-0.0006,0.0015,352.9833,353.8484,358.6998
49.1,-0.0011,-0.0004,0.0013,352.9815,353.8505,358.6996
49.12,-0.0017,0,0.0017,352.9794,353.8493,358.6999
49.14,-0.0014,-0.0003,0.0016,352.9817,353.8514,358.6998
49.16,-0.0017,-0.0003,0.0016,352.9812,353.8509,358.7001
49.18,-0.0015,-0.0004,0.0016,352.9817,353.8512,358.7007
49.2,-0.0014,-0.0004,0.0017,352.9816,353.851,358.7007
49.22,-0.0009,-0.0005,0.0015,352.9812,353.8528,358.7003
49.24,-0.0011,-0.0004,0.0015,352.9818,353.8514,358.7011
49.26,-0.0026,0.0002,0.002,352.9778,353.8448,358.703
49.28,-0.0013,-0.0002,0.0016,352.9806,353.8493,358.7018
49.3,-0.0004,-0.0003,0.0011,352.9809,353.8534,358.702
49.32,-0.0004,-0.0005,0.0012,352.9809,353.8553,358.7008
49.34,-0.0007,-0.0003,0.0013,352.9803,353.854,358.7016
49.36,-0.0008,-0.0005,0.0013,352.9814,353.8532,358.7012
49.38,-0.0013,-0.0001,0.0014,352.98,353.8511,358.7026
49.4,-0.001,-0.0002,0.0014,352.9804,353.8512,358.7014
49.42,-0.0012,0,0.0016,352.9794,353.8504,358.7008
49.44,-0.0012,-0.0002,0.0018,352.9797,353.8511,358.7007
49.46,-0.0016,0,0.0018,352.9789,353.8505,358.7016
49.48,-0.0011,-0.0006,0.0017,352.9824,353.8508,358.7003
49.5,-0.0007,-0.0006,0.0016,352.9821,353.8525,358.7
49.52,-0.001,-0.0003,0.0017,352.9807,353.8513,358.7005
49.54,-0.001,-0.0004,0.0018,352.9809,353.8517,358.7001
49.56,-0.0012,-0.0001,0.0018,352.98,353.8506,358.7012
49.58,-0.001,0,0.0018,352.9796,353.8488,358.7014
49.6,-0.0004,-0.0002,0.0014,352.9804,353.8514,358.7004
49.62,-0.0008,-0.0001,0.0014,352.9798,353.8491,358.7003
49.64,-0.0009,-0.0005,0.0015,352.9817,353.8481,358.6994
49.66,-0.0011,0,0.0014,352.9787,353.8464,358.7005
49.68,-0.0007,-0.0001,0.001,352.979,353.8473,358.6999
49.7,-0.0011,-0.0005,0.0009,352.9821,353.8458,358.7
49.72,-0.0016,-0.0005,0.001,352.9818,353.8445,358.6998
49.74,-0.002,-0.0002,0.0012,352.9807,353.8421,358.7003
49.76,-0.0012,-0.0002,0.0009,352.9803,353.8434,358.6997
49.78,-0.0012,-0.0003,0.0007,352.9799,353.8436,358.6996
49.8,-0.0016,-0.0003,0.0007,352.9801,353.8418,358.7004
49.82,-0.0024,-0.0009,0.0012,352.9839,353.8376,358.7007
49.84,-0.0009,-0.0007,0.0006,352.9819,353.8424,358.6994
49.86,-0.0007,-0.0004,0.0007,352.9806,353.8431,358.7012
49.88,-0.0006,-0.0001,0.0003,352.9785,353.8448,358.7015
49.9,-0.0006,-0.0001,0.0003,352.9789,353.8447,358.7013
49.92,-0.0008,-0.0001,0.0005,352.9785,353.844,358.7012
49.94,-0.0008,-0.0002,0.0004,352.9794,353.8428,358.7013
49.96,-0.0012,-0.0002,0.0006,352.9798,353.8398,358.702
49.98,-0.002,-0.0003,0.0008,352.9801,353.84,358.7015
50,-0.0022,-0.0005,0.0009,352.9806,353.8404,358.7008
50.02,-0.0022,-0.0006,0.001,352.9819,353.8395,358.7014
50.04,-0.0021,-0.0001,0.001,352.9795,353.8396,358.7023
50.06,-0.0022,-0.0001,0.001,352.9792,353.8387,358.7017
50.08,-0.0015,-0.0003,0.0004,352.9798,353.8448,358.701
50.1,-0.0016,-0.0003,0.0006,352.9804,353.8448,358.7003
50.12,-0.0021,0.0001,0.0007,352.9789,353.8421,358.7014
50.14,-0.0018,-0.0001,0.0008,352.9796,353.8437,358.7007
50.16,-0.0018,-0.0001,0.0009,352.98,353.8446,358.7008
50.18,-0.0024,-0.0003,0.001,352.9807,353.8427,358.7007
50.2,-0.0021,-0.0005,0.0009,352.9814,353.8445,358.6996
50.22,-0.0013,0,0.0008,352.9781,353.8489,358.7
50.24,-0.0019,-0.0001,0.0012,352.9793,353.8444,358.7009
50.26,-0.0024,-0.0003,0.0013,352.9806,353.8412,358.7005
50.28,-0.0021,-0.0002,0.0011,352.9806,353.8463,358.7009
50.3,-0.0021,-0.0005,0.0014,352.9823,353.8484,358.7002
50.32,-0.0018,-0.0005,0.0017,352.9827,353.8487,358.6994
50.34,-0.0012,-0.0007,0.0017,352.983,353.85,358.699
50.36,-0.001,-0.0005,0.0015,352.9822,353.8502,358.6989
50.38,-0.0019,-0.0002,0.0018,352.9803,353.8521,358.7004
50.4,-0.0015,0,0.0017,352.9787,353.8552,358.7007
50.42,-0.0012,-0.0001,0.0017,352.9797,353.8552,358.7005
50.44,-0.0013,-0.0002,0.0018,352.9799,353.8523,358.7006
50.46,-0.0011,-0.0003,0.0016,352.9803,353.8523,358.7006
50.48,-0.0015,-0.0004,0.0017,352.9807,353.8523,358.7004
50.5,-0.0016,-0.0008,0.0019,352.9853,353.8475,358.7008
50.52,-0.0011,-0.0003,0.0017,352.9811,353.8503,358.7018
50.54,-0.0014,-0.0003,0.002,352.981,353.8481,358.7018
50.56,-0.0012,-0.0006,0.0017,352.9814,353.8507,358.7004
50.58,-0.0011,-0.0005,0.0017,352.9815,353.8523,358.7016
50.6,-0.0012,-0.0007,0.002,352.9832,353.8495,358.7018
50.62,-0.0001,-0.0001,0.0013,352.981,353.8525,358.7025
50.64,0.0002,-0.0007,0.001,352.9811,353.8547,358.7004
50.66,-0.0013,-0.0006,0.0017,352.9815,353.8509,358.7008
50.68,-0.0012,-0.0003,0.0019,352.9809,353.8512,358.7021
50.7,-0.0006,-0.0001,0.0017,352.9797,353.8532,358.7012
50.72,-0.0002,-0.0007,0.0015,352.9819,353.8547,358.7001
50.74,-0.0005,-0.0005,0.0016,352.9821,353.8526,358.7011
50.76,-0.001,-0.001,0.0019,352.9841,353.8501,358.7012
50.78,-0.0005,-0.0004,0.0016,352.9807,353.8517,358.7008
50.8,-0.0005,-0.0002,0.0016,352.9796,353.8508,358.7009
50.82,-0.0006,-0.0004,0.0016,352.9814,353.8504,358.7008
50.84,-0.0005,-0.0005,0.0015,352.9818,353.8524,358.6997
50.86,-0.0002,-0.0003,0.0014,352.9802,353.854,358.6989
50.88,-0.0012,-0.0004,0.0018,352.9809,353.8495,358.6982
50.9,-0.0015,-0.0004,0.0018,352.9819,353.8474,358.6997
50.92,-0.0014,-0.0006,0.0017,352.9824,353.8455,358.6992
50.94,-0.0011,-0.0001,0.0014,352.9787,353.8463,358.7001
50.96,-0.0009,-0.0002,0.0013,352.9792,353.8454,358.7
50.98,-0.0009,-0.0004,0.0012,352.9815,353.8464,358.6995
51,-0.0015,-0.0006,0.0014,352.9827,353.8441,358.699
51.02,-0.0014,-0.0003,0.0012,352.9802,353.8442,358.6998
51.04,-0.0018,0,0.0012,352.9791,353.8409,358.7005
51.06,-0.0015,-0.0001,0.0011,352.9793,353.8416,358.7001
51.08,-0.0013,-0.0002,0.0009,352.9795,353.8444,358.7001
51.1,-0.0013,-0.0003,0.0007,352.9805,353.8427,358.7005
51.12,-0.0011,-0.0003,0.0005,352.9798,353.8413,358.7004
51.14,-0.001,0,0.0005,352.9783,353.8419,358.7012
51.16,-0.0011,-0.0001,0.0006,352.9791,353.8415,358.7015
51.18,-0.0017,-0.0002,0.001,352.9802,353.8398,358.7026
51.2,-0.0007,-0.0005,0.0006,352.9808,353.8421,358.7013
51.22,-0.0002,-0.0007,0.0005,352.9814,353.8427,358.7
51.24,-0.0004,-0.0006,0.0005,352.9811,353.8426,358.7005
51.26,-0.0009,-0.0006,0.0007,352.9813,353.8417,358.7009
51.28,-0.0014,-0.0006,0.0006,352.9816,353.8426,358.7004
51.3,-0.001,-0.0003,0.0005,352.9796,353.8447,358.7006
51.32,-0.0012,-0.0004,0.0007,352.9803,353.843,358.7009
51.34,-0.0012,-0.0003,0.0007,352.9801,353.8425,358.7014
51.36,-0.0011,-0.0003,0.0006,352.9797,353.8427,358.7016
51.38,-0.0021,-0.0002,0.0009,352.9799,353.8412,358.7011
51.4,-0.0018,0,0.0008,352.9785,353.8429,358.7009
51.42,-0.0018,-0.0006,0.0008,352.9815,353.8428,358.6998
51.44,-0.0021,-0.0005,0.0009,352.9814,353.8416,358.7
51.46,-0.0019,-0.0003,0.0008,352.9798,353.8443,358.7004
51.48,-0.0019,-0.001,0.0011,352.9839,353.8426,358.6985
51.5,-0.002,-0.0007,0.0012,352.9825,353.8427,358.6995
51.52,-0.0024,-0.0002,0.0012,352.9806,353.8418,358.701
51.54,-0.0018,-0.0001,0.0009,352.9789,353.8449,358.6997
51.56,-0.0019,-0.0001,0.0009,352.9793,353.8444,358.6995
51.58,-0.002,-0.0005,0.0014,352.9818,353.8457,358.6996
51.6,-0.0015,-0.0006,0.0015,352.9819,353.848,358.6988
51.62,-0.0017,-0.0006,0.0018,352.9821,353.8473,358.6985
51.64,-0.0019,-0.0008,0.0018,352.9832,353.847,358.6982
51.66,-0.0016,-0.0006,0.0016,352.982,353.8491,358.6988
51.68,-0.0006,-0.0006,0.0014,352.9825,353.8517,358.6997
51.7,-0.0006,-0.0001,0.0014,352.9793,353.8528,358.7
51.72,-0.001,-0.0003,0.0015,352.9804,353.8516,358.7006
51.74,-0.0012,-0.0004,0.0016,352.9812,353.851,358.7018
51.76,-0.001,-0.0004,0.0015,352.9809,353.8517,358.7015
51.78,-0.0004,0.0001,0.0012,352.9782,353.8538,358.7014
51.8,-0.0006,0,0.0012,352.9789,353.8529,358.7018
51.82,-0.0009,-0.0003,0.0015,352.9807,353.8521,358.7015
51.84,-0.0008,-0.001,0.0016,352.9847,353.852,358.7009
51.86,-0.0009,-0.0006,0.0017,352.9818,353.8511,358.7013
51.88,-0.0007,-0.0003,0.0014,352.9805,353.8505,358.7021
51.9,-0.0005,-0.0001,0.0012,352.9789,353.8524,358.7021
51.92,-0.0009,0.0001,0.0014,352.9788,353.8509,358.7027
51.94,-0.0005,-0.0007,0.0014,352.9833,353.8524,358.701
51.96,-0.0007,-0.0005,0.0016,352.9821,353.8514,358.7016
51.98,-0.0004,-0.0003,0.0014,352.9808,353.8539,358.701
52,-0.0004,-0.0005,0.0015,352.9821,353.8537,358.7011
52.02,-0.0005,-0.0006,0.0016,352.9819,353.8533,358.7001
52.04,0.001,-0.0001,0.0009,352.9784,353.8607,358.6998
52.06,-0.0004,-0.0004,0.0016,352.9812,353.8533,358.7003
52.08,-0.0002,-0.0006,0.0014,352.982,353.8543,358.6993
52.1,-0.0006,-0.0004,0.0015,352.9814,353.8525,358.6993
52.12,-0.0021,-0.0001,0.0022,352.981,353.8466,358.7012
52.14,0,-0.0008,0.0011,352.9829,353.8539,358.6989
52.16,-0.0007,-0.0007,0.0014,352.9821,353.8506,358.6986
52.18,0.0001,-0.0002,0.0009,352.9795,353.8503,358.6997
52.2,-0.0006,-0.0003,0.0011,352.9806,353.8485,358.6998
52.22,-0.0009,-0.0006,0.0009,352.9818,353.8485,358.6989
52.24,-0.0021,-0.0005,0.0013,352.9811,353.8417,358.6999
52.26,-0.0019,-0.0001,0.0012,352.98,353.8424,358.7003
52.28,0.0006,-0.0004,-0.0001,352.9792,353.85,358.6988
52.3,-0.0016,-0.0001,0.0007,352.9789,353.8452,358.699
52.32,-0.0026,0.0002,0.0012,352.9785,353.8394,358.7018
52.34,-0.002,-0.0001,0.0011,352.9798,353.8402,358.7013
52.36,-0.0012,-0.0003,0.0008,352.9798,353.8421,358.7005
52.38,-0.0016,-0.0003,0.0011,352.98,353.839,358.7009
52.4,-0.0015,-0.0005,0.001,352.9822,353.8389,358.7007
52.42,-0.0013,-0.0005,0.0009,352.9812,353.8407,358.7014
52.44,-0.0005,0,0.0005,352.9782,353.8435,358.7022
52.46,-0.0005,-0.0006,0.0008,352.9814,353.8412,358.7007
52.48,-0.0005,-0.001,0.0006,352.984,353.8425,358.7001
52.5,-0.0009,-0.0007,0.0007,352.9818,353.8418,358.7003
52.52,-0.0007,0.0001,0.0002,352.9782,353.8429,358.7017
52.54,-0.0013,-0.0003,0.0007,352.9798,353.8407,358.7023
52.56,-0.0012,-0.0005,0.0008,352.9811,353.8414,358.7011
52.58,-0.0008,-0.0004,0.0004,352.9803,353.8435,358.7013
52.6,-0.0009,-0.0006,0.0005,352.9812,353.8434,358.7007
52.62,-0.0006,-0.0005,0.0004,352.9803,353.8453,358.6995
52.64,-0.0013,-0.0006,0.0008,352.9816,353.8436,358.7007
52.66,-0.0012,-0.0006,0.0008,352.9816,353.844,358.6996
52.68,-0.0018,-0.0002,0.0008,352.9807,353.8425,358.7006
52.7,-0.0016,-0.0003,0.0008,352.9803,353.8426,358.7004
52.72,-0.0017,-0.0004,0.0011,352.981,353.8431,358.7
52.74,-0.0017,-0.0002,0.001,352.9795,353.8448,358.7
52.76,-0.0013,-0.0005,0.0009,352.982,353.8469,358.6996
52.78,0.0008,-0.0001,0.0001,352.9796,353.8499,358.7002
52.8,-0.0003,-0.0005,0.0011,352.9801,353.8483,358.6993
52.82,-0.0008,-0.0004,0.001,352.9808,353.8492,358.6997
52.84,-0.001,-0.0004,0.0009,352.9815,353.8509,358.6993
52.86,-0.0012,-0.0005,0.0012,352.9824,353.8514,358.6989
52.88,0.0012,-0.0013,0.0009,352.9853,353.8585,358.6976
52.9,-0.0002,-0.0007,0.0013,352.9822,353.856,358.6991
52.92,-0.0006,-0.0002,0.0012,352.9798,353.8552,358.7006
52.94,-0.0004,-0.0003,0.0013,352.9803,353.8544,358.6997
52.96,0.0001,-0.0003,0.0014,352.9798,353.8545,358.7008
52.98,0,-0.0004,0.0015,352.9815,353.8532,358.7009
53,-0.0003,0,0.0012,352.979,353.8539,358.7013
53.02,-0.0004,0.0002,0.001,352.9775,353.855,358.7011
53.04,-0.0004,0.0003,0.0011,352.9771,353.8549,358.7018
53.06,0,-0.0002,0.0012,352.9793,353.8544,358.7007
53.08,-0.0003,-0.0002,0.0012,352.9795,353.8523,358.7022
53.1,-0.0006,-0.0003,0.0014,352.9797,353.8519,358.702
53.12,-0.0007,-0.0002,0.0016,352.9792,353.8519,358.7016
53.14,-0.0008,0,0.0017,352.9785,353.8509,358.7036
53.16,0,0,0.0013,352.9791,353.8535,358.7034
53.18,0.0004,0,0.001,352.9785,353.8587,358.7018
53.2,-0.0001,-0.0006,0.0014,352.9828,353.8557,358.7021
53.22,-0.0002,0.0002,0.0015,352.9783,353.8554,358.7033
53.24,0,0,0.0015,352.9791,353.8545,358.7029
53.26,-0.0003,-0.0002,0.0016,352.9801,353.8525,358.7019
53.28,-0.0005,-0.0002,0.0016,352.9802,353.8533,358.7023
53.3,-0.0005,-0.0003,0.0017,352.9818,353.852,358.7025
53.32,0.0004,-0.0007,0.0013,352.9819,353.8547,358.7001
53.34,0.0001,-0.0002,0.0014,352.9798,353.8541,358.6996
53.36,-0.0006,-0.0004,0.0017,352.9806,353.8528,358.6996
53.38,-0.0002,-0.0006,0.0012,352.9809,353.8514,358.6998
53.4,-0.0003,-0.0005,0.0014,352.9817,353.8488,358.6993
53.42,-0.0005,-0.0002,0.0014,352.9791,353.8477,358.6996
53.44,-0.0009,0,0.0016,352.9779,353.8464,358.7005
53.46,-0.0006,-0.0001,0.0013,352.9788,353.8482,358.7002
53.48,-0.0011,0,0.0012,352.9788,353.8435,358.7009
53.5,-0.0015,0.0002,0.001,352.9777,353.8425,358.7007
53.52,-0.0014,-0.0002,0.0008,352.979,353.842,358.7004
53.54,-0.001,-0.0004,0.0005,352.98,353.8423,358.6996
53.56,-0.0003,-0.0006,0.0004,352.9809,353.8434,358.6989
53.58,-0.0011,-0.0002,0.0005,352.9792,353.8427,358.6998
53.6,-0.0014,-0.0003,0.0005,352.9794,353.8412,358.7005
53.62,-0.0016,0.0001,0.0004,352.9789,353.8391,358.703
53.64,-0.0004,-0.0002,0,352.9787,353.8448,358.7003
53.66,0.0002,-0.0005,0.0002,352.9801,353.846,358.6998
53.68,-0.0012,-0.0001,0.0005,352.9782,353.8406,358.7021
53.7,-0.0014,0,0.0003,352.978,353.8395,358.7016
53.72,-0.0011,-0.0002,0.0001,352.9786,353.8416,358.7016
53.74,-0.0012,-0.0004,0.0006,352.9802,353.84,358.7014
53.76,-0.0009,-0.0005,0.0007,352.981,353.8418,358.7016
53.78,-0.0009,-0.0005,0.0005,352.9815,353.8411,358.7015
53.8,-0.001,-0.0001,0.0004,352.9785,353.8413,358.7012
53.82,-0.0013,-0.0004,0.0006,352.9801,353.8404,358.7011
53.84,-0.0021,0.0001,0.0012,352.9795,353.8396,358.7025
53.86,-0.0019,-0.0004,0.0011,352.9805,353.8398,358.7012
53.88,-0.0016,-0.0001,0.0009,352.9792,353.8434,358.7009
53.9,-0.0016,-0.0001,0.0008,352.9794,353.8432,358.7012
53.92,-0.0013,-0.0001,0.0008,352.9786,353.8453,358.6999
53.94,-0.0018,0,0.001,352.9778,353.8433,358.7008
53.96,-0.0019,0.0001,0.0011,352.978,353.8434,358.7012
53.98,-0.0021,-0.0003,0.0013,352.9802,353.8433,358.6998
54,-0.0016,-0.0001,0.001,352.979,353.8466,358.6999
54.02,-0.0022,0,0.0013,352.9788,353.844,358.7003
54.04,-0.0018,-0.0003,0.0012,352.9803,353.847,358.699
54.06,-0.0022,-0.0003,0.0014,352.9798,353.8467,358.6992
54.08,-0.0019,-0.0003,0.0016,352.9807,353.8471,358.6999
54.1,-0.0011,-0.0003,0.0015,352.9806,353.8503,358.6994
54.12,-0.0008,-0.0002,0.0014,352.9792,353.8517,358.6993
54.14,-0.0007,-0.0002,0.0012,352.9789,353.8525,358.6994
54.16,-0.0008,-0.0003,0.0013,352.9806,353.8523,358.6997
54.18,-0.001,-0.0002,0.0015,352.9787,353.8506,358.6997
54.2,-0.0008,-0.0005,0.0016,352.9804,353.8511,358.6993
54.22,-0.0006,0.0001,0.0012,352.9782,353.8521,358.7012
54.24,-0.0005,-0.0002,0.0012,352.9796,353.8519,358.7011
54.26,-0.0001,-0.0002,0.0011,352.9794,353.8537,358.7007
54.28,-0.0008,0,0.0015,352.9788,353.8507,358.7011
54.3,-0.0009,0.0001,0.0014,352.9785,353.8501,358.7023
54.32,-0.0006,-0.0004,0.0014,352.9811,353.851,358.7014
54.34,-0.0007,-0.0005,0.0014,352.9814,353.8512,358.7012
54.36,-0.0004,-0.0002,0.0013,352.9793,353.8535,358.7014
54.38,0.0004,-0.0003,0.0013,352.9802,353.8577,358.7016
54.4,0.001,-0.0008,0.0012,352.9825,353.8606,358.6998
54.42,0.0008,-0.0004,0.001,352.9798,353.8599,358.7003
54.44,-0.0004,-0.0004,0.0016,352.9807,353.8553,358.7011
54.46,-0.0008,-0.001,0.0018,352.9838,353.8523,358.7
54.48,-0.0014,-0.0006,0.002,352.9821,353.8493,358.7011
54.5,-0.0005,-0.0004,0.0017,352.981,353.8541,358.7005
54.52,0.0002,-0.0006,0.0015,352.9817,353.8568,358.7
54.54,-0.0005,-0.001,0.002,352.9839,353.8531,358.6989
54.56,-0.0007,-0.0005,0.0019,352.9821,353.8528,358.7003
54.58,-0.0009,-0.0004,0.0017,352.981,353.8526,358.6994
54.6,-0.0014,-0.0005,0.0018,352.9809,353.8506,358.6993
54.62,-0.0013,-0.0003,0.0017,352.9807,353.8506,358.6993
54.64,-0.0013,-0.0005,0.0016,352.9817,353.8482,358.6985
54.66,-0.001,-0.0005,0.0015,352.9809,353.8481,358.698
54.68,-0.0014,-0.0003,0.0014,352.9793,353.8477,358.7
54.7,-0.0014,-0.0001,0.0012,352.9784,353.8466,358.7008
54.72,-0.0014,-0.0002,0.0011,352.979,353.8445,358.7001
54.74,-0.0015,-0.0004,0.0012,352.9801,353.8438,358.6991
54.76,-0.0017,-0.0002,0.0011,352.9792,353.8432,358.7004
54.78,-0.0021,0,0.001,352.9784,353.8422,358.7003
54.8,-0.0018,-0.0001,0.0009,352.9792,353.8432,358.7
54.82,-0.0013,-0.0004,0.0006,352.9801,353.8434,358.7
54.84,-0.0012,-0.0001,0.0005,352.9786,353.8426,358.701
54.86,-0.0016,-0.0005,0.0008,352.9811,353.8386,358.7007
54.88,-0.0021,0.0005,0.0006,352.9768,353.8393,358.7036
54.9,-0.0011,0,0.0005,352.9781,353.8417,358.7017
54.92,-0.0013,-0.0002,0.0007,352.9797,353.8396,358.7021
54.94,-0.0012,-0.0003,0.0007,352.9792,353.8399,358.7015
54.96,-0.0016,-0.0003,0.0007,352.9792,353.8402,358.7013
54.98,-0.0016,-0.0003,0.0006,352.9793,353.8431,358.7012
55,-0.0012,0,0.0006,352.9778,353.8439,358.7019
55.02,-0.0005,-0.0003,0.0005,352.9785,353.845,358.7007
55.04,-0.0002,0.0001,0,352.9764,353.8474,358.7007
55.06,-0.0017,0,0.0004,352.9783,353.8422,358.7019
55.08,-0.0018,-0.0004,0.0009,352.9793,353.8426,358.7009
55.1,-0.0015,-0.0004,0.0008,352.9798,353.843,358.6997
55.12,-0.0013,-0.0005,0.0006,352.9804,353.8444,358.6996
55.14,-0.0015,-0.0004,0.0007,352.9803,353.8435,358.7006
55.16,-0.0025,-0.0002,0.0013,352.9808,353.841,358.7007
55.18,-0.0012,0.0002,0.0006,352.9764,353.8489,358.701
55.2,-0.0014,0,0.0007,352.9786,353.8467,358.7
55.22,-0.0017,0,0.0008,352.9789,353.8459,358.6998
55.24,-0.0015,0,0.001,352.9783,353.8483,358.6995
55.26,-0.0014,-0.0001,0.0011,352.979,353.8482,358.6993
55.28,-0.0015,-0.0003,0.0013,352.98,353.849,358.6981
55.3,-0.0016,-0.0004,0.0014,352.9811,353.85,358.6984
55.32,-0.0021,-0.0001,0.0017,352.9802,353.8497,358.7001
55.34,-0.0024,0,0.0019,352.9794,353.8493,358.7007
55.36,-0.0018,-0.0001,0.0017,352.9799,353.8499,358.7006
55.38,-0.0007,-0.0003,0.0014,352.9807,353.8553,358.6996
55.4,-0.0004,-0.0003,0.0013,352.98,353.8551,358.6995
55.42,-0.0013,-0.0004,0.0017,352.9814,353.8515,358.6993
55.44,-0.0009,0.0001,0.0014,352.9775,353.8543,358.7003
55.46,-0.0005,-0.0001,0.0013,352.9784,353.8559,358.7004
55.48,-0.0001,0,0.0011,352.9791,353.8582,358.7018
55.5,-0.0011,-0.0003,0.0017,352.9798,353.8538,358.7009
55.52,-0.001,-0.0003,0.0014,352.9803,353.8538,358.7012
55.54,-0.0006,-0.0002,0.0014,352.9795,353.8557,358.7011
55.56,-0.0005,-0.0003,0.0014,352.9798,353.8559,358.7014
55.58,-0.0007,-0.0003,0.0015,352.9807,353.8524,358.7023
55.6,0.0001,-0.0003,0.0011,352.9796,353.855,358.7019
55.62,0,-0.0001,0.0012,352.9788,353.8539,358.7015
55.64,-0.0003,-0.0002,0.0015,352.9799,353.852,358.7018
55.66,-0.001,-0.0003,0.0019,352.9803,353.8498,358.7026
55.68,-0.001,-0.0004,0.0018,352.9821,353.8516,358.702
55.7,-0.0005,-0.0005,0.0018,352.9828,353.8538,358.7016
55.72,-0.0005,-0.0006,0.0018,352.9824,353.8532,358.701
55.74,-0.0001,-0.0002,0.0014,352.98,353.8552,358.701
55.76,-0.0001,0,0.0012,352.9787,353.8559,358.7011
55.78,0.0003,0.0001,0.0015,352.9782,353.8572,358.7013
55.8,0.0002,-0.0001,0.0017,352.9792,353.8549,358.7009
55.82,-0.0007,-0.0004,0.0019,352.9809,353.8503,358.7009
55.84,-0.0014,-0.0001,0.0018,352.9792,353.8497,358.7012
55.86,-0.001,-0.0005,0.0017,352.9814,353.8529,358.6993
55.88,-0.0005,0,0.0014,352.9783,353.851,358.6999
55.9,-0.0002,-0.0002,0.0011,352.979,353.8502,358.6993
55.92,-0.0004,-0.0003,0.0011,352.9796,353.8494,358.6989
55.94,-0.0007,-0.0002,0.0012,352.9796,353.848,358.6992
55.96,-0.0005,-0.0003,0.001,352.9801,353.8487,358.6995
55.98,-0.0012,-0.0002,0.0012,352.98,353.8425,358.6999
56,-0.0019,-0.0002,0.0013,352.9795,353.8395,358.7002
56.02,-0.0019,-0.0002,0.0011,352.9803,353.8402,358.7009
56.04,-0.0021,-0.0003,0.0011,352.9806,353.8392,358.7016
56.06,-0.0017,0.0002,0.0009,352.9775,353.8407,358.7017
56.08,-0.0004,-0.0001,0.0006,352.9779,353.8438,358.7007
56.1,-0.0011,0,0.0007,352.9777,353.8418,358.7014
56.12,-0.0007,0.0003,0.0004,352.9768,353.8443,358.7026
56.14,-0.0008,0.0002,0.0004,352.9771,353.8441,358.7025
56.16,-0.001,-0.0002,0.0008,352.9799,353.8427,358.7014
56.18,-0.001,-0.0002,0.0007,352.9788,353.8423,358.7016
56.2,-0.0015,-0.0001,0.0007,352.9786,353.8401,358.7023
56.22,-0.0016,-0.0002,0.0007,352.9788,353.8399,358.7013
56.24,-0.0017,-0.0003,0.001,352.9796,353.8396,358.7013
56.26,-0.0018,-0.0001,0.001,352.979,353.8408,358.7024
56.28,-0.0015,-0.0002,0.0007,352.9796,353.8425,358.7024
56.3,-0.0011,-0.0005,0.0006,352.9805,353.8442,358.7005
56.32,-0.0014,-0.0004,0.0009,352.9804,353.8436,358.7011
56.34,-0.0013,-0.0004,0.0008,352.981,353.8449,358.7002
56.36,-0.0016,-0.0002,0.0007,352.9801,353.8445,358.7006
56.38,-0.0019,-0.0003,0.0008,352.9797,353.8438,358.6997
56.4,-0.0019,-0.0006,0.0009,352.9814,353.8436,358.6996
56.42,-0.002,-0.0002,0.001,352.9801,353.844,358.7003
56.44,-0.0019,-0.0004,0.001,352.9811,353.8444,358.7
56.46,-0.0012,-0.0007,0.0006,352.9828,353.8477,358.6986
56.48,-0.0019,-0.0002,0.0009,352.9801,353.8453,358.6994
56.5,-0.0017,-0.0003,0.001,352.9797,353.8483,358.6985
56.52,-0.0019,-0.0003,0.0013,352.9806,353.847,358.6989
56.54,-0.0017,-0.0006,0.0017,352.9817,353.848,358.698
56.56,-0.0013,-0.0005,0.0017,352.982,353.8509,358.6977
56.58,-0.0014,-0.0004,0.0015,352.981,353.8525,358.6986
56.6,-0.0013,-0.0004,0.0015,352.9815,353.8533,358.6989
56.62,-0.0014,-0.0004,0.0017,352.9811,353.8524,358.6997
56.64,-0.0013,-0.0003,0.0017,352.9805,353.8533,358.7003
56.66,-0.0017,-0.0002,0.0019,352.9808,353.8511,358.7008
56.68,-0.0012,-0.0005,0.0018,352.9819,353.8522,358.7006
56.7,-0.0006,-0.0005,0.0016,352.9816,353.853,358.7007
56.72,-0.0008,-0.0005,0.0017,352.9815,353.8517,358.7014
56.74,-0.0014,-0.0001,0.0017,352.9796,353.8504,358.703
56.76,-0.0012,-0.0003,0.0014,352.9799,353.8527,358.7022
56.78,-0.0016,-0.0003,0.0019,352.9806,353.8489,358.702
56.8,-0.0009,-0.0002,0.0016,352.9801,353.8511,358.7023
56.82,-0.0009,-0.0001,0.0016,352.9796,353.8501,358.7027
56.84,-0.0009,0.0002,0.0012,352.9784,353.8515,358.7033
56.86,-0.0006,0,0.0011,352.9785,353.854,358.7029
56.88,-0.0008,-0.0002,0.0018,352.9797,353.8499,358.7022
56.9,-0.0003,0,0.0015,352.9785,353.8527,358.7021
56.92,-0.0002,0.0002,0.0012,352.9771,353.8555,358.7019
56.94,-0.0006,-0.0001,0.0014,352.9796,353.854,358.7017
56.96,-0.0012,-0.0003,0.0018,352.9812,353.8511,358.7014
56.98,-0.0006,-0.0002,0.0015,352.9801,353.8517,358.7009
57,-0.0008,-0.0003,0.0015,352.9806,353.851,358.7003
57.02,-0.0007,0.0002,0.0015,352.9775,353.8522,358.7006
57.04,-0.0008,0,0.0016,352.9789,353.8518,358.701
57.06,-0.0012,-0.0002,0.002,352.9801,353.8494,358.7006
57.08,-0.0006,-0.0001,0.0015,352.9792,353.8506,358.7
57.1,-0.0006,-0.0002,0.0013,352.9804,353.851,358.7002
57.12,-0.0008,0,0.0012,352.9785,353.8499,358.6998
57.14,-0.001,-0.0001,0.0013,352.9792,353.8473,358.6996
57.16,-0.0013,-0.0002,0.0015,352.9799,353.8449,358.6999
57.18,-0.0014,-0.0003,0.0013,352.9802,353.8443,358.6995
57.2,-0.0015,-0.0002,0.0012,352.9798,353.8458,358.6998
57.22,-0.0017,-0.0003,0.0013,352.9813,353.8446,358.7009
57.24,-0.0015,-0.0003,0.0011,352.9805,353.844,358.7
57.26,-0.0014,-0.0001,0.0009,352.9791,353.8442,358.7002
57.28,-0.0016,-0.0003,0.0009,352.9796,353.8424,358.7009
57.3,-0.0017,-0.0001,0.001,352.9778,353.84,358.7017
57.32,-0.0013,-0.0002,0.0008,352.9788,353.8409,358.7005
57.34,-0.0009,-0.0001,0.0005,352.9786,353.8429,358.7015
57.36,-0.0009,-0.0005,0.0005,352.9802,353.8443,358.7006
57.38,-0.0016,0.0002,0.0007,352.9781,353.8417,358.7019
57.4,-0.0015,-0.0003,0.0008,352.9809,353.839,358.7014
57.42,-0.0003,-0.0002,0.0003,352.9794,353.8434,358.7011
57.44,-0.0011,-0.0001,0.0004,352.9793,353.8401,358.7014
57.46,-0.0016,-0.0003,0.0005,352.9798,353.8394,358.7014
57.48,-0.0017,-0.0004,0.0006,352.9814,353.8416,358.7012
57.5,-0.0017,-0.0001,0.0007,352.9792,353.8408,358.702
57.52,-0.0018,-0.0003,0.0009,352.9806,353.8388,358.7018
57.54,-0.0022,0.0002,0.0009,352.9775,353.8376,358.7026
57.56,-0.0024,-0.0005,0.001,352.9819,353.8369,358.702
57.58,-0.002,-0.0007,0.0011,352.9822,353.8412,358.7
57.6,-0.0018,-0.0002,0.0008,352.9798,353.8426,358.7017
57.62,-0.0018,-0.0002,0.0007,352.9798,353.8428,358.7011
57.64,-0.0024,0,0.0009,352.9783,353.8402,358.7015
57.66,-0.0021,-0.0001,0.0008,352.9795,353.8423,358.7009
57.68,-0.0019,-0.0004,0.001,352.9807,353.8441,358.6994
57.7,-0.0011,-0.0005,0.0007,352.9811,353.8466,358.6989
57.72,-0.0013,-0.0002,0.0009,352.9791,353.845,358.6989
57.74,-0.002,-0.0004,0.0012,352.9811,353.8425,358.7003
57.76,-0.0019,-0.0001,0.0009,352.9799,353.8467,358.7007
57.78,-0.0018,-0.0007,0.0012,352.9816,353.8511,358.6972
57.8,-0.0009,-0.0005,0.001,352.981,353.8525,358.7
57.82,0,-0.0007,0.0012,352.9821,353.8524,358.6988
57.84,-0.0008,-0.0004,0.0018,352.981,353.8496,358.6994
57.86,-0.0016,-0.0004,0.0018,352.9817,353.8485,358.6996
57.88,-0.0018,-0.0005,0.0014,352.9818,353.8505,358.7001
57.9,-0.0023,-0.0001,0.002,352.9788,353.8443,358.7015
57.92,-0.0014,-0.0005,0.0019,352.9824,353.8477,358.7001
57.94,-0.0013,-0.0002,0.0015,352.9802,353.8489,358.7008
57.96,-0.0015,-0.0003,0.0014,352.9807,353.8493,358.7012
57.98,-0.001,0,0.0015,352.9796,353.8506,358.7023
58,-0.0008,0,0.0016,352.9785,353.8507,358.7013
58.02,-0.0005,-0.0001,0.0015,352.9789,353.8522,358.7008
58.04,-0.0007,0,0.0014,352.9789,353.8518,358.7008
58.06,-0.0007,-0.0006,0.0014,352.9825,353.8524,358.7007
58.08,-0.0005,-0.0004,0.0013,352.9808,353.8516,358.7014
58.1,-0.0006,-0.0001,0.0014,352.979,353.8507,358.7015
58.12,-0.0003,-0.0004,0.0013,352.9807,353.8529,358.7007
58.14,-0.0004,-0.0007,0.0014,352.9825,353.8542,358.6999
58.16,-0.0012,-0.0006,0.002,352.9829,353.8509,358.7009
58.18,0.0001,-0.0006,0.0014,352.9819,353.8554,358.7005
58.2,-0.0004,-0.0004,0.0014,352.9811,353.8526,358.7015
58.22,-0.0005,-0.0003,0.0014,352.9807,353.8515,358.7016
58.24,-0.0003,-0.0004,0.0014,352.9812,353.8527,358.701
58.26,0,-0.0006,0.0014,352.9818,353.8544,358.6993
58.28,-0.0003,-0.0004,0.0016,352.981,353.8538,358.7
58.3,-0.0005,-0.0007,0.0017,352.9829,353.8528,358.6998
58.32,-0.0006,-0.0006,0.0018,352.9824,353.8522,358.7007
58.34,-0.0004,-0.0005,0.0017,352.982,353.8532,358.7004
58.36,-0.0007,-0.0002,0.0018,352.9805,353.8519,358.7007
58.38,-0.001,-0.0002,0.0016,352.9805,353.8492,358.7011
58.4,-0.0001,-0.0002,0.0011,352.9794,353.8517,358.6987
58.42,-0.0005,-0.0004,0.0013,352.9809,353.8486,358.6987
58.44,0.0001,-0.0002,0.0009,352.9801,353.8497,358.6985
58.46,-0.0005,-0.0001,0.0011,352.9806,353.8478,358.6995
58.48,-0.0022,-0.0004,0.0016,352.9801,353.845,358.7002
58.5,-0.0018,-0.0004,0.0013,352.9808,353.8464,358.6999
58.52,-0.0017,0,0.001,352.9791,353.8454,358.7001
58.54,-0.0021,-0.0002,0.0013,352.9806,353.8401,358.7009
58.56,-0.0017,-0.0005,0.0011,352.9816,353.8412,358.7002
58.58,-0.002,-0.0004,0.0008,352.9808,353.8402,358.701
58.6,-0.0019,-0.0001,0.0007,352.9795,353.8407,358.7011
58.62,-0.0014,-0.0003,0.0007,352.9804,353.8426,358.7005
58.64,-0.0015,0,0.0009,352.979,353.8412,358.7011
58.66,-0.0012,-0.0001,0.0009,352.9792,353.8429,358.7007
58.68,-0.0006,-0.0008,0.0003,352.9809,353.8439,358.6992
58.7,-0.0006,-0.0007,0.0002,352.9811,353.8441,358.6994
58.72,-0.0011,-0.0003,0.0006,352.9803,353.8426,358.7007
58.74,-0.0012,-0.0006,0.0009,352.9825,353.8412,358.7009
58.76,-0.0014,-0.0004,0.0009,352.9806,353.8401,358.7002
58.78,-0.0012,-0.0004,0.0007,352.9803,353.843,358.7006
58.8,-0.0013,-0.0002,0.0009,352.9795,353.8429,358.7006
58.82,-0.0013,-0.0002,0.0009,352.9796,353.8428,358.7003
58.84,-0.0013,0.0002,0.0008,352.9777,353.8427,358.7009
58.86,0.0002,0,-0.0002,352.9788,353.8477,358.7001
58.88,-0.0015,0,0.0008,352.979,353.8449,358.7008
58.9,-0.0016,0,0.001,352.9798,353.8448,358.7015
58.92,-0.0017,-0.0003,0.001,352.981,353.8445,358.7005
58.94,-0.0019,0,0.001,352.9794,353.8439,358.7013
58.96,-0.0015,-0.0001,0.0009,352.9804,353.8453,358.7009
58.98,-0.0019,0.0001,0.0011,352.9787,353.844,358.7015
59,-0.002,-0.0003,0.0014,352.9811,353.843,358.7002
59.02,-0.0018,-0.0003,0.0014,352.9807,353.8453,358.6995
59.04,-0.0018,0.0003,0.0013,352.9771,353.8466,358.7015
59.06,-0.001,-0.0001,0.0011,352.9799,353.8525,358.6999
59.08,-0.0014,-0.0001,0.0014,352.9803,353.8507,358.7003
59.1,-0.001,-0.0002,0.0013,352.9806,353.8535,358.7
59.12,-0.0013,-0.0001,0.0015,352.9802,353.8516,358.6997
59.14,-0.001,-0.0002,0.0015,352.9808,353.8527,358.6998
59.16,-0.0006,-0.0004,0.0015,352.9819,353.8533,358.6992
59.18,-0.0011,-0.0008,0.0019,352.9838,353.8499,358.6995
59.2,-0.001,-0.0006,0.0019,352.9827,353.8515,358.7002
59.22,-0.0005,-0.0006,0.0018,352.9822,353.8539,358.6999
59.24,-0.0002,-0.0005,0.0015,352.9813,353.8558,358.7
59.26,-0.0003,-0.0001,0.0014,352.9792,353.8555,358.7011
59.28,-0.0004,-0.0001,0.0016,352.9797,353.8552,358.702
59.3,-0.0001,-0.0003,0.0014,352.9803,353.8569,358.7007
59.32,-0.0001,0.0001,0.0013,352.9791,353.8548,358.7024
59.34,0.0001,-0.0001,0.001,352.9793,353.8542,358.7019
59.36,0.0003,-0.0004,0.0009,352.98,353.854,358.7018
59.38,-0.0002,-0.0004,0.0013,352.9809,353.8542,358.7011
59.4,-0.0005,-0.0005,0.0017,352.9818,353.8545,358.7009
59.42,-0.0007,-0.0003,0.0019,352.9807,353.8546,358.7011
59.44,-0.0006,-0.0003,0.0018,352.9812,353.8538,358.7019
59.46,-0.001,-0.0003,0.002,352.9808,353.8513,358.7025
59.48,-0.0002,-0.0005,0.0015,352.9819,353.8539,358.7008
59.5,-0.0009,-0.0001,0.0017,352.9807,353.8515,358.7022
59.52,-0.0007,0.0002,0.0016,352.9792,353.8519,358.7018
59.54,-0.0004,-0.0004,0.0016,352.9816,353.8522,358.7002
59.56,-0.0006,-0.0001,0.0017,352.9797,353.8514,358.7008
59.58,-0.0007,-0.0001,0.0014,352.9799,353.8539,358.6995
59.6,-0.0011,-0.0001,0.0015,352.9794,353.8508,358.7003
59.62,-0.0012,0,0.0014,352.9795,353.8488,358.7006
59.64,-0.0011,-0.0001,0.0014,352.9793,353.8469,358.6992
59.66,-0.0012,-0.0001,0.0014,352.9793,353.8458,358.6992
59.68,-0.0016,-0.0004,0.0014,352.981,353.8439,358.7002
59.7,-0.0009,-0.0006,0.0012,352.9814,353.8457,358.6984
59.72,-0.0008,-0.0005,0.0011,352.9814,353.846,358.6992
59.74,-0.0018,0.0002,0.0013,352.9771,353.8405,358.7017
59.76,-0.0019,0.0001,0.0012,352.9787,353.8412,358.7011
59.78,-0.0017,-0.0002,0.0008,352.9799,353.8417,358.7005
59.8,-0.002,0,0.001,352.9796,353.8398,358.7015
59.82,-0.0019,-0.0001,0.001,352.9792,353.8394,358.7006
59.84,-0.0012,-0.0001,0.0006,352.979,353.8439,358.7001
59.86,-0.0012,-0.0002,0.0006,352.9799,353.8429,358.7006
59.88,-0.0005,-0.0002,0.0003,352.9795,353.8427,358.701
59.9,-0.0011,-0.0001,0.0005,352.9795,353.8407,358.701
59.92,-0.001,0.0001,0.0004,352.9778,353.8432,358.7016
59.94,-0.0009,-0.0004,0.0005,352.9804,353.8427,358.7012
59.96,-0.001,0.0001,0.0005,352.9777,353.8434,358.7014
59.98,-0.0014,0,0.0005,352.9784,353.8401,358.7024
60,-0.0017,0.0001,0.0006,352.9776,353.8401,358.7022
60.02,-0.0018,-0.0002,0.0008,352.9798,353.8401,358.7017
60.04,-0.0014,-0.0001,0.0007,352.9789,353.8433,358.7013
60.06,-0.0005,-0.0005,0.0003,352.9814,353.8458,358.7005
60.08,-0.0011,-0.0005,0.0005,352.9813,353.8438,358.7003
60.1,-0.0012,-0.0001,0.0005,352.9792,353.8459,358.701
60.12,-0.0018,-0.0003,0.0008,352.9817,353.8434,358.7011
60.14,-0.0027,0.0003,0.0011,352.9783,353.8395,358.7025
60.16,-0.0016,0.0002,0.0005,352.9773,353.8448,358.7013
60.18,-0.0019,-0.0006,0.0011,352.9816,353.8426,358.6995
60.2,-0.0017,0,0.0009,352.9784,353.844,358.7011
60.22,-0.0015,0.0001,0.0007,352.9776,353.8442,358.7011
60.24,-0.0017,-0.0002,0.0007,352.9794,353.8438,358.7006
60.26,-0.0017,0.0001,0.0008,352.9773,353.8475,358.6997
60.28,-0.0028,-0.0003,0.0019,352.9805,353.8449,358.6985
60.3,-0.0018,-0.0005,0.0016,352.9815,353.8473,358.6995
60.32,-0.0011,0,0.0014,352.9794,353.849,358.6997
60.34,-0.0013,0.0001,0.0015,352.9789,353.8485,358.6998
60.36,-0.001,0,0.0013,352.9785,353.853,358.6992
60.38,-0.0009,-0.0003,0.0014,352.9807,353.8537,358.6993
60.4,-0.0003,-0.0007,0.0013,352.9819,353.8554,358.6983
60.42,-0.0004,-0.0004,0.0015,352.9814,353.8542,358.6994
60.44,-0.0007,-0.0004,0.0016,352.9811,353.8523,358.6998
60.46,-0.001,-0.0006,0.0018,352.9817,353.8514,358.6994
60.48,-0.0013,-0.0003,0.0019,352.9807,353.85,358.7016
60.5,-0.0002,0.0001,0.0013,352.9785,353.8553,358.701
60.52,-0.0003,-0.0004,0.0014,352.9817,353.8541,358.7014
60.54,-0.0008,-0.0002,0.0015,352.9794,353.8519,358.7016
60.56,-0.0009,-0.0004,0.0015,352.9813,353.8515,358.7009
60.58,0.0001,-0.0005,0.0012,352.9807,353.8555,358.7007
60.6,-0.0005,0,0.0015,352.9778,353.8539,358.7013
60.62,-0.0007,0,0.0016,352.979,353.8528,358.7017
60.64,-0.0002,-0.0002,0.0015,352.9802,353.8556,358.7019
60.66,-0.0006,0,0.0016,352.979,353.8533,358.7027
60.68,-0.0005,-0.0002,0.0015,352.9799,353.8528,358.7023
60.7,-0.0003,-0.0002,0.0013,352.98,353.8535,358.7022
60.72,-0.0008,-0.0001,0.0015,352.9792,353.8516,358.7013
60.74,-0.0011,-0.0002,0.0018,352.9798,353.8499,358.7013
60.76,-0.0013,-0.0007,0.002,352.9825,353.8485,358.701
60.78,-0.0011,-0.0001,0.0017,352.9797,353.8505,358.7011
60.8,-0.001,0.0001,0.0016,352.9786,353.8519,358.6999
60.82,-0.0014,0.0001,0.0016,352.9788,353.8503,358.7002
60.84,-0.0012,0,0.0014,352.9797,353.8502,358.701
60.86,-0.0008,0.0001,0.0013,352.9792,353.85,358.7009
60.88,-0.0002,-0.0002,0.0009,352.9797,353.8499,358.6989
60.9,-0.0013,-0.0002,0.0012,352.9801,353.8455,358.6995
60.92,-0.002,0.0003,0.0012,352.9784,353.8438,358.7012
60.94,-0.0016,-0.0003,0.001,352.9805,353.8448,358.6996
60.96,-0.0018,-0.0002,0.0012,352.9802,353.8426,358.6999
60.98,-0.0017,0.0002,0.0009,352.9773,353.8423,358.7021
61,-0.0024,0.0001,0.001,352.9783,353.8383,358.7015
61.02,-0.0013,-0.0001,0.0005,352.9798,353.8439,358.7005
61.04,-0.0022,-0.0002,0.001,352.9799,353.8394,358.701
61.06,-0.0027,-0.0004,0.0014,352.9813,353.8364,358.7007
61.08,-0.0019,-0.0003,0.001,352.9804,353.8394,358.7014
61.1,0.0006,0.0007,-0.0003,352.9744,353.8517,358.7025
61.12,-0.0022,-0.0004,0.0014,352.9818,353.8369,358.7014
61.14,-0.0017,-0.0002,0.0011,352.9816,353.8386,358.7027
61.16,-0.0012,0,0.0006,352.9796,353.8423,358.7016
61.18,-0.0015,-0.0001,0.0006,352.979,353.8409,358.7021
61.2,-0.0018,0,0.0008,352.9786,353.84,358.7018
61.22,-0.0022,-0.0001,0.0011,352.9787,353.8386,358.7022
61.24,-0.001,-0.0002,0.0006,352.9792,353.8443,358.7012
61.26,-0.0012,-0.0001,0.0007,352.9799,353.8435,358.7018
61.28,-0.0014,-0.0006,0.0008,352.9819,353.8409,358.7001
61.3,-0.0015,-0.0003,0.0008,352.9802,353.8424,358.7003
61.32,-0.0023,-0.0001,0.001,352.9796,353.8397,358.7011
61.34,-0.0019,-0.0001,0.0009,352.9799,353.8424,358.7011
61.36,-0.0016,0,0.0008,352.978,353.8447,358.7
61.38,-0.0022,-0.0001,0.0009,352.9806,353.8418,358.7008
61.4,-0.0028,0,0.0012,352.9791,353.8397,358.7008
61.42,-0.0022,0.0001,0.001,352.9789,353.8416,358.701
61.44,-0.0024,0.0001,0.0011,352.9787,353.8408,358.701
61.46,-0.0018,0.0002,0.0009,352.978,353.8437,358.7007
61.48,-0.003,0,0.0015,352.9795,353.8415,358.7011
61.5,-0.0026,0.0003,0.0015,352.9786,353.8437,358.7015
61.52,-0.0023,0,0.0017,352.9799,353.8446,358.701
61.54,-0.0013,-0.0003,0.0017,352.981,353.8473,358.6998
61.56,0.0004,0.0004,0.0009,352.9767,353.8557,358.6997
61.58,0,0.0001,0.001,352.9779,353.8556,358.7006
61.6,-0.0005,0.0002,0.0014,352.9785,353.8559,358.7005
61.62,-0.0016,-0.0003,0.0022,352.9802,353.8538,358.7011
61.64,-0.002,-0.0002,0.0021,352.9799,353.8506,358.7019
61.66,-0.0016,-0.0003,0.0018,352.9813,353.8501,358.7019
61.68,-0.0003,-0.0002,0.0014,352.9802,353.8537,358.701
61.7,-0.0002,-0.0005,0.0014,352.981,353.854,358.7006
61.72,-0.0012,0,0.0018,352.9794,353.8505,358.7031
61.74,-0.0011,-0.0003,0.0016,352.9809,353.8506,358.702
61.76,-0.0011,0,0.0014,352.9794,353.8505,358.7034
61.78,-0.001,-0.0001,0.0016,352.9795,353.8508,358.7028
61.8,-0.001,-0.0002,0.0016,352.98,353.851,358.7027
61.82,-0.0008,-0.0005,0.0015,352.9816,353.8528,358.7011
61.84,-0.0003,-0.0002,0.0013,352.9786,353.8571,358.7004
61.86,-0.0009,-0.0004,0.0018,352.9817,353.8521,358.7007
61.88,-0.0008,-0.0003,0.0018,352.981,353.8523,358.7019
61.9,-0.0007,0,0.0016,352.979,353.8531,358.7027
61.92,-0.0005,0.0002,0.0015,352.9779,353.8539,358.703
61.94,-0.0005,-0.0005,0.0017,352.9807,353.8539,358.7008
61.96,-0.0002,-0.0002,0.0015,352.9796,353.8548,358.701
61.98,-0.0001,-0.0002,0.0015,352.98,353.8571,358.6992
62,-0.0002,-0.0003,0.0016,352.981,353.8564,358.6998
62.02,-0.0006,0,0.0018,352.9795,353.8551,358.7001
62.04,-0.0006,0,0.0017,352.9796,353.8545,358.7002
62.06,-0.0006,-0.0004,0.0016,352.9814,353.8526,358.6982
62.08,-0.0008,-0.0003,0.0017,352.9807,353.8477,358.6995
62.1,-0.0005,-0.0002,0.0015,352.9796,353.8481,358.6995
62.12,-0.0003,-0.0001,0.0013,352.9791,353.8486,358.6995
62.14,-0.0002,-0.0004,0.0011,352.9803,353.8481,358.6974
62.16,-0.0005,-0.0005,0.0011,352.9814,353.8469,358.6982
62.18,-0.0006,0,0.0009,352.9789,353.8477,358.6997
62.2,-0.0005,0,0.0007,352.978,353.8472,358.7001
62.22,0,-0.0002,0.0002,352.9784,353.848,358.6999
62.24,-0.0006,-0.0005,0.0005,352.9807,353.8455,358.7003
62.26,-0.0011,-0.0004,0.0007,352.9797,353.8435,358.7007
62.28,-0.001,0.0001,0.0004,352.9781,353.842,358.7012
62.3,-0.0009,-0.0001,0.0002,352.9781,353.8412,358.7009
62.32,-0.0011,-0.0002,0.0002,352.9787,353.8404,358.7012
62.34,-0.0014,-0.0001,0.0004,352.9785,353.8415,358.7019
62.36,-0.0025,-0.0002,0.0011,352.9794,353.8377,358.7025
62.38,-0.0015,-0.0002,0.0006,352.9795,353.8394,358.7024
62.4,-0.0013,-0.0002,0.0005,352.9797,353.84,358.7022
62.42,-0.0014,-0.0003,0.0004,352.9799,353.8406,358.7025
62.44,-0.0018,0,0.0005,352.9794,353.84,358.7023
62.46,-0.002,0.0002,0.0006,352.978,353.8401,358.7024
62.48,-0.0018,0,0.0007,352.9791,353.8413,358.7015
62.5,-0.0022,-0.0002,0.0009,352.9796,353.84,358.7006
62.52,-0.002,-0.0005,0.0008,352.982,353.8409,358.7003
62.54,-0.0021,-0.0002,0.0008,352.9807,353.8402,358.7008
62.56,-0.0021,-0.0002,0.0009,352.9801,353.8399,358.7009
62.58,-0.0015,-0.0004,0.0007,352.9805,353.8441,358.7
62.6,-0.002,-0.0002,0.0009,352.9793,353.8431,358.7002
62.62,-0.0032,-0.0001,0.0015,352.9798,353.8412,358.7004
62.64,-0.0025,-0.0004,0.0014,352.9814,353.8428,358.6998
62.66,-0.0021,-0.0004,0.0011,352.9816,353.8438,358.6999
62.68,-0.0018,-0.0002,0.0015,352.9808,353.8446,358.6997
62.7,-0.002,-0.0001,0.0015,352.98,353.8461,358.7
62.72,-0.0017,0.0002,0.0013,352.978,353.852,358.7016
62.74,-0.0019,0.0003,0.0013,352.9782,353.8508,358.7014
62.76,-0.0025,0.0001,0.0018,352.9795,353.8475,358.7008
62.78,-0.0015,-0.0003,0.0017,352.9814,353.8507,358.6994
62.8,-0.0015,-0.0003,0.0015,352.981,353.8525,358.7002
62.82,-0.0013,-0.0002,0.0013,352.9808,353.8541,358.7009
62.84,-0.0013,-0.0005,0.0017,352.9822,353.8538,358.6996
62.86,-0.0012,-0.0005,0.0019,352.9819,353.8532,358.6998
62.88,-0.0011,0.0002,0.0014,352.9784,353.8539,358.7027
62.9,-0.0009,-0.0004,0.0015,352.982,353.8545,358.7012
62.92,-0.0011,-0.0003,0.0017,352.9814,353.8527,358.7012
62.94,-0.0008,-0.0004,0.0015,352.9814,353.8532,358.7007
62.96,-0.0008,-0.0006,0.0015,352.9819,353.8525,358.7003
62.98,-0.001,-0.0002,0.0014,352.9806,353.8523,358.7018
63,-0.0004,-0.0001,0.0011,352.9792,353.8547,358.7012
63.02,-0.0001,-0.0003,0.0009,352.9805,353.8557,358.7011
63.04,-0.0006,0.0002,0.001,352.9783,353.8537,358.7021
63.06,-0.0012,0,0.0015,352.9796,353.8515,358.7018
63.08,-0.0011,0,0.0016,352.9794,353.8523,358.7017
63.1,-0.0008,0,0.0013,352.9795,353.8539,358.7014
63.12,-0.0007,-0.0002,0.0013,352.9799,353.8556,358.7008
63.14,-0.0009,-0.0004,0.0015,352.9806,353.854,358.7007
63.16,-0.0006,-0.0003,0.0013,352.981,353.8552,358.7007
63.18,-0.0008,-0.0003,0.0014,352.981,353.8525,358.7008
63.2,-0.001,-0.0001,0.0014,352.9798,353.8507,358.7016
63.22,-0.0007,-0.0003,0.0014,352.9804,353.8527,358.7
63.24,-0.0008,0,0.0014,352.979,353.8512,358.7003
63.26,-0.0012,0,0.0015,352.9796,353.8483,358.7014
63.28,-0.0017,0.0002,0.0013,352.9794,353.8449,358.702
63.3,-0.0012,-0.0004,0.0012,352.9812,353.8469,358.6991
63.32,-0.0011,-0.0006,0.0012,352.9835,353.8465,358.6994
63.34,-0.0008,-0.0007,0.0011,352.9829,353.8468,358.6992
63.36,-0.0011,0,0.0009,352.9798,353.8459,358.7006
63.38,-0.0015,-0.0003,0.0008,352.98,353.8449,358.6993
63.4,-0.0016,0,0.0007,352.9797,353.8445,358.7003
63.42,-0.0014,-0.0003,0.0007,352.981,353.8442,358.7004
63.44,-0.0017,0,0.0008,352.979,353.8439,358.7014
63.46,-0.0026,-0.0004,0.0013,352.9811,353.8399,358.7008
63.48,-0.0018,-0.0003,0.0009,352.9812,353.8403,358.7019
63.5,-0.0016,0.0001,0.0009,352.9792,353.8402,358.7018
63.52,-0.0005,0.0001,0.0002,352.9784,353.8444,358.7015
63.54,-0.0008,-0.0001,0.0004,352.9789,353.8444,358.7009
63.56,-0.0022,-0.0002,0.0011,352.9801,353.8381,358.7027
63.58,-0.0009,0,0.0003,352.9777,353.8437,358.7018
63.6,-0.0011,-0.0002,0.0007,352.9797,353.8429,358.7013
63.62,-0.0016,-0.0001,0.0007,352.9796,353.8412,358.7032
63.64,-0.0016,-0.0002,0.0007,352.9806,353.8423,358.7025
63.66,-0.001,-0.0001,0.0004,352.9795,353.8457,358.7019
63.68,-0.001,-0.0001,0.0005,352.9788,353.8446,358.7017
63.7,-0.0013,0,0.0006,352.9782,353.8445,358.7025
63.72,-0.0017,-0.0004,0.0008,352.9811,353.8431,358.7019
63.74,-0.0014,-0.0004,0.0007,352.9802,353.8453,358.7013
63.76,-0.0014,0,0.0008,352.9789,353.8445,358.7017
63.78,-0.0011,0.0001,0.0005,352.9783,353.8452,358.7016
63.8,-0.0015,0,0.0008,352.9783,353.8434,358.7001
63.82,-0.0029,-0.0003,0.0014,352.9794,353.8409,358.7004
63.84,-0.0019,-0.0004,0.001,352.9797,353.8436,358.6994
63.86,-0.0019,-0.0005,0.001,352.9814,353.8439,358.6999
63.88,-0.0009,-0.0003,0.001,352.981,353.8487,358.6991
63.9,-0.0004,-0.0002,0.001,352.9803,353.8509,358.6999
63.92,-0.0011,-0.0003,0.0017,352.9806,353.8499,358.6996
63.94,-0.0013,-0.0003,0.0016,352.9807,353.8506,358.6999
63.96,-0.0025,-0.0002,0.002,352.9811,353.8493,358.7003
63.98,-0.0002,-0.0001,0.0015,352.9791,353.8535,358.6989
64,0.0011,-0.0003,0.0011,352.9799,353.8575,358.6991
64.02,0.0003,-0.0008,0.0015,352.983,353.8564,358.6983
64.04,-0.0001,-0.0004,0.0014,352.9814,353.8573,358.6992
64.06,-0.0003,-0.0003,0.0015,352.9815,353.8576,358.7006
64.08,0.0002,-0.0004,0.0017,352.9811,353.8565,358.7005
64.1,0.0004,-0.0002,0.0013,352.9799,353.8573,358.7015
64.12,0.0006,-0.0007,0.0012,352.9817,353.859,358.7007
64.14,0.0002,-0.0007,0.0015,352.9819,353.8573,358.7002
64.16,0.0001,-0.0004,0.0016,352.9807,353.856,358.7007
64.18,0.0007,-0.0006,0.0013,352.981,353.8564,358.7003
64.2,-0.0001,-0.0003,0.0014,352.9805,353.8542,358.7018
64.22,0.0003,-0.0003,0.0013,352.9806,353.8564,358.7022
64.24,0.0007,-0.0005,0.0013,352.9809,353.857,358.7014
64.26,0.0007,-0.0003,0.0015,352.98,353.8558,358.7026
64.28,0.0007,-0.0003,0.0014,352.9808,353.8566,358.7018
64.3,-0.0006,-0.0003,0.0019,352.9799,353.8532,358.7019
64.32,-0.0003,-0.0002,0.0017,352.9809,353.8538,358.7022
64.34,0,-0.0002,0.0017,352.98,353.8554,358.7014
64.36,-0.0004,-0.0003,0.0019,352.9813,353.8528,358.7014
64.38,0.0001,-0.0004,0.0016,352.9808,353.8556,358.7014
64.4,0.0004,-0.0005,0.0015,352.9817,353.8564,358.7011
64.42,-0.0001,-0.0003,0.0017,352.9807,353.8533,358.7011
64.43999,0.0002,-0.0002,0.0016,352.9797,353.8547,358.7007
64.46,0.0003,-0.0003,0.0016,352.9803,353.8562,358.7
64.48,-0.0007,-0.0003,0.0019,352.981,353.8528,358.7004
64.5,-0.0003,-0.0006,0.0018,352.9825,353.8531,358.6998
64.52,-0.0005,-0.0002,0.0018,352.9807,353.8513,358.701
64.54,0.0001,-0.0003,0.0013,352.9807,353.8533,358.6999
64.56,-0.0007,-0.0003,0.0015,352.9805,353.8507,358.6996
64.58,-0.0001,-0.0005,0.001,352.9807,353.8512,358.699
64.6,-0.0002,-0.0004,0.001,352.98,353.8484,358.6991
64.62,-0.0003,-0.0003,0.0009,352.9803,353.8449,358.6997
64.64,-0.0009,0,0.0009,352.9789,353.8453,358.7014
64.66,-0.0008,-0.0001,0.0008,352.9786,353.8475,358.7
64.68,-0.0003,-0.0003,0.0006,352.9803,353.8479,358.6997
64.7,-0.0004,-0.0004,0.0007,352.9809,353.8455,358.7003
64.72,-0.0004,-0.0003,0.0006,352.9798,353.8451,358.7001
64.74,-0.0004,-0.0003,0.0002,352.9792,353.8445,358.7008
64.76,-0.0011,0.0001,0.0004,352.9775,353.8425,358.7017
64.78,-0.0006,0.0001,0.0003,352.978,353.8434,358.7018
64.8,-0.001,0,0.0003,352.9785,353.8413,358.7021
64.82,-0.0009,-0.0001,0.0002,352.9792,353.8435,358.7022
64.84,-0.0014,0,0.0004,352.9788,353.8423,358.7023
64.86,-0.0012,0.0001,0.0006,352.978,353.8423,358.7015
64.88,-0.0006,-0.0003,0.0002,352.9793,353.8433,358.7007
64.9,-0.0013,-0.0005,0.0005,352.9805,353.841,358.7012
64.92,-0.0019,-0.0003,0.0007,352.98,353.8401,358.7017
64.93999,-0.0019,-0.0005,0.0009,352.981,353.8412,358.701
64.96,-0.0017,-0.0003,0.0009,352.981,353.8422,358.7016
64.98,-0.0011,0,0.0004,352.9781,353.8441,358.7018
65,-0.0012,0.0002,0.0003,352.9773,353.8459,358.7014
65.02,-0.0016,-0.0002,0.0007,352.9803,353.8444,358.7003
65.04,-0.002,0.0001,0.001,352.9792,353.8439,358.7013
65.06,-0.0016,-0.0005,0.0009,352.9811,353.8444,358.6996
65.08,-0.0009,-0.0005,0.0008,352.9814,353.8486,358.6991
65.1,-0.0018,-0.0002,0.001,352.9806,353.8446,358.7006
65.12,-0.0016,-0.0007,0.0011,352.9832,353.847,358.6997
65.14,-0.0015,-0.0008,0.0012,352.9839,353.8485,358.6989
65.16,-0.0023,-0.0005,0.0014,352.9823,353.8464,358.6989
65.18,-0.0021,-0.0001,0.0013,352.98,353.8481,358.7012
65.2,-0.0018,-0.0003,0.0014,352.9813,353.85,358.7005
65.22,-0.0019,-0.0002,0.0014,352.9798,353.8497,358.7001
65.24,-0.0018,0,0.0014,352.9794,353.8519,358.7019
65.26,-0.0018,-0.0001,0.0015,352.979,353.8532,358.7004
65.28,-0.0006,-0.0001,0.0011,352.9796,353.8575,358.701
65.3,-0.0008,0.0003,0.0011,352.9774,353.8572,358.7018
65.32,-0.0022,0,0.0018,352.9791,353.8511,358.7024
65.34,-0.0016,-0.0002,0.0015,352.9803,353.8528,358.7018
65.36,-0.0014,0,0.0014,352.9793,353.8535,358.7025
65.38,-0.0006,-0.0002,0.0014,352.9799,353.8543,358.7015
65.4,-0.0004,-0.0004,0.0013,352.9806,353.8551,358.7013
65.42,-0.0005,-0.0003,0.0012,352.9799,353.8563,358.7016
65.43999,-0.0016,-0.0004,0.0015,352.9808,353.8524,358.7029
65.46,-0.0014,0.0001,0.0013,352.9785,353.8533,358.703
65.48,-0.001,-0.0001,0.0012,352.9796,353.8529,358.7019
65.5,-0.0007,-0.0001,0.0012,352.9794,353.8552,358.7024
65.52,-0.0015,-0.0002,0.0016,352.9812,353.8528,358.7023
65.54,-0.0012,-0.0002,0.0015,352.9802,353.8539,358.7014
65.56,-0.0013,-0.0002,0.0015,352.9801,353.8531,358.7018
65.58,-0.0005,0.0001,0.0012,352.9781,353.8545,358.7016
65.6,-0.0008,0,0.0013,352.9785,353.8524,358.7015
65.62,-0.001,-0.0001,0.0015,352.9797,353.8517,358.701
65.64,-0.0009,0.0001,0.0014,352.9783,353.8525,358.7014
65.66,-0.0008,-0.0001,0.0014,352.9794,353.8523,358.7
65.68,-0.001,-0.0003,0.0015,352.9803,353.8497,358.6999
65.7,-0.0013,-0.0004,0.0015,352.9819,353.8489,358.6999
65.72,-0.0014,-0.0002,0.0012,352.9801,353.8504,358.7006
65.74,-0.0031,-0.0001,0.0019,352.9807,353.8429,358.7014
65.76,-0.0024,0,0.0015,352.9799,353.8426,358.7015
65.78,-0.001,-0.0001,0.0008,352.9796,353.8464,358.7001
65.8,-0.0016,-0.0002,0.001,352.9802,353.8432,358.7005
65.82,-0.0023,0,0.0011,352.9781,353.841,358.6999
65.84,-0.0023,-0.0001,0.001,352.9801,353.8418,358.7002
65.86,-0.0026,0,0.001,352.9797,353.8397,358.7007
65.88,-0.0021,0.0001,0.0007,352.9785,353.8402,358.7021
65.9,-0.0019,-0.0002,0.0007,352.9798,353.8404,358.7018
65.92,-0.0022,0,0.0007,352.9786,353.8391,358.7027
65.93999,-0.0009,0.0001,0.0002,352.9779,353.8423,358.7024
65.96,-0.0008,-0.0003,0.0003,352.9793,353.8431,358.7013
65.98,-0.0014,-0.0002,0.0005,352.9796,353.8411,358.7026
66,-0.0015,-0.0003,0.0006,352.9799,353.8399,358.7021
66.02,-0.0014,0,0.0005,352.9778,353.8397,358.7022
66.04,-0.001,-0.0001,0.0003,352.9788,353.8413,358.7017
66.06,-0.0012,0,0.0003,352.979,353.8384,358.7015
66.08,-0.0006,-0.0001,0.0002,352.9789,353.8421,358.701
66.1,-0.001,-0.0002,0.0003,352.9793,353.8415,358.7008
66.12,-0.0013,0,0.0005,352.9782,353.8412,358.7018
66.14,-0.0011,0,0.0004,352.9781,353.8409,358.7013
66.16,-0.0012,-0.0002,0.0004,352.9795,353.8409,358.7009
66.18,-0.0016,-0.0006,0.0004,352.9827,353.8402,358.701
66.2,-0.0018,-0.0004,0.0006,352.9811,353.8414,358.7015
66.22,-0.0015,-0.0004,0.0005,352.9807,353.8443,358.7007
66.24,-0.002,-0.0002,0.0007,352.9788,353.8424,358.7013
66.26,-0.0019,-0.0003,0.0006,352.9799,353.8427,358.701
66.28,-0.0025,-0.0004,0.0008,352.9809,353.8402,358.7001
66.3,-0.0023,-0.0005,0.0008,352.9823,353.8427,358.7003
66.32,-0.0019,-0.0003,0.0007,352.9806,353.845,358.7003
66.34,-0.0021,-0.0001,0.001,352.9792,353.8439,358.7
66.36,-0.0021,-0.0002,0.0012,352.9795,353.8437,358.6997
66.38,-0.0023,-0.0003,0.0012,352.9807,353.846,358.7008
66.4,-0.0021,-0.0003,0.0012,352.9809,353.847,358.7003
66.42,-0.0022,-0.0005,0.0015,352.9821,353.8455,358.6993
66.43999,-0.0005,-0.0005,0.0009,352.9817,353.8528,358.6989
66.46,-0.0023,-0.0002,0.0017,352.9811,353.847,358.7006
66.48,-0.0026,-0.0004,0.0016,352.9813,353.8488,358.7008
66.5,-0.0019,0,0.0014,352.9794,353.8502,358.7018
66.52,-0.0017,0.0001,0.0015,352.9791,353.8493,358.7016
66.54,-0.0004,-0.0003,0.001,352.9795,353.8536,358.7008
66.56,-0.0019,-0.0003,0.0015,352.9805,353.8506,358.7009
66.58,-0.0025,-0.0001,0.002,352.9808,353.8464,358.7033
66.6,-0.0017,-0.0002,0.0017,352.9806,353.8488,358.7026
66.62,-0.0019,-0.0002,0.0017,352.9804,353.847,358.7027
66.64,-0.0021,0.0002,0.0016,352.9773,353.8456,358.704
66.66,-0.0021,0.0002,0.0015,352.978,353.8456,358.7036
66.68,-0.001,-0.0003,0.0012,352.9822,353.8508,358.7019
66.7,-0.0012,0.0002,0.0013,352.979,353.8506,358.7037
66.72,-0.0016,-0.0001,0.0015,352.9801,353.849,358.703
66.74,-0.0014,-0.0003,0.0016,352.9817,353.8497,358.7023
66.76,-0.0012,-0.0003,0.0017,352.9812,353.8506,358.7021
66.78,-0.0005,0.0001,0.0011,352.9789,353.855,358.702
66.8,-0.001,-0.0001,0.0012,352.9804,353.8522,358.7029
66.82,-0.0016,0.0001,0.0015,352.9794,353.8509,358.7024
66.84,-0.0009,0.0002,0.0014,352.9789,353.8533,358.7021
66.86,-0.0013,0.0001,0.0017,352.9795,353.8506,358.7017
66.88,-0.0007,-0.0005,0.0013,352.9824,353.8538,358.6994
66.9,-0.0012,-0.0002,0.0015,352.981,353.8515,358.7007
66.92,-0.0014,0,0.0017,352.9793,353.8506,358.7006
66.93999,-0.002,-0.0003,0.002,352.9831,353.8394,358.7
66.96,-0.0015,-0.0002,0.0016,352.9817,353.8448,358.7008
66.98,-0.001,-0.0002,0.001,352.9809,353.8481,358.7014
67,-0.0014,-0.0003,0.0012,352.9804,353.8461,358.7001
67.02,-0.0013,0,0.0009,352.9793,353.8467,358.7001
67.04,-0.0022,0.0003,0.0011,352.9781,353.8409,358.7009
67.06,-0.0025,0.0001,0.001,352.9781,353.8393,358.7005
67.08,-0.0021,0.0001,0.0008,352.9778,353.8422,358.7003
67.1,-0.0024,-0.0002,0.001,352.9799,353.8409,358.7009
67.12,-0.0023,0.0001,0.0006,352.9779,353.8414,358.7015
67.14,-0.0027,0.0002,0.0007,352.9778,353.837,358.7018
67.16,-0.0027,0.0004,0.0008,352.9769,353.8357,358.7036
67.18,-0.0018,0.0004,0.0002,352.9771,353.8373,358.7025
67.2,-0.0024,0,0.0004,352.9798,353.8336,358.7018
67.22,-0.0033,-0.0001,0.0006,352.9792,353.8313,358.7023
67.24,-0.0035,-0.0005,0.0009,352.9809,353.8305,358.7007
67.26,-0.0031,-0.0006,0.0008,352.9817,353.8322,358.7008
67.28,-0.0028,0.0001,0.0005,352.9778,353.8353,358.7032
67.3,-0.0027,-0.0004,0.0006,352.981,353.835,358.7019
67.32,-0.0029,0.0001,0.0006,352.9792,353.8351,358.7034
67.34,-0.003,0.0002,0.0007,352.978,353.8343,358.7028
67.36,-0.003,0.0001,0.0007,352.979,353.8343,358.7029
67.38,-0.0026,0,0.0005,352.9788,353.8383,358.7014
67.4,-0.0037,0,0.001,352.9788,353.8353,358.7023
67.42,-0.0033,-0.0003,0.0009,352.9807,353.8367,358.7011
67.43999,-0.003,-0.0004,0.0008,352.9814,353.838,358.6998
67.46,-0.0031,-0.0003,0.0009,352.9807,353.8372,358.6998
67.48,-0.0034,0.0002,0.0009,352.9781,353.8379,358.7012
67.5,-0.003,0.0003,0.0007,352.9774,353.8412,358.7006
67.52,-0.0027,-0.0003,0.0009,352.9816,353.8411,358.6992
67.54,-0.0031,-0.0005,0.0012,352.9835,353.8372,358.7006
67.56,-0.0033,-0.0001,0.0012,352.9808,353.8382,358.7006
67.58,-0.0027,0,0.0015,352.9807,353.844,358.7
67.6,-0.0024,0.0001,0.0016,352.9801,353.8452,358.7003
67.62,-0.0025,0.0001,0.0017,352.9799,353.8439,358.7011
67.64,-0.0014,0.0004,0.001,352.9772,353.8522,358.7012
67.66,-0.0027,0.0002,0.0016,352.9781,353.8454,358.7012
67.68,-0.0027,-0.0009,0.0022,352.9855,353.8461,358.6994
67.7,-0.0021,-0.0004,0.0018,352.9828,353.8491,358.7007
67.72,-0.0023,-0.0003,0.0018,352.9821,353.848,358.7002
67.74,-0.0023,-0.0003,0.0019,352.981,353.8475,358.7014
67.76,-0.0016,-0.0002,0.0015,352.9807,353.8511,358.7018
67.78,-0.002,-0.0003,0.0016,352.9802,353.8484,358.7008
67.8,-0.002,0,0.0015,352.9792,353.8484,358.7025
67.82,-0.001,0,0.001,352.9788,353.8543,358.701
67.84,-0.002,0.0001,0.0015,352.979,353.8494,358.703
67.86,-0.002,-0.0003,0.0016,352.9812,353.8487,358.7019
67.88,-0.0028,-0.0003,0.0017,352.9819,353.8429,358.7024
67.9,-0.0025,-0.0004,0.0017,352.9822,353.8446,358.7024
67.92,-0.002,-0.0003,0.0016,352.9814,353.8473,358.7023
67.93999,-0.0024,-0.0004,0.0017,352.9824,353.8452,358.7011
67.96,-0.0027,-0.0002,0.0019,352.981,353.8448,358.7023
67.98,-0.002,0,0.0018,352.98,353.8489,358.7025
68,-0.0022,-0.0002,0.002,352.9808,353.8471,358.7023
68.02,-0.0019,-0.0003,0.0019,352.9809,353.8484,358.7018
68.04,-0.0015,0,0.0016,352.9798,353.8497,358.7016
68.06,-0.0013,-0.0002,0.0014,352.9805,353.851,358.7011
68.08,-0.0017,0,0.0015,352.9793,353.8492,358.7015
68.1,-0.0011,-0.0001,0.0012,352.9798,353.8514,358.7009
68.12,-0.0012,-0.0002,0.0012,352.9807,353.851,358.7001
68.14,-0.0016,-0.0005,0.0013,352.9814,353.8491,358.7001
68.16,-0.0021,0,0.0014,352.9798,353.8472,358.7008
68.18,-0.0021,0.0001,0.0011,352.9797,353.8469,358.6997
68.2,-0.002,-0.0002,0.001,352.9812,353.8468,358.6995
68.22,-0.002,-0.0001,0.001,352.98,353.8448,358.6995
68.24,-0.0022,-0.0001,0.001,352.9789,353.8421,358.6998
68.26,-0.0028,0,0.0013,352.9793,353.8386,358.7014
68.28,-0.0032,-0.0003,0.0011,352.9807,353.837,358.7009
68.3,-0.0024,-0.0002,0.0007,352.9807,353.8394,358.7003
68.32,-0.002,0,0.0006,352.9783,353.8421,358.6998
68.34,-0.0025,-0.0003,0.0009,352.9803,353.8392,358.6995
68.36,-0.0025,-0.0003,0.0007,352.9801,353.8394,358.7
68.38,-0.0022,0,0.0005,352.9785,353.8395,358.7019
68.4,-0.0016,0,0.0004,352.9794,353.8396,358.7019
68.42,-0.0016,-0.0004,0.0005,352.9807,353.8386,358.7015
68.43999,-0.0018,-0.0003,0.0002,352.9798,353.8391,358.7013
68.46,-0.0026,0.0001,0.0005,352.9784,353.8387,358.7022
68.48,-0.0022,0,0.0008,352.9787,353.8392,358.7019
68.5,-0.0021,0,0.0008,352.9789,353.8378,358.7025
68.52,-0.0023,-0.0002,0.0006,352.9797,353.836,358.7021
68.54,-0.0027,0,0.0006,352.9789,353.836,358.7026
68.56,-0.0028,-0.0002,0.0008,352.9798,353.8374,358.7015
68.58,-0.0028,-0.0003,0.001,352.9803,353.8369,358.7017
68.6,-0.0025,0,0.0006,352.9787,353.8379,358.7019
68.62,-0.0023,0.0001,0.0004,352.9771,353.8402,358.7018
68.64,-0.0026,-0.0002,0.0007,352.9796,353.8399,358.7014
68.66,-0.0029,-0.0002,0.0009,352.9796,353.8401,358.701
68.68,-0.0028,-0.0001,0.0007,352.9794,353.8396,358.701
68.7,-0.0019,-0.0008,0.0004,352.9824,353.8436,358.6984
68.72,-0.0031,0,0.0008,352.9792,353.8407,358.7
68.74,-0.0035,-0.0003,0.001,352.9805,353.8402,358.7005
68.76,-0.0033,-0.0003,0.0009,352.9806,353.8416,358.7009
68.78,-0.0032,-0.0003,0.0011,352.9808,353.8398,358.7001
68.8,-0.0029,-0.0002,0.0011,352.9801,353.842,358.7004
68.82,-0.003,-0.0003,0.0012,352.9811,353.8422,358.6999
68.84,-0.0029,-0.0003,0.0012,352.9815,353.8438,358.7007
68.86,-0.0029,-0.0009,0.0016,352.9845,353.8434,358.6987
68.88,-0.0022,0.0001,0.0014,352.9793,353.847,358.7011
68.9,-0.0024,-0.0002,0.0015,352.9815,353.8466,358.6994
68.92,-0.0027,-0.0004,0.0016,352.9824,353.8463,358.7
68.93999,-0.0025,-0.0004,0.0016,352.9823,353.8478,358.6996
68.96,-0.0018,-0.0001,0.0016,352.9803,353.8511,358.6992
68.98,-0.002,-0.0004,0.0019,352.9822,353.8496,358.6988
69,-0.0017,-0.0006,0.0016,352.9825,353.8498,358.6995
69.02,-0.0018,-0.0003,0.0014,352.9807,353.8497,358.7008
69.04,-0.0021,-0.0001,0.0014,352.9803,353.8495,358.7035
69.06,-0.0016,-0.0001,0.0011,352.9786,353.852,358.7018
69.08,-0.0011,-0.0003,0.0012,352.9807,353.8497,358.7008
69.1,-0.0011,-0.0002,0.0012,352.9797,353.8498,358.7013
69.12,-0.0013,-0.0003,0.0013,352.9796,353.8502,358.7015
69.14,-0.0018,-0.0001,0.0016,352.9799,353.848,358.7028
69.16,-0.0019,-0.0003,0.0018,352.9804,353.848,358.7019
69.18,-0.0014,-0.0003,0.0013,352.9806,353.8477,358.7025
69.2,-0.001,-0.0001,0.001,352.9796,353.8488,358.7021
69.22,-0.0011,-0.0002,0.0014,352.9801,353.8497,358.7022
69.24,-0.0008,-0.0007,0.0016,352.9837,353.854,358.7007
69.26,-0.0014,-0.0004,0.0019,352.9806,353.8506,358.7029
69.28,-0.0007,-0.0003,0.0013,352.9807,353.8515,358.7016
69.3,0.0006,-0.0002,0.0008,352.9795,353.8571,358.7007
69.32,0.0001,-0.0004,0.0014,352.9811,353.8561,358.7015
69.34,0.0005,-0.0007,0.0014,352.9821,353.8569,358.7007
69.36,-0.0001,-0.0006,0.0016,352.9814,353.8541,358.6994
69.38,-0.0007,-0.0002,0.0016,352.9808,353.8526,358.7008
69.4,-0.0024,-0.0003,0.0023,352.9814,353.8456,358.7017
69.42,-0.0016,0,0.0017,352.9798,353.8491,358.7018
69.43999,-0.0018,-0.0001,0.0015,352.9797,353.8486,358.7006
69.46,-0.0022,-0.0001,0.0016,352.9802,353.8457,358.7008
69.48,-0.0003,-0.0002,0.0007,352.9805,353.8495,358.6984
69.5,-0.0004,-0.0006,0.0007,352.9818,353.8479,358.6988
69.52,-0.0016,-0.0006,0.0009,352.9822,353.8452,358.6995
69.54,-0.0023,-0.0004,0.0009,352.9809,353.8438,358.6993
69.56,-0.0045,0.0001,0.002,352.9796,353.8364,358.7008
69.58,-0.0024,-0.0003,0.0008,352.9801,353.8383,358.6988
69.6,-0.0026,-0.0001,0.0006,352.9795,353.8374,358.7008
69.62,-0.0027,0,0.0005,352.9786,353.8372,358.7009
69.64,-0.0025,-0.0001,0.0003,352.9793,353.8375,358.7002
69.66,-0.0023,0.0002,0.0003,352.9774,353.8386,358.7012
69.68,-0.0026,0,0.0004,352.9788,353.8375,358.7009
69.7,-0.003,-0.0001,0.0006,352.9796,353.8334,358.7016
69.72,-0.0028,-0.0002,0.0005,352.9807,353.834,358.7017
69.74,-0.0022,-0.0002,0.0004,352.9804,353.8366,358.7012
69.76,-0.0019,-0.0002,0.0002,352.9796,353.8385,358.702
69.78,-0.0022,-0.0001,0.0002,352.9787,353.8383,358.702
69.8,-0.0026,-0.0001,0.0005,352.9792,353.8359,358.7025
69.82,-0.0024,-0.0006,0.0006,352.9821,353.8372,358.701
69.84,-0.0026,-0.0002,0.0004,352.9794,353.8377,358.7023
69.86,-0.004,0.0006,0.001,352.9766,353.836,358.7036
69.88,-0.0025,-0.0002,0.0006,352.9794,353.8391,358.7012
69.9,-0.0027,-0.0004,0.0006,352.9811,353.8386,358.7002
69.92,-0.0027,-0.0003,0.0004,352.9795,353.8396,358.6995
69.93999,-0.003,-0.0004,0.0007,352.9808,353.8376,358.7004
69.96,-0.0029,-0.0005,0.0008,352.9816,353.8381,358.6999
69.98,-0.0027,-0.0004,0.0007,352.9814,353.8423,358.7
70,-0.0031,-0.0001,0.0008,352.9789,353.8416,358.7012
70.02,-0.0029,-0.0002,0.0008,352.9799,353.8422,358.7004
70.04,-0.0028,0,0.001,352.9791,353.8417,358.7004
70.06,-0.0029,0.0001,0.0012,352.9792,353.8405,358.701
70.08,-0.0034,-0.0002,0.0013,352.9805,353.8425,358.7013
70.1,-0.0026,-0.0003,0.001,352.9816,353.8474,358.7004
70.12,-0.0031,-0.0002,0.0014,352.9801,353.8439,358.6999
70.14,-0.0029,-0.0002,0.0015,352.9804,353.8438,358.6998
70.16,-0.0023,-0.0002,0.0012,352.9801,353.8464,358.6999
70.18,-0.0025,-0.0006,0.0014,352.9825,353.8481,358.7
70.2,-0.0017,-0.0004,0.0012,352.9817,353.8515,358.6998
70.22,-0.0019,-0.0003,0.0013,352.9814,353.8497,358.7003
70.24,-0.0021,-0.0003,0.0014,352.9808,353.8479,358.7008
70.26,-0.0027,-0.0004,0.0016,352.9821,353.8455,358.7013
70.28,-0.0017,-0.0005,0.0013,352.9817,353.85,358.7001
70.3,-0.0014,-0.0005,0.0011,352.9822,353.8511,358.7006
70.32,-0.0016,-0.0001,0.0011,352.9798,353.8509,358.7024
70.34,-0.0025,-0.0003,0.0015,352.9807,353.8473,358.7017
70.36,-0.0014,-0.001,0.0009,352.9847,353.8515,358.7016
70.38,-0.0027,-0.0006,0.0015,352.9821,353.8441,358.7023
70.4,-0.0024,0.0001,0.0013,352.9789,353.8455,358.7035
70.42,-0.002,-0.0003,0.0012,352.981,353.8466,358.7028
70.43999,-0.0017,-0.0002,0.0011,352.9803,353.8481,358.7029
70.46,-0.0019,-0.0001,0.0013,352.98,353.849,358.7018
70.48,-0.0023,-0.0002,0.0016,352.981,353.8494,358.7018
70.5,-0.0024,-0.0005,0.0015,352.9817,353.8484,358.701
70.52,-0.0023,-0.0002,0.0014,352.9805,353.8484,358.7022
70.54,-0.0018,-0.0004,0.0013,352.9816,353.8497,358.7017
70.56,-0.0022,0.0001,0.0014,352.9799,353.849,358.7025
70.58,-0.0025,-0.0003,0.0016,352.9812,353.847,358.7016
70.6,-0.0022,-0.0005,0.0017,352.9824,353.8473,358.7005
70.62,-0.002,-0.0005,0.0017,352.9822,353.8477,358.701
70.64,-0.0021,-0.0003,0.0016,352.9814,353.8469,358.7014
70.66,-0.002,-0.0003,0.0014,352.9809,353.8481,358.701
70.68,-0.0031,0,0.0016,352.9802,353.8417,358.701
70.7,-0.0038,0.0002,0.0021,352.9782,353.8344,358.7026
70.72,-0.0024,-0.0005,0.0014,352.9821,353.8419,358.6995
70.74,-0.0027,-0.0002,0.0014,352.9807,353.8399,358.7003
70.76,-0.003,-0.0001,0.0014,352.9798,353.8379,358.7007
70.78,-0.0023,-0.0003,0.001,352.9804,353.8396,358.6998
70.8,-0.0005,-0.0002,0.0002,352.9797,353.8413,358.7
70.82,-0.0022,0,0.0007,352.9792,353.8404,358.6999
70.84,-0.003,0,0.0009,352.9785,353.8384,358.7014
70.86,-0.0034,0.0004,0.001,352.9768,353.8353,358.7029
70.88,-0.0028,-0.0005,0.0009,352.9818,353.834,358.7016
70.9,-0.0009,-0.0001,0,352.9802,353.8378,358.7012
70.92,-0.0016,0,0.0001,352.9788,353.837,358.702
70.93999,-0.0016,-0.0004,0.0001,352.9796,353.8364,358.7021
70.96,-0.0021,-0.0002,0.0002,352.9793,353.8346,358.7022
70.98,-0.002,-0.0006,0.0006,352.982,353.8351,358.7012
71,-0.0023,0.0001,0.0005,352.9788,353.8348,358.7031
71.02,-0.0021,-0.0003,0.0004,352.9806,353.8358,358.7022
71.04,-0.0024,-0.0001,0.0006,352.9802,353.8348,358.7036
71.06,-0.0014,-0.0003,0.0002,352.9801,353.8398,358.7025
71.08,-0.0017,0.0001,0.0003,352.9775,353.8401,358.703
71.1,-0.0019,0,0.0004,352.9789,353.839,358.7032
71.12,-0.0016,-0.0001,0.0005,352.9798,353.8402,358.7033
71.14,-0.0019,0,0.0006,352.9785,353.839,358.7018
71.16,-0.0013,0,0.0003,352.9782,353.843,358.7014
71.18,-0.0016,-0.0003,0.0002,352.9799,353.8434,358.7008
71.2,-0.0043,-0.0009,0.0017,352.9839,353.8331,358.7017
71.22,-0.0025,-0.0002,0.0008,352.9814,353.8393,358.7019
71.24,-0.0032,-0.0001,0.0012,352.981,353.8366,358.7018
71.26,-0.0026,-0.0007,0.0009,352.9824,353.8398,358.6993
71.28,-0.0026,-0.0001,0.0006,352.9796,353.8418,358.6999
71.3,-0.0025,-0.0004,0.0007,352.9816,353.8427,358.6988
71.32,-0.003,-0.0003,0.001,352.9811,353.8395,358.7004
71.34,-0.0026,-0.0004,0.001,352.9814,353.8415,358.6999
71.36,-0.0021,-0.0003,0.0007,352.9806,353.8455,358.6993
71.38,-0.0021,-0.0003,0.0013,352.9816,353.8498,358.6997
71.4,-0.0021,0.0001,0.0015,352.9796,353.8507,358.6987
71.42,-0.0028,0.0001,0.0018,352.9801,353.8474,358.7002
71.43999,-0.0025,0.0001,0.0015,352.9793,353.8486,358.701
71.46,-0.0023,0.0001,0.0014,352.9789,353.8499,358.701
71.48,-0.0023,-0.0002,0.0019,352.9804,353.8481,358.7007
71.5,-0.0016,0.0001,0.0016,352.9787,353.8504,358.7006
71.52,-0.0014,0,0.0014,352.9791,353.8517,358.701
71.54,-0.0023,-0.0003,0.0019,352.9813,353.8477,358.7022
71.56,-0.0016,-0.0002,0.0016,352.9803,353.8516,358.7017
71.58,-0.0015,-0.0006,0.0015,352.9825,353.8512,358.7009
71.6,-0.0014,-0.0003,0.0013,352.9809,353.8518,358.7013
71.62,-0.0017,-0.0001,0.0014,352.9798,353.8506,358.7027
71.64,-0.0016,-0.0003,0.0014,352.981,353.8511,358.702
71.66,-0.0015,-0.0002,0.0014,352.9802,353.8514,358.7025
71.68,-0.0012,-0.0004,0.0014,352.9817,353.8517,358.7018
71.7,-0.0015,-0.0005,0.0016,352.9827,353.8506,358.702
71.72,-0.0014,-0.0005,0.0015,352.9829,353.8515,358.7022
71.74,-0.0009,-0.0006,0.0013,352.9839,353.8532,358.7019
71.76,-0.0014,-0.0004,0.0017,352.9817,353.8507,358.7016
71.78,-0.0009,-0.0003,0.0015,352.9811,353.8524,358.7021
71.8,-0.001,-0.0004,0.0014,352.9821,353.8521,358.7019
71.82,-0.0012,-0.0005,0.0016,352.9825,353.8506,358.7017
71.84,-0.0014,-0.0005,0.0017,352.9823,353.85,358.7014
71.86,-0.0017,0.0001,0.0018,352.9799,353.8505,358.7018
71.88,-0.0021,-0.0004,0.002,352.981,353.8483,358.6999
71.9,-0.0022,-0.0005,0.002,352.9821,353.8467,358.7005
71.92,-0.0019,-0.0002,0.0018,352.9805,353.8481,358.7003
71.93999,-0.0015,0,0.0013,352.979,353.8493,358.7006
71.96,-0.001,-0.0001,0.0011,352.9794,353.8502,358.7002
71.98,-0.0008,-0.0004,0.0011,352.9818,353.8477,358.6995
72,-0.0008,-0.0001,0.001,352.9799,353.847,358.7001
72.02,-0.0011,-0.0003,0.0011,352.9814,353.8447,358.6999
72.04,-0.0015,-0.0004,0.0012,352.9816,353.8419,358.7003
72.06,-0.0024,-0.0004,0.0012,352.9822,353.8388,358.7008
72.08,-0.0034,-0.0002,0.0013,352.9813,353.8371,358.7008
72.1,-0.0032,0.0003,0.0011,352.9791,353.8377,358.701
72.12,-0.0034,-0.0003,0.0011,352.9801,353.8357,358.7005
72.14,-0.0027,0.0001,0.0007,352.9785,353.8376,358.7014
72.16,-0.0032,-0.0002,0.0011,352.9813,353.8333,358.7018
72.18,-0.0028,-0.0006,0.0012,352.9823,353.8366,358.7004
72.2,-0.0031,-0.0006,0.0012,352.9825,353.8336,358.7005
72.22,-0.0022,-0.0005,0.0007,352.982,353.8377,358.7005
72.24,-0.0024,-0.0001,0.0008,352.9795,353.8378,358.7012
72.26,-0.0025,-0.0002,0.0009,352.9804,353.8381,358.7011
72.28,-0.0028,0.0001,0.0007,352.9786,353.8361,358.7023
72.3,-0.0021,-0.0002,0.0005,352.9797,353.8396,358.7014
72.32,-0.0023,-0.0005,0.0008,352.9817,353.8382,358.7016
72.34,-0.0025,-0.0007,0.0008,352.9821,353.8378,358.7003
72.36,-0.0027,-0.0005,0.0008,352.9815,353.8376,358.7007
72.38,-0.0031,-0.0004,0.0009,352.9804,353.8358,358.7016
72.4,-0.0032,-0.0002,0.0009,352.9799,353.8353,358.7021
72.42,-0.0032,-0.0003,0.0009,352.9805,353.8363,358.7015
72.43999,-0.0035,-0.0001,0.001,352.9794,353.8351,358.702
72.46,-0.0034,-0.0003,0.001,352.9809,353.8356,358.7017
72.48,-0.0031,-0.0002,0.001,352.9803,353.8364,358.7014
72.5,-0.0035,-0.0002,0.0013,352.9808,353.8344,358.7009
72.52,-0.0035,-0.0003,0.0013,352.9811,353.8345,358.701
72.54,-0.0038,-0.0002,0.0014,352.9802,353.8353,358.7003
72.56,-0.0033,-0.0001,0.0012,352.9799,353.8376,358.7009
72.58,-0.0028,-0.0005,0.0011,352.9817,353.8398,358.6988
72.6,-0.0034,-0.0002,0.0014,352.9801,353.8377,358.7004
72.62,-0.0033,0.0001,0.0014,352.9794,353.8391,358.7005
72.64,-0.003,-0.0001,0.0014,352.9808,353.8414,358.701
72.66,-0.002,0.0002,0.0012,352.9785,353.8491,358.7013
72.68,-0.0021,-0.0002,0.0017,352.981,353.8492,358.7002
72.7,-0.0022,-0.0002,0.0016,352.9802,353.849,358.6989
72.72,-0.0022,0,0.0016,352.9795,353.8482,358.7005
72.74,-0.0021,0.0001,0.0017,352.9787,353.8508,358.7019
72.76,-0.0022,0,0.0019,352.98,353.8488,358.7023
72.78,-0.002,-0.0003,0.0017,352.9814,353.8493,358.7013
72.8,-0.002,-0.0005,0.0017,352.9822,353.8486,358.7012
72.82,-0.0014,-0.0005,0.0015,352.9821,353.8509,358.701
72.84,-0.0019,-0.0003,0.0018,352.9818,353.8486,358.7021
72.86,-0.0018,-0.0001,0.0016,352.9803,353.8493,358.7024
72.88,-0.0024,-0.0001,0.0016,352.98,353.8466,358.7035
72.9,-0.0021,-0.0002,0.0016,352.9805,353.8481,358.7029
72.92,-0.0022,-0.0001,0.0017,352.98,353.8481,358.703
72.93999,-0.0008,0.0003,0.0008,352.9771,353.8546,358.704
72.96,-0.0018,-0.0007,0.0014,352.9828,353.8477,358.7023
72.98,-0.0018,-0.0003,0.0015,352.9797,353.8514,358.7015
73,-0.002,-0.0003,0.0017,352.9807,353.8512,358.7012
73.02,-0.0017,-0.0006,0.0017,352.9822,353.8523,358.7013
73.04,-0.0019,-0.0006,0.0019,352.9832,353.85,358.7016
73.06,-0.0014,-0.0007,0.0018,352.9828,353.8514,358.701
73.08,-0.0013,-0.0002,0.0017,352.9809,353.8509,358.7026
73.1,-0.0012,0,0.0015,352.9796,353.8507,358.7029
73.12,-0.0018,0.0001,0.0018,352.9784,353.8465,358.703
73.14,-0.0014,-0.0002,0.0018,352.9804,353.8476,358.7021
73.16,-0.0011,-0.0001,0.0016,352.9801,353.8491,358.7018
73.18,-0.0017,-0.0005,0.0018,352.9817,353.8477,358.7005
73.2,-0.0017,-0.0008,0.0017,352.9841,353.8484,358.6999
73.22,-0.002,-0.0002,0.0016,352.9809,353.8467,358.7005
73.24,-0.0025,-0.0008,0.0018,352.9847,353.8415,358.6994
73.26,-0.0019,-0.0008,0.0014,352.9841,353.8437,358.6985
73.28,-0.0018,0,0.0009,352.9793,353.8442,358.6998
73.3,-0.0022,-0.0003,0.0008,352.9809,353.8416,358.6999
73.32,-0.0026,-0.0002,0.0008,352.9802,353.8389,358.7005
73.34,-0.0029,-0.0007,0.001,352.983,353.8356,358.7004
73.36,-0.0027,-0.0004,0.0008,352.981,353.836,358.7003
73.38,-0.0019,-0.0002,0.0004,352.9799,353.836,358.7012
73.4,-0.0017,-0.0004,0.0003,352.9808,353.8347,358.7004
73.42,-0.0023,-0.0004,0.0005,352.9818,353.8304,358.7022
73.43999,-0.002,0,0.0001,352.9777,353.8359,358.7014
73.46,-0.002,0.0002,0.0001,352.9773,353.836,358.7032
73.48,-0.0016,-0.0002,0.0005,352.9796,353.8374,358.7021
73.5,-0.0018,-0.0002,0.0006,352.9798,353.8354,358.7025
73.52,-0.0019,0,0.0005,352.9779,353.8343,358.7024
73.54,-0.0017,0.0001,0.0002,352.9779,353.8358,358.7031
73.56,-0.0019,-0.0004,0.0004,352.9795,353.8358,358.7024
73.58,-0.0016,-0.0003,0.0001,352.9798,353.8404,358.7012
73.6,-0.0021,-0.0001,0.0002,352.9791,353.8372,358.703
73.62,-0.0027,-0.0003,0.0005,352.9808,353.8347,358.7021
73.64,-0.0027,-0.0003,0.0007,352.9807,353.8348,358.7025
73.66,-0.0025,-0.0002,0.0005,352.9795,353.8368,358.7021
73.68,-0.0027,0,0.0003,352.9772,353.8394,358.7013
73.7,-0.0032,-0.0003,0.0007,352.9797,353.8365,358.7012
73.72,-0.0032,-0.0006,0.0008,352.9826,353.8355,358.701
73.74,-0.0034,-0.0003,0.0008,352.9811,353.8349,358.7015
73.76,-0.0034,-0.0003,0.0007,352.9806,353.8365,358.7017
73.78,-0.0035,-0.0002,0.0011,352.9803,353.8371,358.7005
73.8,-0.0033,0.0003,0.0011,352.9788,353.8379,358.7008
73.82,-0.0037,0.0002,0.0014,352.9796,353.8377,358.7018
73.84,-0.0038,0,0.0014,352.9798,353.8389,358.7016
73.86,-0.0038,0,0.0013,352.9806,353.8403,358.7019
73.88,-0.0024,-0.0003,0.0016,352.9815,353.8447,358.6992
73.9,-0.0026,0.0001,0.0018,352.9797,353.8431,358.701
73.92,-0.0026,0,0.0018,352.9802,353.8428,358.7016
73.93999,-0.0027,-0.0003,0.0018,352.9813,353.8442,358.701
73.96,-0.0024,-0.0005,0.0017,352.9823,353.8478,358.7007
73.98,-0.002,-0.0002,0.0016,352.9804,353.849,358.7017
74,-0.0019,-0.0004,0.0016,352.981,353.8485,358.7018
74.02,-0.0023,0,0.0016,352.9793,353.847,358.7036
74.04,-0.0024,-0.0002,0.0015,352.9799,353.8477,358.7025
74.06,-0.0023,-0.0004,0.0016,352.9816,353.8486,358.7017
74.08,-0.0022,-0.0004,0.0017,352.9818,353.8482,358.7024
74.1,-0.0017,-0.0001,0.0014,352.98,353.85,358.7026
74.12,-0.0014,-0.0004,0.0014,352.9805,353.8523,358.7007
74.14,-0.002,-0.0004,0.0015,352.9805,353.8497,358.7013
74.16,-0.0018,-0.0006,0.0014,352.9823,353.8503,358.7012
74.18,-0.0012,0,0.0011,352.9795,353.8515,358.7027
74.2,-0.0014,-0.0003,0.0015,352.9809,353.8506,358.7022
74.22,-0.0017,-0.0002,0.0015,352.9808,353.8508,358.7021
74.24,-0.0024,-0.0004,0.0017,352.982,353.8485,358.702
74.26,-0.0022,-0.0006,0.0017,352.9829,353.8471,358.7017
74.28,-0.0017,-0.0001,0.0017,352.98,353.849,358.7016
74.3,-0.0012,-0.0003,0.0016,352.9813,353.8515,358.7013
74.32,-0.0014,-0.0004,0.0016,352.9818,353.8519,358.7013
74.34,-0.0019,-0.0006,0.0019,352.9829,353.8492,358.7011
74.36,-0.0017,-0.0004,0.0018,352.9823,353.8501,358.701
74.38,-0.0014,-0.0003,0.0014,352.9814,353.8505,358.7007
74.4,-0.0018,-0.0003,0.0015,352.9808,353.8502,358.7
74.42,-0.0023,-0.0002,0.0015,352.9792,353.8462,358.6996
74.43999,-0.0016,0,0.0013,352.9786,353.8477,358.6999
74.46,-0.0012,-0.0001,0.0013,352.9793,353.846,358.6998
74.48,-0.0018,-0.0002,0.0012,352.9801,353.8438,358.6999
74.5,-0.0033,-0.0002,0.0017,352.9807,353.8411,358.7013
74.52,-0.0027,-0.0003,0.0012,352.9824,353.8432,358.7013
74.54,-0.0021,-0.0003,0.0012,352.9818,353.8427,358.7011
74.56,-0.0019,0.0001,0.001,352.9794,353.84,358.7008
74.58,-0.0024,0.0002,0.0008,352.9777,353.8391,358.7009
74.6,-0.0032,-0.0001,0.001,352.9794,353.8365,358.7012
74.62,-0.003,-0.0003,0.0011,352.98,353.8376,358.7003
74.64,-0.002,-0.0004,0.0009,352.9799,353.8399,358.7007
74.66,-0.0016,-0.0006,0.0008,352.982,353.841,358.7008
74.68,-0.0021,-0.0003,0.0008,352.9803,353.84,358.7023
74.7,-0.0014,-0.0002,0.0003,352.9797,353.8444,358.7026
74.72,-0.0019,-0.0001,0.0007,352.9794,353.8403,358.7026
74.74,-0.0018,-0.0001,0.0006,352.979,353.8389,358.7021
74.76,-0.0019,-0.0002,0.0006,352.9802,353.8397,358.7029
