time,pos_x,pos_y,pos_z,rot_x,rot_y,rot_z
412.22,-25.7829,-15.8484,4.24,66.6298,141.1231,305.444
412.24,-25.8729,-15.6732,3.5943,65.2721,144.6646,309.9053
412.26,-25.9689,-15.4806,2.9608,63.8203,147.8512,313.881
412.28,-26.0673,-15.2635,2.3546,62.373,150.6269,317.354
412.3,-26.1605,-15.0383,1.7801,60.8935,153.092,320.3951
412.32,-26.3322,-14.5831,0.7379,57.9806,157.0353,325.3997
412.34,-26.4049,-14.3688,0.2822,56.6684,158.4458,327.4309
412.36,-26.4624,-14.1704,-0.122,55.4346,159.6116,329.0528
412.38,-26.5077,-13.9853,-0.4613,54.3969,160.4859,330.338
412.4,-26.5379,-13.8238,-0.741,53.4599,161.1814,331.231
412.42,-26.5613,-13.5868,-1.1093,52.1213,161.9637,332.0143
412.44,-26.5471,-13.525,-1.1925,51.7833,162.0524,332.0696
412.46,-26.5208,-13.5071,-1.2112,51.6648,161.9614,331.8726
412.48,-26.4844,-13.5325,-1.17,51.7372,161.7277,331.424
412.5,-26.4359,-13.6019,-1.0631,52.0432,161.3083,330.6532
412.52,-26.2965,-13.8757,-0.6357,53.2976,159.9613,328.3965
412.54,-26.2085,-14.0648,-0.3338,54.2087,158.9361,326.9904
412.56,-26.1124,-14.2715,0.0313,55.3218,157.6589,325.3798
412.58,-26.0033,-14.4972,0.4598,56.5826,156.1092,323.458
412.6,-25.8899,-14.7315,0.9464,57.9641,154.2376,321.1646
412.62,-25.6447,-15.1904,2.0871,61.0326,149.2042,315.5394
412.64,-25.5219,-15.4014,2.7292,62.6171,145.9421,312.0757
412.66,-25.4033,-15.5927,3.4098,64.1435,142.1906,307.9973
412.68,-25.3017,-15.7593,4.115,65.5992,138.0016,303.3706
412.7,-25.2074,-15.9143,4.8338,66.8755,133.3956,298.2354
412.72,-25.0874,-16.1238,6.2734,69.0443,122.8864,286.611
412.74,-25.0567,-16.1847,6.9718,69.865,117.2472,280.4331
412.76,-25.0485,-16.2145,7.6436,70.4979,111.529,274.075
412.78,-25.0705,-16.2135,8.276,71.006,106.0736,267.7856
412.8,-25.1094,-16.1884,8.8643,71.3882,100.9895,261.6684
412.82,-25.2223,-16.0537,9.8906,71.9387,91.7848,250.355
412.84,-25.286,-15.9509,10.3164,72.1175,87.6105,245.3828
412.86,-25.3498,-15.8437,10.6789,72.2688,84.0513,241.0531
412.88,-25.4053,-15.7415,10.9808,72.3829,81.0861,237.3002
412.9,-25.4721,-15.6571,11.2119,72.5707,78.7517,234.2918
412.92,-25.5686,-15.5481,11.4876,72.9269,75.6789,230.2764
412.94,-25.6014,-15.5301,11.5292,73.1255,75.0479,229.3933
412.96,-25.6227,-15.5509,11.5028,73.3345,75.2862,229.4918
412.98,-25.6362,-15.579,11.4219,73.5489,76.112,230.2617
413,-25.6435,-15.6464,11.2497,73.7997,77.9603,232.1824
413.02,-25.6114,-15.7922,10.7467,74.0997,83.6721,238.5205
413.04,-25.594,-15.8642,10.4008,74.1563,87.4792,242.8884
413.06,-25.5691,-15.9494,9.9955,74.1195,92.1367,248.1804
413.08,-25.5537,-16.028,9.5345,73.9761,97.2802,254.0271
413.1,-25.5412,-16.0934,9.029,73.7002,102.7288,260.1617
413.12,-25.5321,-16.1991,7.8714,72.6239,114.3235,273.4019
413.14,-25.5459,-16.2116,7.2366,71.8383,119.9878,279.9691
413.16,-25.5759,-16.1945,6.5699,70.8818,125.4643,286.2939
413.18,-25.6121,-16.1355,5.8924,69.7829,130.5391,292.1385
413.2,-25.6624,-16.0379,5.2054,68.5354,135.2532,297.5428
413.22,-25.7781,-15.7169,3.8681,65.7822,143.256,306.6812
413.24,-25.8345,-15.5108,3.2419,64.3403,146.4872,310.3439
413.26,-25.8866,-15.2859,2.6541,62.9221,149.2365,313.5089
413.28,-25.9374,-15.0526,2.106,61.5353,151.603,316.2963
413.3,-25.9805,-14.8256,1.6032,60.1749,153.6501,318.679
413.32,-26.0456,-14.4269,0.7325,57.6894,156.6053,322.4674
413.34,-26.0667,-14.2647,0.3739,56.6138,157.6467,323.8358
413.36,-26.0804,-14.1263,0.0666,55.6421,158.4809,324.9021
413.38,-26.0851,-14.025,-0.1773,54.8176,159.0857,325.5353
413.4,-26.0798,-13.95,-0.3645,54.1366,159.5211,325.885
413.42,-26.0421,-13.8893,-0.5626,53.3509,159.7233,325.9749
413.44,-26.0056,-13.9034,-0.5649,53.2505,159.5583,325.6472
413.46,-25.9667,-13.9407,-0.5102,53.3406,159.2682,325.0881
413.48,-25.9119,-14.0178,-0.3785,53.64,158.7686,324.1696
413.5,-25.8521,-14.124,-0.1899,54.1269,158.11,323.1005
413.52,-25.7142,-14.4174,0.3684,55.6831,156.209,320.3553
413.54,-25.6362,-14.5947,0.7402,56.7408,154.8922,318.6468
413.56,-25.552,-14.787,1.1685,57.9491,153.2681,316.733
413.58,-25.467,-14.9832,1.6523,59.2863,151.3273,314.5241
413.6,-25.3807,-15.1822,2.1857,60.6855,149.0328,311.8967
413.62,-25.2214,-15.5474,3.382,63.5923,143.3264,305.3631
413.64,-25.1488,-15.7072,4.0304,65.0127,139.8326,301.3567
413.66,-25.0915,-15.8433,4.6967,66.3701,135.9003,296.8867
413.68,-25.0449,-15.9572,5.3726,67.6068,131.5773,291.9274
413.7,-25.0082,-16.0425,6.0527,68.7145,126.9029,286.4622
413.72,-24.968,-16.1286,7.3775,70.4132,116.632,274.3505
413.74,-24.9586,-16.1211,8.0035,70.9902,111.0567,268.0775
413.76,-24.9494,-16.0825,8.5967,71.3663,105.5131,261.9089
413.78,-24.9453,-16.0128,9.1484,71.616,100.2661,255.9629
413.8,-24.9575,-15.9297,9.6435,71.7362,95.4884,250.481
413.82,-24.9754,-15.7435,10.4737,71.7278,87.4554,241.0051
413.84,-24.9775,-15.6662,10.7961,71.6359,84.383,237.3273
413.86,-24.982,-15.5904,11.0563,71.5576,81.8032,234.2218
413.88,-24.981,-15.5382,11.2439,71.509,80.0291,231.9534
413.9,-24.9612,-15.498,11.3694,71.4749,78.8742,230.3744
413.92,-24.9174,-15.4848,11.3997,71.5256,78.7072,229.752
413.94,-24.8858,-15.5023,11.3234,71.5658,79.5165,230.5085
413.96,-24.8363,-15.5442,11.1556,71.6132,81.0775,232.157
413.98,-24.7906,-15.5953,10.9361,71.6548,83.3042,234.626
414,-24.7402,-15.6598,10.6562,71.6582,86.0719,237.7874
414.02,-24.6548,-15.8183,9.9053,71.5543,93.4439,246.3743
414.04,-24.6315,-15.8974,9.4417,71.4294,97.9747,251.4593
414.06,-24.6295,-15.963,8.9195,71.235,103.0395,256.9243
414.08,-24.6475,-15.9977,8.3431,70.9302,108.4573,262.7677
414.1,-24.679,-15.9945,7.7213,70.4554,113.9218,268.8933
414.12,-24.8032,-15.889,6.356,68.9765,124.648,281.7668
414.14,-24.9035,-15.7725,5.6466,68.0644,129.7668,287.9723
414.16,-25.031,-15.6346,4.9263,66.9798,134.8567,293.9095
414.18,-25.1836,-15.4706,4.2115,65.7499,139.7411,299.4057
414.2,-25.3447,-15.2962,3.514,64.3878,144.1727,304.4159
414.22,-25.6851,-14.9165,2.2223,61.6088,151.2439,312.8827
414.24,-25.8516,-14.7207,1.6439,60.2015,154.0723,316.4098
414.26,-26.0153,-14.5277,1.1169,58.806,156.5297,319.4193
414.28,-26.1656,-14.348,0.6489,57.4827,158.5286,321.9148
414.3,-26.2979,-14.1837,0.2478,56.3285,160.0737,323.9424
414.32,-26.5003,-13.9139,-0.3542,54.5099,162.1163,326.9576
414.34,-26.577,-13.8158,-0.5524,53.83,162.7839,327.6825
414.36,-26.6352,-13.7496,-0.6867,53.2997,163.2553,327.9657
414.38,-26.6665,-13.7136,-0.7333,53.1024,163.4383,327.8879
414.4,-26.6735,-13.7146,-0.7185,53.0999,163.4008,327.6736
414.42,-26.6137,-13.8293,-0.4828,53.8685,162.4993,326.7487
414.44,-26.5498,-13.941,-0.2635,54.6442,161.6158,326.0481
414.46,-26.4687,-14.0851,0.0192,55.5895,160.4759,325.0318
414.48,-26.3724,-14.2626,0.3627,56.6555,159.0862,323.5942
414.5,-26.2626,-14.458,0.7692,57.8626,157.4326,321.7324
414.52,-26.0096,-14.8801,1.7518,60.5882,153.0383,316.8514
414.54,-25.8669,-15.0922,2.3215,62.0431,150.1639,313.7946
414.56,-25.7198,-15.2956,2.934,63.5066,146.7214,310.2368
414.58,-25.5664,-15.489,3.5827,64.904,142.7086,306.1505
414.6,-25.4181,-15.6603,4.259,66.2011,138.1332,301.4581
414.62,-25.1463,-15.9405,5.6491,68.2327,127.65,290.3704
414.64,-25.035,-16.0337,6.3442,68.9873,121.8825,284.2094
414.66,-24.937,-16.1019,7.0221,69.5209,115.9778,277.9487
414.68,-24.8578,-16.1311,7.6728,69.8649,110.0653,271.7402
414.7,-24.7993,-16.1269,8.2849,70.0254,104.4726,265.8137
414.72,-24.7614,-16.0403,9.3511,70.053,94.9774,255.2717
414.74,-24.776,-15.9802,9.7928,70.024,91.2126,250.8203
414.76,-24.8098,-15.9148,10.1707,70.0384,88.0287,246.9331
414.78,-24.8523,-15.8568,10.4826,70.0941,85.4077,243.677
414.8,-24.8949,-15.8024,10.7327,70.1618,83.234,240.9746
414.82,-25.0003,-15.7308,11.0094,70.5097,80.6856,237.6555
414.84,-25.0463,-15.7235,11.0443,70.7675,80.4628,237.084
414.86,-25.0929,-15.7246,11.0156,71.093,80.7528,237.1059
414.88,-25.1339,-15.7552,10.9242,71.4253,81.8105,238.0081
414.9,-25.1764,-15.7993,10.7588,71.7646,83.3571,239.5327
414.92,-25.2301,-15.9394,10.2734,72.3175,88.4638,245.0379
414.94,-25.2604,-16.0274,9.9458,72.4905,91.9089,248.9138
414.96,-25.2836,-16.1275,9.5617,72.5592,96.0408,253.5723
414.98,-25.3086,-16.2122,9.1225,72.5178,100.5981,258.7679
415,-25.3388,-16.288,8.6219,72.3215,105.6393,264.5861
415.02,-25.4403,-16.381,7.4415,71.4046,117.2394,277.4962
415.04,-25.5024,-16.3836,6.7784,70.6126,123.185,284.0668
415.06,-25.5775,-16.3461,6.0759,69.5934,128.7783,290.4372
415.08,-25.6622,-16.2585,5.3536,68.4181,133.936,296.4381
415.1,-25.7546,-16.143,4.6117,67.0086,138.704,302.0451
415.12,-25.9393,-15.7987,3.1507,63.8142,146.583,311.3464
415.14,-26.0248,-15.5787,2.4486,62.0715,149.7825,315.0616
415.16,-26.1026,-15.3315,1.7769,60.2816,152.5152,318.2216
415.18,-26.1661,-15.0689,1.1412,58.495,154.737,320.9971
415.2,-26.2145,-14.7957,0.5527,56.7782,156.5325,323.3666
415.22,-26.2721,-14.2487,-0.4635,53.5759,159.175,326.7286
415.24,-26.2804,-13.9904,-0.8834,52.1261,160.1496,327.8039
415.26,-26.2721,-13.7573,-1.244,50.8119,160.891,328.5893
415.28,-26.2486,-13.5546,-1.5438,49.7018,161.3832,329.1944
415.3,-26.2097,-13.3915,-1.7823,48.7939,161.664,329.5933
415.32,-26.0949,-13.1983,-2.0749,47.5723,161.7144,329.6254
415.34,-26.0208,-13.1745,-2.1271,47.2642,161.5179,329.2202
415.36,-25.9412,-13.1957,-2.1221,47.15,161.1953,328.6556
415.38,-25.8462,-13.2707,-2.0451,47.3182,160.6333,327.8293
415.4,-25.7326,-13.401,-1.8967,47.6939,159.9023,326.7908
415.42,-25.4876,-13.7624,-1.4024,49.135,157.8934,324.1809
415.44,-25.3543,-13.9873,-1.0506,50.1902,156.5513,322.5942
415.46,-25.2154,-14.2313,-0.627,51.4224,154.985,320.7052
415.48,-25.0803,-14.4827,-0.1357,52.8152,153.2021,318.4897
415.5,-24.9457,-14.7438,0.4188,54.2992,151.1918,315.9245
415.52,-24.8616,-15.249,1.6505,57.7277,147.3807,311.0379
415.54,-24.9221,-15.4912,2.3141,59.6833,145.6788,308.1166
415.56,-24.9782,-15.7101,3.0162,61.7313,143.2792,305.2701
415.58,-25.0346,-15.899,3.7482,63.7243,140.2982,301.9846
415.6,-25.0891,-16.0485,4.4989,65.631,136.5632,298.1874
415.62,-25.2174,-16.234,6.0045,68.9219,127.0258,288.7456
415.64,-25.2879,-16.2922,6.7351,70.1528,121.547,283.0838
415.66,-25.3707,-16.3149,7.4409,71.182,115.6243,276.9651
415.68,-25.4557,-16.3198,8.1105,71.9513,109.4028,270.7175
415.7,-25.5491,-16.2973,8.7338,72.4934,103.0174,264.4341
415.72,-25.7415,-16.1947,9.8159,72.9653,91.1988,252.8102
415.74,-25.848,-16.1299,10.2597,73.0878,86.5504,247.8819
415.76,-25.9513,-16.0606,10.636,73.2145,82.7554,243.5445
415.78,-26.0548,-16.0032,10.9336,73.3491,79.714,239.9969
415.8,-26.1504,-15.9447,11.168,73.5049,77.2337,237.0157
415.82,-26.3047,-15.8806,11.4157,73.8755,74.2395,233.543
415.84,-26.3603,-15.8726,11.4329,74.1232,73.8914,233.0068
415.86,-26.3965,-15.8799,11.3824,74.4066,74.3405,233.3064
415.88,-26.4306,-15.8983,11.2616,74.7114,75.4802,234.4204
415.9,-26.4444,-15.9309,11.0592,75.0344,77.6524,236.6732
415.92,-26.4276,-16.0238,10.502,75.5112,84.2245,243.6377
415.94,-26.4035,-16.0751,10.1422,75.6195,88.5584,248.297
415.96,-26.3708,-16.1173,9.7366,75.6185,93.4412,253.6117
415.98,-26.3339,-16.1659,9.2761,75.4487,98.8919,259.6509
416,-26.2972,-16.2077,8.772,75.1093,104.6902,266.1015
416.02,-26.2316,-16.2574,7.6384,73.849,116.3176,279.2892
416.04,-26.2117,-16.249,7.0165,72.9503,121.7707,285.657
416.06,-26.1997,-16.2115,6.3658,71.8714,126.989,291.8114
416.08,-26.2022,-16.1461,5.693,70.6298,131.7827,297.559
416.1,-26.205,-16.0542,5.0118,69.241,136.0566,302.8062
416.12,-26.2449,-15.7659,3.654,66.2662,143.0505,312.0805
416.14,-26.2672,-15.5875,3.0011,64.6857,145.9048,315.9704
416.16,-26.3031,-15.3919,2.3672,63.0972,148.3873,319.4551
416.18,-26.3373,-15.1748,1.7752,61.5835,150.4662,322.5334
416.2,-26.3715,-14.9533,1.2225,60.0957,152.2163,325.162
416.22,-26.4381,-14.4972,0.2724,57.3499,155.0027,329.2161
416.24,-26.4658,-14.2856,-0.119,56.1284,156.0616,330.7256
416.26,-26.491,-14.0929,-0.4485,55.073,156.9303,331.8661
416.28,-26.5113,-13.9283,-0.7119,54.1892,157.618,332.6638
416.3,-26.5232,-13.7966,-0.9077,53.523,158.0968,333.2256
416.32,-26.527,-13.6499,-1.0932,52.897,158.5109,333.7789
416.34,-26.5195,-13.6428,-1.0813,52.9189,158.4871,333.6479
416.36,-26.5113,-13.6702,-1.0128,53.1207,158.3513,333.3496
416.38,-26.4941,-13.7569,-0.8531,53.6651,157.9556,332.6689
416.4,-26.4764,-13.8771,-0.6362,54.3863,157.4202,331.9121
416.42,-26.4341,-14.2196,-0.0216,56.3287,155.8617,329.5427
416.44,-26.4153,-14.4211,0.3709,57.5547,154.7796,328.0426
416.46,-26.3894,-14.6408,0.8199,58.9031,153.4481,326.2574
416.48,-26.368,-14.8671,1.317,60.3445,151.8554,324.1368
416.5,-26.346,-15.0976,1.859,61.8353,149.9819,321.6326
416.52,-26.2948,-15.5401,3.0588,64.9247,145.1224,315.5421
416.54,-26.2722,-15.7409,3.6963,66.4388,142.0622,311.9269
416.56,-26.2527,-15.9212,4.3481,67.889,138.5523,307.8917
416.58,-26.232,-16.0828,5.005,69.1983,134.6587,303.3089
416.6,-26.2235,-16.2147,5.6558,70.3904,130.3835,298.29
416.62,-26.2052,-16.3983,6.9122,72.2726,120.5395,287.2303
416.64,-26.2019,-16.4558,7.4994,72.9449,115.3114,281.5087
416.66,-26.2056,-16.4838,8.058,73.4636,110.0908,275.6307
416.68,-26.2142,-16.4897,8.5747,73.8265,104.9611,269.9307
416.7,-26.2288,-16.4744,9.0489,74.0581,100.0124,264.6027
416.72,-26.2624,-16.4124,9.8559,74.2201,91.2559,255.2638
416.74,-26.2837,-16.3687,10.1875,74.2227,87.683,251.3145
416.76,-26.305,-16.3295,10.4663,74.2215,84.8002,247.9911
416.78,-26.3354,-16.2937,10.6877,74.232,82.5128,245.2758
416.8,-26.3598,-16.264,10.8521,74.2782,80.8617,243.1969
416.82,-26.4134,-16.2233,11.0074,74.4814,79.3199,241.0004
416.84,-26.4311,-16.2294,10.99,74.6386,79.6437,241.159
416.86,-26.4517,-16.2356,10.9208,74.8073,80.4179,241.8757
416.88,-26.4704,-16.2611,10.7717,75.0351,82.1288,243.6094
416.9,-26.4891,-16.2981,10.5677,75.2472,84.6043,246.2208
416.92,-26.5259,-16.3797,9.9833,75.5607,91.4649,253.7689
416.94,-26.5411,-16.4208,9.6124,75.6076,95.8399,258.6674
416.96,-26.5637,-16.4619,9.1872,75.5609,100.8964,264.35
416.98,-26.5888,-16.4975,8.7194,75.3649,106.4136,270.4478
417,-26.6235,-16.5259,8.2005,75.0134,112.3698,277.0014
417.02,-26.7083,-16.5202,7.044,73.7329,124.1805,290.2543
417.04,-26.7588,-16.4853,6.4105,72.7791,129.7544,296.6693
417.06,-26.8115,-16.4172,5.7538,71.6399,134.8237,302.6012
417.08,-26.8678,-16.3129,5.0767,70.3616,139.341,308.0854
417.1,-26.9231,-16.1707,4.3882,68.9297,143.3289,313.0942
417.12,-27.027,-15.7845,3.0122,65.7178,149.8717,321.7191
417.14,-27.0719,-15.5577,2.3419,64.0289,152.3673,325.3843
417.16,-27.1105,-15.3171,1.6949,62.3545,154.4054,328.7
417.18,-27.1407,-15.0738,1.0768,60.6913,156.0603,331.6614
417.2,-27.166,-14.824,0.4942,59.0943,157.366,334.3211
417.22,-27.1905,-14.3396,-0.5476,56.0951,159.1665,338.7496
417.24,-27.197,-14.1052,-0.9978,54.7038,159.797,340.3844
417.26,-27.1971,-13.8829,-1.3953,53.3946,160.2952,341.6298
417.28,-27.1921,-13.6774,-1.7363,52.1834,160.6978,342.4661
417.3,-27.1818,-13.493,-2.018,51.1188,161.0061,343.0038
417.32,-27.1377,-13.2171,-2.3895,49.6213,161.3468,343.4791
417.34,-27.1064,-13.1343,-2.4768,49.2432,161.3655,343.4674
417.36,-27.0661,-13.0949,-2.4997,49.0548,161.3206,343.2372
417.38,-27.0286,-13.1062,-2.4522,49.1365,161.1785,342.6921
417.4,-26.9841,-13.1572,-2.3421,49.449,160.9408,341.8599
417.42,-26.8763,-13.4278,-1.8891,50.7774,160.1235,339.6041
417.44,-26.8148,-13.6343,-1.5663,51.787,159.4613,338.1837
417.46,-26.7468,-13.878,-1.1751,53.0384,158.5746,336.587
417.48,-26.6711,-14.153,-0.7163,54.48,157.4203,334.7516
417.5,-26.5897,-14.45,-0.1928,56.0753,155.9537,332.6003
417.52,-26.4246,-15.0548,1.0325,59.583,151.9726,327.1288
417.54,-26.3416,-15.3488,1.7196,61.3769,149.3693,323.7049
417.56,-26.2609,-15.6243,2.4453,63.1626,146.2827,319.8303
417.58,-26.19,-15.8731,3.2015,64.893,142.7164,315.3719
417.6,-26.1271,-16.1016,3.9738,66.4876,138.6332,310.3299
417.62,-26.0344,-16.4421,5.5441,69.3273,128.8172,298.7504
417.64,-26.0084,-16.5563,6.3142,70.4512,123.2764,292.2573
417.66,-26.0019,-16.6269,7.0591,71.3946,117.3566,285.513
417.68,-26.0083,-16.6632,7.7736,72.1343,111.3648,278.5792
417.7,-26.0307,-16.6617,8.4445,72.685,105.2175,271.6737
417.72,-26.104,-16.5846,9.6287,73.29,93.6841,258.7662
417.74,-26.1563,-16.5173,10.1277,73.4242,88.6748,253.0627
417.76,-26.2118,-16.4308,10.5635,73.5036,84.2127,247.8825
417.78,-26.2724,-16.3472,10.921,73.5805,80.5475,243.5388
417.8,-26.3259,-16.2735,11.2059,73.6452,77.668,239.9922
417.82,-26.4473,-16.1626,11.5364,73.9834,74.1161,235.3732
417.84,-26.5057,-16.1396,11.5775,74.2502,73.5831,234.4461
417.86,-26.5432,-16.1406,11.5526,74.5478,73.9306,234.5017
417.88,-26.5807,-16.1544,11.4616,74.8904,74.9096,235.3639
417.9,-26.6198,-16.1985,11.2712,75.2802,76.9561,237.4268
417.92,-26.6715,-16.3209,10.7238,75.9477,83.5501,244.4042
417.94,-26.693,-16.391,10.3592,76.185,88.2203,249.3833
417.96,-26.7039,-16.4655,9.9435,76.2743,93.7604,255.2985
417.98,-26.7213,-16.5286,9.4755,76.2403,99.8048,261.8128
418,-26.7416,-16.6049,8.9507,75.9647,106.6163,269.165
418.02,-26.7946,-16.7191,7.7789,74.7521,120.1956,283.7651
418.04,-26.8289,-16.7397,7.132,73.7955,126.3532,290.6117
418.06,-26.8597,-16.7256,6.4539,72.6142,131.9284,297.0175
418.08,-26.892,-16.6753,5.7464,71.2224,136.8436,302.9224
418.1,-26.9279,-16.5786,5.0196,69.6908,141.0468,308.3046
418.12,-26.9874,-16.2635,3.5626,66.3927,147.4591,317.4782
418.14,-27.0142,-16.0597,2.8466,64.6506,149.9384,321.3726
418.16,-27.0327,-15.833,2.1537,62.8648,152.0112,324.7549
418.18,-27.052,-15.5791,1.4918,61.1186,153.76,327.732
418.2,-27.0593,-15.32,0.8668,59.3722,155.2051,330.3112
418.22,-27.0447,-14.7753,-0.2325,56.1664,157.2631,334.5102
418.24,-27.0205,-14.5083,-0.6981,54.7318,157.9216,336.0901
418.26,-26.9845,-14.2598,-1.1045,53.4069,158.4291,337.3524
418.28,-26.9418,-14.0297,-1.4467,52.2484,158.7895,338.2956
418.3,-26.8911,-13.8326,-1.7279,51.2304,159.0485,338.9562
418.32,-26.7697,-13.5485,-2.103,49.8914,159.1452,339.9162
418.34,-26.6989,-13.4768,-2.2034,49.5526,158.9745,340.238
418.36,-26.6281,-13.4447,-2.2501,49.3841,158.7307,340.3415
418.38,-26.5637,-13.4628,-2.2321,49.3988,158.4187,340.0248
418.4,-26.5015,-13.5167,-2.1665,49.5247,158.0617,339.449
418.42,-26.365,-13.7614,-1.8339,50.4464,156.9132,337.5008
418.44,-26.3022,-13.9327,-1.5812,51.1948,156.175,336.3459
418.46,-26.2401,-14.1317,-1.2628,52.1272,155.3174,334.9228
418.48,-26.1854,-14.3577,-0.8872,53.2119,154.3377,333.2733
418.5,-26.1362,-14.6036,-0.4507,54.4432,153.235,331.3428
418.52,-26.0677,-15.1262,0.5866,57.3214,150.592,326.7976
418.54,-26.0499,-15.39,1.1788,58.909,149.014,324.0914
418.56,-26.0422,-15.6477,1.8125,60.5508,147.2217,321.098
418.58,-26.0466,-15.8928,2.4813,62.2543,145.1059,317.8252
418.6,-26.0619,-16.119,3.1782,63.9812,142.6382,314.2686
418.62,-26.1173,-16.4959,4.6341,67.3346,136.5074,305.9261
418.64,-26.1581,-16.6301,5.3739,68.9191,132.6211,301.0742
418.66,-26.2085,-16.7303,6.1041,70.3724,128.1461,295.7742
418.68,-26.2634,-16.7933,6.8218,71.6666,123.079,289.9504
418.7,-26.3172,-16.8238,7.5159,72.7479,117.5115,283.7023
418.72,-26.4486,-16.7938,8.8001,74.3076,105.3677,270.2956
418.74,-26.5162,-16.7432,9.3817,74.7966,99.2151,263.4985
418.76,-26.5819,-16.6759,9.9117,75.1011,93.315,256.9807
418.78,-26.642,-16.6026,10.3803,75.2659,87.9813,251.0849
418.8,-26.7134,-16.51,10.7832,75.3547,83.0129,245.6299
418.82,-26.8089,-16.3668,11.3753,75.3811,76.1239,237.7583
418.84,-26.8592,-16.2908,11.5622,75.4431,73.6581,234.8161
418.86,-26.8847,-16.2492,11.6771,75.5434,72.3518,233.0808
418.88,-26.9056,-16.2175,11.7202,75.6808,71.7262,232.1344
418.9,-26.9096,-16.2137,11.6946,75.8215,72.0263,232.2364
418.92,-26.8887,-16.2685,11.4465,76.2493,75.2504,235.1789
418.94,-26.8599,-16.3163,11.2336,76.4335,78.0409,237.9517
418.96,-26.8237,-16.3916,10.9535,76.5865,81.9135,241.9188
418.98,-26.7776,-16.4665,10.6128,76.6274,86.4592,246.7357
419,-26.7287,-16.5524,10.2012,76.5536,92.0032,252.705
419.02,-26.6182,-16.7046,9.2099,75.876,104.4433,266.277
419.04,-26.5693,-16.781,8.6302,75.2243,111.1319,273.5637
419.06,-26.5321,-16.8372,8.0007,74.3712,117.5251,280.6414
419.08,-26.4969,-16.8676,7.3281,73.2985,123.4951,287.3938
419.1,-26.4695,-16.867,6.615,72.0209,129.0734,293.8268
419.12,-26.4424,-16.7347,5.1033,68.9079,138.6016,305.1347
419.14,-26.4358,-16.6001,4.3236,67.1393,142.4045,309.9594
419.16,-26.4345,-16.416,3.5462,65.2897,145.6755,314.2556
419.18,-26.4404,-16.1908,2.7816,63.3741,148.4886,318.0733
419.2,-26.4432,-15.929,2.0512,61.4288,150.9104,321.3093
419.22,-26.4583,-15.338,0.7124,57.6897,154.6003,326.7904
419.24,-26.4651,-15.0313,0.1201,55.9778,155.9181,329.0955
419.26,-26.472,-14.7317,-0.4114,54.3498,157.0413,330.9436
419.28,-26.4801,-14.4469,-0.8803,52.8497,157.9904,332.467
419.3,-26.4873,-14.1884,-1.2852,51.5144,158.7373,333.7477
419.32,-26.5015,-13.7737,-1.8949,49.4694,159.7439,335.588
419.34,-26.503,-13.6284,-2.0958,48.7565,160.0609,336.1696
419.36,-26.5089,-13.5212,-2.2367,48.2499,160.2757,336.5611
419.38,-26.5112,-13.468,-2.293,48.0293,160.3845,336.6085
419.4,-26.5151,-13.4605,-2.2877,48.0144,160.412,336.4726
419.42,-26.5129,-13.6024,-2.0765,48.7476,160.1291,335.7278
419.44,-26.5114,-13.7473,-1.8671,49.4707,159.8201,335.0437
419.46,-26.5065,-13.9331,-1.5951,50.3824,159.4047,334.1104
419.48,-26.4989,-14.1506,-1.2579,51.5067,158.8469,332.9739
419.5,-26.4866,-14.395,-0.856,52.8277,158.0963,331.6373
419.52,-26.4405,-14.9423,0.1334,55.9344,155.8761,328.2343
419.54,-26.409,-15.2261,0.7134,57.6617,154.3301,326.0602
419.56,-26.3725,-15.5074,1.3415,59.4465,152.4276,323.5356
419.58,-26.3302,-15.7767,2.0132,61.2688,150.1209,320.6305
419.6,-26.2873,-16.0229,2.7215,63.1027,147.331,317.2611
419.62,-26.2086,-16.4367,4.2104,66.5587,140.2995,308.9285
419.64,-26.1818,-16.5974,4.9692,68.123,136.0364,303.9912
419.66,-26.1593,-16.7164,5.731,69.5578,131.1148,298.4506
419.68,-26.1446,-16.8005,6.4794,70.8157,125.5166,292.4358
419.7,-26.146,-16.8585,7.2006,71.8316,119.6769,286.0496
419.72,-26.1773,-16.8724,8.5423,73.2283,107.3055,272.4887
419.74,-26.2092,-16.8457,9.1382,73.6062,101.1216,265.9111
419.76,-26.2452,-16.7879,9.6819,73.8313,95.1413,259.6769
419.78,-26.2797,-16.7372,10.1597,73.8833,89.93,254.2216
419.8,-26.3243,-16.6668,10.5725,73.8815,85.3263,249.3282
419.82,-26.4182,-16.5148,11.1853,73.8477,78.4181,241.8038
419.84,-26.46,-16.4544,11.3786,73.8545,76.263,239.3674
419.86,-26.5042,-16.3985,11.5018,73.9233,74.782,237.6609
419.88,-26.5345,-16.3667,11.5509,74.0601,74.2063,236.8524
419.9,-26.5659,-16.3651,11.5294,74.2394,74.4561,236.9196
419.92,-26.6123,-16.4193,11.2913,74.8214,77.2782,239.4052
419.94,-26.6337,-16.4911,11.0644,75.1425,80.1178,242.1806
419.96,-26.6402,-16.5662,10.783,75.4348,83.7584,245.7565
419.98,-26.6606,-16.6502,10.4305,75.7099,88.3466,250.3896
420,-26.6647,-16.7397,10.0226,75.8496,93.8307,255.9742
420.02,-26.6886,-16.9189,9.0345,75.6409,106.767,269.3808
420.04,-26.7067,-16.9833,8.4657,75.2367,113.7046,276.5639
420.06,-26.7523,-17.0112,7.8452,74.6395,120.7864,283.8784
420.08,-26.7979,-17.005,7.1843,73.7516,127.8008,291.061
420.1,-26.8535,-16.9574,6.4932,72.6281,134.1768,297.738
420.12,-26.9734,-16.7457,5.0647,69.8329,144.2257,309.108
420.14,-27.0361,-16.5862,4.3547,68.257,148.0519,313.7456
420.16,-27.0916,-16.4062,3.6613,66.5775,151.2613,317.7424
420.18,-27.141,-16.1985,3.0002,64.9117,153.8472,321.169
420.2,-27.1811,-15.9804,2.3724,63.2645,155.851,324.1813
420.22,-27.2392,-15.5251,1.2537,60.1945,158.7254,328.7936
420.24,-27.2583,-15.2997,0.768,58.7422,159.8076,330.4199
420.26,-27.2665,-15.0783,0.3369,57.4136,160.6615,331.8296
420.28,-27.2633,-14.8656,-0.0348,56.2545,161.3052,333.0277
420.3,-27.2493,-14.6773,-0.3495,55.2384,161.7766,334.0143
420.32,-27.2114,-14.3749,-0.8083,53.7297,162.3842,335.1913
420.34,-27.1824,-14.2793,-0.9566,53.2024,162.5442,335.4794
420.36,-27.1532,-14.2195,-1.0596,52.8228,162.6231,335.5992
420.38,-27.1196,-14.2053,-1.0953,52.643,162.6387,335.3135
420.4,-27.084,-14.223,-1.0839,52.6091,162.5541,334.8576
420.42,-26.98,-14.3678,-0.8967,53.1124,161.8741,333.5411
420.44,-26.9154,-14.4817,-0.7173,53.6494,161.2592,332.6789
420.46,-26.8441,-14.6212,-0.4835,54.3634,160.4256,331.6557
420.48,-26.7592,-14.7842,-0.188,55.2359,159.3927,330.4359
420.5,-26.6711,-14.9641,0.1634,56.2699,158.1238,329.0023
420.52,-26.4889,-15.3639,1.0285,58.7051,154.8585,325.2353
420.54,-26.3971,-15.5728,1.5376,60.0726,152.7908,322.9087
420.56,-26.3048,-15.7782,2.0951,61.5266,150.365,320.2558
420.58,-26.2159,-15.9753,2.6974,63.0227,147.5506,317.1988
420.6,-26.1415,-16.1572,3.3311,64.5161,144.3704,313.6945
420.62,-26.0277,-16.4622,4.6742,67.3765,136.8368,305.2217
420.64,-25.9948,-16.5779,5.363,68.6942,132.3789,300.3229
420.66,-25.9739,-16.6599,6.0592,69.9087,127.4404,294.8926
420.68,-25.9701,-16.7142,6.7453,70.9712,122.1855,289.0972
420.7,-25.9924,-16.7225,7.4177,71.9273,116.5891,282.853
420.72,-26.0872,-16.6643,8.6775,73.3905,105.3978,269.8639
420.74,-26.1556,-16.6,9.2538,73.943,99.8488,263.3549
420.76,-26.2351,-16.5112,9.7889,74.4199,94.308,256.87
420.78,-26.3199,-16.4136,10.2768,74.7802,89.0193,250.6321
420.8,-26.4062,-16.3164,10.7092,75.0634,84.1303,244.8712
420.82,-26.5683,-16.1222,11.4092,75.4227,75.65,234.8499
420.84,-26.6424,-16.0498,11.6636,75.5554,72.4107,230.9819
420.86,-26.6993,-15.9919,11.8539,75.6554,69.9289,227.9841
420.88,-26.7515,-15.9534,11.9751,75.768,68.2129,225.9381
420.9,-26.7842,-15.9343,12.0305,75.8618,67.3218,224.8816
420.92,-26.8172,-15.9568,11.9464,76.0848,68.1326,225.7849
420.94,-26.8106,-16.0021,11.7979,76.2389,70.0166,227.8488
420.96,-26.8027,-16.0719,11.5891,76.3814,72.8262,230.9919
420.98,-26.7789,-16.1586,11.3287,76.515,76.4386,235.0196
421,-26.7646,-16.2508,11.006,76.6337,80.7416,239.8388
421.02,-26.7276,-16.4429,10.189,76.6448,91.692,252.0326
421.04,-26.7132,-16.5441,9.6965,76.4645,98.2404,259.3025
421.06,-26.7146,-16.6264,9.1551,76.1399,104.8982,266.7948
421.08,-26.7085,-16.6982,8.573,75.5835,111.5826,274.3288
421.1,-26.7233,-16.7297,7.9538,74.8804,117.9206,281.6503
421.12,-26.742,-16.6929,6.6448,72.862,129.0331,294.9017
421.14,-26.7559,-16.6046,5.9723,71.649,133.6194,300.6854
421.16,-26.7694,-16.4785,5.2965,70.3269,137.582,305.9069
421.18,-26.7844,-16.3116,4.6312,68.963,141.0279,310.611
421.2,-26.8025,-16.1175,3.9803,67.5383,144.079,314.8828
421.22,-26.8582,-15.6748,2.7468,64.6271,149.201,321.9871
421.24,-26.8925,-15.4478,2.1756,63.1667,151.3424,324.8602
421.26,-26.9234,-15.2241,1.6495,61.7486,153.2228,327.2555
421.28,-26.9575,-15.0029,1.1672,60.432,154.8022,329.381
421.3,-26.9869,-14.801,0.7334,59.1711,156.1543,331.1098
421.32,-27.0252,-14.4627,0.0323,57.0134,158.1505,333.4792
421.34,-27.0288,-14.3293,-0.2294,56.1769,158.7755,334.2607
421.36,-27.0195,-14.2204,-0.4336,55.5069,159.1991,334.861
421.38,-26.9994,-14.1409,-0.5659,55.0904,159.3161,335.2133
421.4,-26.9656,-14.0982,-0.6426,54.8099,159.2627,335.3154
421.42,-26.8806,-14.1095,-0.621,54.8018,158.6971,334.8554
421.44,-26.826,-14.1699,-0.5249,55.0572,158.1611,334.3056
421.46,-26.7641,-14.2687,-0.365,55.4996,157.4536,333.4956
421.48,-26.7051,-14.3934,-0.1615,56.0727,156.6459,332.4973
421.5,-26.6436,-14.5445,0.0943,56.767,155.7293,331.2269
421.52,-26.5208,-14.899,0.7571,58.5895,153.3274,328.0827
421.54,-26.4557,-15.0962,1.1632,59.6774,151.7799,326.139
421.56,-26.3909,-15.2973,1.6193,60.8752,149.9354,323.8893
421.58,-26.3277,-15.5023,2.12,62.1409,147.7854,321.3515
421.6,-26.2698,-15.6968,2.6641,63.4696,145.2614,318.4352
421.62,-26.1768,-16.06,3.8513,66.1147,139.0711,311.3988
421.64,-26.1434,-16.2188,4.4835,67.3786,135.3651,307.2135
421.66,-26.1293,-16.3467,5.1345,68.612,131.2515,302.546
421.68,-26.1267,-16.4552,5.7893,69.7289,126.6638,297.4657
421.7,-26.1349,-16.5324,6.4502,70.7472,121.6734,291.991
421.72,-26.2037,-16.6222,7.7321,72.3966,110.9689,280.2509
421.74,-26.2623,-16.6311,8.3423,73.0231,105.3837,274.0475
421.76,-26.3261,-16.6173,8.929,73.5151,99.7159,267.8341
421.78,-26.4059,-16.6007,9.4725,73.8703,94.3167,261.8022
421.8,-26.5003,-16.5603,9.9778,74.1441,89.0495,255.8717
421.82,-26.6638,-16.4722,10.8458,74.3495,79.9029,245.4825
421.84,-26.7316,-16.4251,11.1984,74.3525,76.1847,241.2214
421.86,-26.7952,-16.3646,11.4935,74.328,72.9785,237.5255
421.88,-26.863,-16.3047,11.7179,74.311,70.4044,234.5627
421.9,-26.9094,-16.2732,11.8715,74.329,68.8731,232.6303
421.92,-26.9575,-16.207,12.0017,74.4673,67.5002,230.6246
421.94,-26.9601,-16.1958,11.9774,74.5716,67.7177,230.7386
421.96,-26.9579,-16.2091,11.8958,74.6904,68.5318,231.6335
421.98,-26.9397,-16.2378,11.7416,74.8469,70.1093,233.3469
422,-26.9123,-16.2847,11.5457,75.0156,72.3968,235.7862
422.02,-26.8335,-16.4285,10.9968,75.3166,79.1655,242.8585
422.04,-26.783,-16.5054,10.652,75.3755,83.5172,247.4165
422.06,-26.7205,-16.583,10.2662,75.3402,88.381,252.5323
422.08,-26.6582,-16.6624,9.8309,75.1808,93.71,258.2089
422.1,-26.5993,-16.7255,9.3527,74.8748,99.1503,264.1135
422.12,-26.4765,-16.8153,8.2768,73.7926,110.3245,276.454
422.14,-26.417,-16.8317,7.6864,72.9754,115.6209,282.4903
422.16,-26.3681,-16.8115,7.0673,72.0506,120.4485,288.2663
422.18,-26.3257,-16.7531,6.4319,71.013,124.8348,293.7561
422.2,-26.2862,-16.6614,5.7944,69.8714,128.8202,298.8471
422.22,-26.2599,-16.3522,4.5306,67.5213,135.6695,308.0378
422.24,-26.2717,-16.1555,3.9162,66.3251,138.6294,312.209
422.26,-26.2982,-15.9426,3.3221,65.098,141.4191,316.0601
422.28,-26.3491,-15.714,2.7531,63.9015,144.0035,319.6052
422.3,-26.4105,-15.4878,2.2149,62.7027,146.35,322.8053
422.32,-26.5665,-15.0521,1.2597,60.5041,150.3396,328.3015
422.34,-26.6586,-14.8549,0.8517,59.502,152.0409,330.4467
422.36,-26.7545,-14.6747,0.4917,58.5667,153.5625,332.2612
422.38,-26.8497,-14.5207,0.1999,57.7808,154.8558,333.6252
422.4,-26.9406,-14.3938,-0.0356,57.1064,155.9697,334.6763
422.42,-27.0993,-14.2361,-0.3168,56.2971,157.5291,335.9627
422.44,-27.1614,-14.209,-0.3611,56.2165,157.9456,336.3372
422.46,-27.205,-14.2211,-0.3433,56.3196,158.1326,336.5024
422.48,-27.2381,-14.2592,-0.2694,56.603,158.1328,336.4354
422.5,-27.2652,-14.3453,-0.117,57.1118,157.9354,336.0218
422.52,-27.2777,-14.602,0.3421,58.5085,156.9381,334.3194
422.54,-27.2657,-14.7714,0.6566,59.4218,156.0885,333.0065
422.56,-27.2432,-14.9672,1.0197,60.4422,154.98,331.4041
422.58,-27.2018,-15.1782,1.4396,61.5909,153.5154,329.4395
422.6,-27.1499,-15.3992,1.906,62.8159,151.6883,327.1219
422.62,-27.0143,-15.8305,2.9678,65.3697,146.8535,321.076
422.64,-26.9327,-16.0329,3.55,66.6053,143.801,317.2899
422.66,-26.846,-16.2129,4.1591,67.8238,140.2366,313.0484
422.68,-26.7536,-16.3708,4.7893,68.9666,136.1293,308.2851
422.7,-26.6554,-16.5055,5.4305,69.9779,131.5135,303.007
422.72,-26.4675,-16.6798,6.7141,71.5897,120.6895,291.2157
422.74,-26.3811,-16.7231,7.3428,72.0984,114.8217,284.7988
422.76,-26.3063,-16.7307,7.9504,72.4387,108.9445,278.308
422.78,-26.2439,-16.7075,8.5275,72.6182,103.1813,271.9937
422.8,-26.193,-16.6651,9.0656,72.6397,97.8366,266.0292
422.82,-26.1339,-16.5327,10.0081,72.4594,88.7328,255.482
422.84,-26.1294,-16.4598,10.3989,72.3666,85.1067,251.0788
422.86,-26.1405,-16.3805,10.734,72.3105,81.8976,247.1459
422.88,-26.1392,-16.3138,11.0179,72.2454,79.3901,243.9378
422.9,-26.1672,-16.2548,11.2301,72.2755,77.34,241.3193
422.92,-26.2209,-16.1709,11.4788,72.5196,74.9921,237.9185
422.94,-26.2536,-16.153,11.5042,72.7521,74.7537,237.2655
422.96,-26.2812,-16.1547,11.4771,73.0126,75.1428,237.3491
422.98,-26.3039,-16.1676,11.4011,73.2939,76.0277,238.0464
423,-26.3313,-16.2009,11.2464,73.5881,77.4781,239.4728
423.02,-26.37,-16.3132,10.8014,74.0827,82.2515,244.6837
423.04,-26.3883,-16.3784,10.5006,74.2719,85.5417,248.34
423.06,-26.4007,-16.4462,10.1519,74.4006,89.5095,252.7597
423.08,-26.4239,-16.5199,9.7488,74.4473,94.107,257.9238
423.1,-26.4451,-16.5778,9.3095,74.3906,99.0145,263.4286
423.12,-26.5134,-16.6358,8.3085,73.9051,109.3153,275.3141
423.14,-26.549,-16.6284,7.7614,73.4462,114.5906,281.4484
423.16,-26.5928,-16.5966,7.1876,72.8249,119.7508,287.5206
423.18,-26.6421,-16.5391,6.5964,72.0778,124.7081,293.3605
423.2,-26.6923,-16.4579,5.9939,71.1967,129.2691,298.8313
423.22,-26.7995,-16.1998,4.7832,69.1776,137.2056,308.8081
423.24,-26.8559,-16.0391,4.1792,68.0108,140.6634,313.2775
423.26,-26.9132,-15.8515,3.5948,66.8365,143.709,317.315
423.28,-26.9711,-15.657,3.0278,65.6192,146.3867,320.9603
423.3,-27.0241,-15.4515,2.491,64.4052,148.7242,324.1973
423.32,-27.126,-15.0336,1.5262,61.9826,152.5526,329.1756
423.34,-27.1682,-14.8312,1.1106,60.8316,154.076,331.0025
423.36,-27.2041,-14.6462,0.7398,59.7234,155.3661,332.4532
423.38,-27.2282,-14.4759,0.4393,58.8013,156.3824,333.494
423.4,-27.2428,-14.3326,0.1896,58.0194,157.1392,334.3572
423.42,-27.2371,-14.149,-0.1267,56.9852,157.9649,335.1894
423.44,-27.2153,-14.1085,-0.1897,56.7741,158.0115,335.2795
423.46,-27.184,-14.1051,-0.1925,56.7375,157.8569,335.1263
423.48,-27.1437,-14.135,-0.1383,56.8571,157.5322,334.6982
423.5,-27.0893,-14.2071,-0.0123,57.1878,156.9233,333.9184
423.52,-26.9618,-14.4486,0.416,58.3266,155.1557,331.6409
423.54,-26.8861,-14.6118,0.7166,59.134,153.8997,330.13
423.56,-26.8063,-14.797,1.0714,60.0694,152.37,328.2959
423.58,-26.723,-14.995,1.4814,61.1056,150.5717,326.0407
423.6,-26.6363,-15.2035,1.9421,62.2,148.4701,323.3714
423.62,-26.4642,-15.614,3.0012,64.5599,143.2773,316.8348
423.64,-26.3777,-15.7991,3.5931,65.7981,140.0641,312.9647
423.66,-26.3015,-15.9675,4.208,66.9983,136.4121,308.7181
423.68,-26.217,-16.1182,4.851,68.1095,132.3452,303.9281
423.7,-26.15,-16.2406,5.505,69.1577,127.7357,298.7184
423.72,-26.0345,-16.4104,6.8256,70.8336,117.1411,287.1186
423.74,-25.9997,-16.457,7.4742,71.4047,111.4651,280.8647
423.76,-25.9661,-16.4861,8.1074,71.7922,105.7797,274.6371
423.78,-25.9617,-16.4933,8.7111,72.0302,100.0494,268.4518
423.8,-25.9601,-16.4895,9.2896,72.1086,94.6335,262.5325
423.82,-25.9934,-16.4482,10.3374,71.9504,84.7524,251.7747
423.84,-26.0146,-16.4124,10.796,71.7073,80.438,247.2216
423.86,-26.0413,-16.3664,11.2042,71.4311,76.6261,243.2032
423.88,-26.0671,-16.3163,11.5624,71.1474,73.4626,239.7129
423.9,-26.1009,-16.2589,11.8602,70.8931,70.8319,236.7658
423.92,-26.1596,-16.1656,12.2729,70.5613,67.3583,232.6893
423.94,-26.1836,-16.1244,12.3884,70.4761,66.3169,231.4487
423.96,-26.1908,-16.1077,12.4414,70.4737,65.9799,230.8831
423.98,-26.1993,-16.1103,12.43,70.5596,66.1107,230.8841
424,-26.2016,-16.1324,12.363,70.7179,66.7301,231.4131
424.02,-26.2009,-16.2306,12.0023,71.3366,69.9098,234.6122
424.04,-26.1971,-16.3014,11.7191,71.7362,72.5084,237.3055
424.06,-26.2001,-16.3773,11.3665,72.1772,75.8321,240.7835
424.08,-26.2007,-16.4472,10.9479,72.5965,79.9134,245.0695
424.1,-26.2042,-16.5234,10.4608,72.979,84.9453,250.3729
424.12,-26.2353,-16.6404,9.3039,73.3316,97.0659,263.3905
424.14,-26.2663,-16.6772,8.6423,73.1987,103.9184,270.8364
424.16,-26.3146,-16.684,7.9313,72.8348,111.0176,278.6234
424.18,-26.3723,-16.6629,7.1847,72.1815,118.0732,286.4196
424.2,-26.4403,-16.6145,6.4118,71.235,124.8362,293.8982
424.22,-26.6018,-16.4405,4.8277,68.5933,136.3859,307.1343
424.24,-26.6905,-16.3052,4.0456,67.0295,140.9765,312.6166
424.26,-26.78,-16.1357,3.2834,65.3573,144.8727,317.2948
424.28,-26.864,-15.9327,2.551,63.6246,148.0989,321.2858
424.3,-26.9387,-15.7073,1.8514,61.8378,150.7499,324.7066
424.32,-27.0449,-15.1843,0.6065,58.3902,154.5537,329.8167
424.34,-27.0722,-14.9037,0.0746,56.7889,155.8544,331.6761
424.36,-27.0881,-14.627,-0.3999,55.2879,156.9144,333.1932
424.38,-27.088,-14.3656,-0.7923,53.951,157.7152,334.1818
424.4,-27.0797,-14.1297,-1.1222,52.7684,158.3569,334.8712
424.42,-27.0286,-13.7737,-1.575,51.0642,159.1105,335.5919
424.44,-26.9893,-13.6701,-1.7033,50.5456,159.2395,335.6373
424.46,-26.9358,-13.6214,-1.7615,50.256,159.2066,335.441
424.48,-26.8788,-13.619,-1.7529,50.2249,159.0223,335.0838
424.5,-26.8144,-13.6652,-1.6823,50.4033,158.6737,334.5124
424.52,-26.6398,-13.9148,-1.3026,51.5579,157.2227,332.7271
424.54,-26.5418,-14.0983,-1.0101,52.4717,156.1276,331.5833
424.56,-26.4389,-14.3125,-0.6453,53.5919,154.7535,330.168
424.58,-26.33,-14.554,-0.211,54.8786,153.0581,328.4827
424.6,-26.2207,-14.8138,0.292,56.3169,151.0154,326.4478
424.62,-26.0107,-15.3629,1.4873,59.4834,145.7502,321.2517
424.64,-25.9155,-15.6363,2.1689,61.1133,142.5028,317.9549
424.66,-25.8357,-15.9012,2.8947,62.7006,138.834,314.0759
424.68,-25.7715,-16.1506,3.6557,64.2208,134.6985,309.6472
424.7,-25.7325,-16.3693,4.4429,65.6896,130.0467,304.6695
424.72,-25.7063,-16.7259,6.0492,68.1242,119.4782,293.2173
424.74,-25.7352,-16.8447,6.8422,69.0887,113.6569,286.9215
424.76,-25.7732,-16.9267,7.6182,69.8351,107.5618,280.5106
424.78,-25.8476,-16.9713,8.3638,70.4201,101.572,273.8857
424.8,-25.9443,-16.9841,9.0727,70.8612,95.7661,267.325
424.82,-26.1839,-16.9381,10.3502,71.4181,84.9733,254.828
424.84,-26.3186,-16.9008,10.9012,71.6108,80.2855,249.1931
424.86,-26.4627,-16.8446,11.3958,71.7621,75.9364,243.7273
424.88,-26.6042,-16.7933,11.8139,71.8967,72.1482,239.1465
424.9,-26.7322,-16.7304,12.1688,71.9616,68.7191,235.0137
424.92,-26.9599,-16.6269,12.6368,72.2,64.0203,229.2327
424.94,-27.0497,-16.5916,12.7551,72.3772,62.7013,227.5596
424.96,-27.1217,-16.5788,12.7922,72.5982,62.1334,226.7973
424.98,-27.1586,-16.5766,12.7664,72.801,62.2234,226.8194
425,-27.2005,-16.5907,12.6691,73.0326,62.8323,227.5918
425.02,-27.2057,-16.6835,12.2514,73.6105,66.5198,231.8674
425.04,-27.1823,-16.7603,11.9483,73.9071,69.6243,235.3234
425.06,-27.147,-16.834,11.5817,74.1797,73.4,239.5074
425.08,-27.1104,-16.9095,11.1491,74.404,77.9446,244.5944
425.1,-27.0542,-16.9773,10.6635,74.5006,83.1346,250.3714
425.12,-26.9385,-17.065,9.5307,74.3495,95.2173,263.6516
425.14,-26.8777,-17.0814,8.8965,73.9922,101.7205,270.7444
425.16,-26.8162,-17.0819,8.2193,73.4128,108.3041,277.9807
425.18,-26.762,-17.0411,7.5095,72.6292,114.4274,284.8427
425.2,-26.7015,-16.9731,6.777,71.6016,120.2486,291.3507
425.22,-26.5879,-16.7061,5.2626,69.0209,130.0376,302.8405
425.24,-26.5298,-16.5114,4.502,67.4851,134.0121,307.803
425.26,-26.4783,-16.2772,3.7552,65.8617,137.4462,312.2114
425.28,-26.4301,-16.0202,3.0323,64.1771,140.4257,316.0653
425.3,-26.3902,-15.7421,2.3441,62.4892,142.9526,319.4278
425.32,-26.3167,-15.1691,1.1012,59.1787,146.9104,324.8723
425.34,-26.2929,-14.8892,0.5566,57.6029,148.4753,326.8477
425.36,-26.2749,-14.6201,0.071,56.1029,149.8622,328.322
425.38,-26.2625,-14.373,-0.3393,54.797,150.9956,329.4066
425.4,-26.2486,-14.1509,-0.685,53.691,151.8846,330.3783
425.42,-26.213,-13.8183,-1.1677,52.1158,153.0257,331.8902
425.44,-26.1953,-13.7169,-1.3043,51.6398,153.3443,332.2379
425.46,-26.182,-13.6612,-1.3728,51.3641,153.5497,332.2574
425.48,-26.1703,-13.6562,-1.3751,51.2893,153.6115,332.0445
425.5,-26.1582,-13.7002,-1.3165,51.407,153.5338,331.6103
425.52,-26.1265,-13.9527,-0.982,52.3711,152.7747,330.0887
425.54,-26.1081,-14.1381,-0.7193,53.1791,152.0598,329.1266
425.56,-26.085,-14.3597,-0.3914,54.159,151.111,327.9201
425.58,-26.0572,-14.6086,0.0016,55.296,149.9258,326.4255
425.6,-26.0298,-14.8762,0.4515,56.5761,148.4479,324.7015
425.62,-25.966,-15.4393,1.5123,59.3635,144.5817,320.1588
425.64,-25.9348,-15.7124,2.1136,60.7988,142.2001,317.1741
425.66,-25.905,-15.9747,2.7474,62.2072,139.5135,313.798
425.68,-25.8742,-16.2197,3.4092,63.5602,136.5079,310.0379
425.7,-25.851,-16.4322,4.0932,64.8878,133.0766,305.8413
425.72,-25.8067,-16.7708,5.4945,67.2281,125.1641,296.3186
425.74,-25.8004,-16.8915,6.1877,68.2102,120.722,291.0829
425.76,-25.7887,-16.9765,6.8732,69.0402,116.0146,285.5913
425.78,-25.7972,-17.0194,7.536,69.7553,110.9978,279.9274
425.8,-25.792,-17.0429,8.1743,70.2388,105.9878,274.2441
425.82,-25.8155,-16.9957,9.3316,70.7993,96.0685,263.2993
425.84,-25.8361,-16.9418,9.8424,70.8817,91.5179,258.2917
425.86,-25.8587,-16.8812,10.2986,70.8686,87.4651,253.7808
425.88,-25.8836,-16.8001,10.7084,70.8258,83.7657,249.6019
425.9,-25.9183,-16.7322,11.0508,70.7748,80.7847,246.1207
425.92,-25.97,-16.5942,11.5606,70.7137,76.3504,240.7024
425.94,-26.0007,-16.5345,11.7175,70.7361,74.889,238.8987
425.96,-26.0274,-16.4795,11.8148,70.8063,73.9,237.6279
425.98,-26.0456,-16.4562,11.8453,70.9308,73.6313,237.1421
426,-26.0588,-16.4465,11.8223,71.0757,73.7953,237.1778
426.02,-26.0864,-16.4939,11.5939,71.51,75.7412,239.172
426.04,-26.0979,-16.5481,11.3917,71.7769,77.6559,241.2076
426.06,-26.0989,-16.6122,11.1363,72.0226,80.1866,243.8811
426.08,-26.1109,-16.6917,10.8188,72.2881,83.393,247.3161
426.1,-26.127,-16.762,10.4502,72.504,87.0085,251.2504
426.12,-26.1528,-16.9153,9.5395,72.6569,96.2566,261.4412
426.14,-26.1751,-16.9698,9.0091,72.5536,101.5125,267.2652
426.16,-26.1988,-17.0076,8.4313,72.2763,107.1055,273.4386
426.18,-26.2405,-17.0136,7.804,71.8566,112.8541,279.8523
426.2,-26.2874,-16.9872,7.1423,71.2246,118.5519,286.2191
426.22,-26.3989,-16.8107,5.7323,69.3845,129.2988,298.334
426.24,-26.4612,-16.6631,4.9963,68.164,134.1551,303.9313
426.26,-26.5262,-16.4831,4.2503,66.7714,138.5228,309.1227
426.28,-26.5881,-16.2618,3.5151,65.2855,142.3132,313.7578
426.3,-26.6502,-16.0089,2.7911,63.7221,145.5734,317.9256
426.32,-26.7515,-15.4341,1.4306,60.3933,150.7522,324.7378
426.34,-26.7949,-15.1253,0.8108,58.7056,152.7973,327.335
426.36,-26.8299,-14.8144,0.2391,57.0318,154.5343,329.4549
426.38,-26.8506,-14.5152,-0.2656,55.4823,155.8943,331.1078
426.4,-26.8618,-14.2335,-0.7122,54.0289,156.9845,332.3615
426.42,-26.8468,-13.7547,-1.3999,51.6322,158.4166,333.942
426.44,-26.8214,-13.5757,-1.6385,50.7363,158.8221,334.3167
426.46,-26.7837,-13.4482,-1.8062,50.0687,159.0192,334.471
426.48,-26.737,-13.3682,-1.9022,49.664,159.0356,334.4388
426.5,-26.6794,-13.3437,-1.9276,49.5057,158.8651,334.2482
426.52,-26.5447,-13.45,-1.7778,49.892,158.0212,333.271
426.54,-26.4615,-13.5916,-1.5864,50.4535,157.2877,332.3544
426.56,-26.3788,-13.7749,-1.3358,51.1811,156.4226,331.2097
426.58,-26.2955,-13.9936,-1.0157,52.13,155.3588,329.8045
426.6,-26.2082,-14.2518,-0.6307,53.2348,154.073,328.1378
426.62,-26.0319,-14.8323,0.3378,55.9417,150.7104,323.9988
426.64,-25.944,-15.1387,0.9145,57.4605,148.58,321.4478
426.66,-25.8615,-15.4364,1.5483,59.0596,146.1396,318.5238
426.68,-25.7847,-15.7237,2.2291,60.6708,143.3575,315.1594
426.7,-25.716,-15.9913,2.9518,62.2699,140.1861,311.3402
426.72,-25.6194,-16.4239,4.4804,65.3821,132.5288,302.426
426.74,-25.5915,-16.5939,5.2623,66.7596,128.0457,297.2123
426.76,-25.584,-16.7281,6.0436,67.9967,123.1057,291.5438
426.78,-25.592,-16.8321,6.8113,69.0436,117.8012,285.5291
426.8,-25.6126,-16.9051,7.5584,69.8833,112.1317,279.2893
426.82,-25.6992,-16.968,8.9653,70.9992,100.3896,266.5892
426.84,-25.7606,-16.9631,9.6071,71.275,94.6605,260.4115
426.86,-25.8271,-16.9329,10.2016,71.3794,89.2421,254.5524
426.88,-25.898,-16.8903,10.7354,71.3709,84.3988,249.2588
426.9,-25.9672,-16.8292,11.2061,71.2758,80.1289,244.5677
426.92,-26.1013,-16.6768,11.9338,71.0009,73.3767,237.1679
426.94,-26.1581,-16.606,12.1805,70.8859,71.1758,234.7196
426.96,-26.2056,-16.5323,12.3582,70.8308,69.451,232.7617
426.98,-26.2471,-16.4834,12.4564,70.8325,68.4748,231.5881
427,-26.2629,-16.4658,12.4831,70.9104,68.3038,231.2046
427.02,-26.284,-16.4874,12.3441,71.2157,69.3981,232.2317
427.04,-26.2662,-16.5347,12.1559,71.4403,71.0625,234.0188
427.06,-26.2431,-16.6046,11.9164,71.6824,73.2741,236.4456
427.08,-26.2026,-16.684,11.6151,71.8733,76.0815,239.5602
427.1,-26.1542,-16.7768,11.2413,72.0348,79.6933,243.5663
427.12,-26.0559,-16.9344,10.2916,72.2096,88.9202,253.6794
427.14,-26.0107,-16.9987,9.7139,72.115,94.4973,259.7956
427.16,-25.9701,-17.0365,9.0809,71.8485,100.271,266.2511
427.18,-25.938,-17.0558,8.3804,71.3658,106.3089,273.207
427.2,-25.9182,-17.0306,7.6306,70.6899,112.2607,280.2043
427.22,-25.9225,-16.8446,5.9966,68.6525,123.7942,293.9956
427.24,-25.9447,-16.6861,5.1316,67.2656,129.0995,300.5497
427.26,-25.9882,-16.4625,4.2648,65.7614,133.8916,306.5399
427.28,-26.0444,-16.2058,3.3992,64.078,138.1714,311.9803
427.3,-26.1098,-15.9089,2.559,62.2966,141.9307,316.8132
427.32,-26.2683,-15.221,1.0021,58.5718,148.0704,324.5716
427.34,-26.3505,-14.856,0.3067,56.6791,150.548,327.491
427.36,-26.4324,-14.49,-0.3266,54.8301,152.6866,329.806
427.38,-26.5104,-14.1326,-0.8736,53.1603,154.4504,331.6126
427.4,-26.5784,-13.7997,-1.349,51.638,155.8889,333.0949
427.42,-26.6776,-13.2475,-2.0568,49.2111,157.9544,335.0553
427.44,-26.7089,-13.0461,-2.2896,48.3436,158.6449,335.5923
427.46,-26.7305,-12.9015,-2.4445,47.7546,159.1333,335.9044
427.48,-26.7373,-12.8258,-2.5245,47.4411,159.3992,336.0477
427.5,-26.731,-12.8138,-2.5294,47.4221,159.4725,336.0206
427.52,-26.6861,-12.9836,-2.3372,48.115,159.0033,335.3188
427.54,-26.6451,-13.1664,-2.1259,48.8488,158.4303,334.5729
427.56,-26.5922,-13.3923,-1.8503,49.7835,157.66,333.6254
427.58,-26.5325,-13.6578,-1.51,50.9169,156.6413,332.4569
427.6,-26.4602,-13.9579,-1.1027,52.2029,155.375,330.9881
427.62,-26.2978,-14.6131,-0.0974,55.1799,152.0041,327.1052
427.64,-26.2098,-14.9552,0.4939,56.7927,149.8501,324.5934
427.66,-26.1182,-15.2985,1.139,58.4489,147.325,321.6599
427.68,-26.027,-15.6331,1.833,60.1179,144.4268,318.2943
427.7,-25.9412,-15.9515,2.5644,61.7614,141.1021,314.4554
427.72,-25.7845,-16.5123,4.1123,64.7816,133.1238,305.3238
427.74,-25.7178,-16.7365,4.9087,66.099,128.3967,300.0697
427.76,-25.6625,-16.9206,5.7023,67.2139,123.2762,294.3812
427.78,-25.6201,-17.0485,6.4837,68.1399,117.7129,288.4301
427.8,-25.5936,-17.1287,7.2426,68.859,111.9517,282.2757
427.82,-25.5904,-17.1783,8.6492,69.697,100.9699,270.0368
427.84,-25.6188,-17.1604,9.2783,69.9216,95.9085,264.3251
427.86,-25.6549,-17.1188,9.8558,70.0459,91.2343,258.9882
427.88,-25.6985,-17.0729,10.3702,70.0905,87.0787,254.1804
427.9,-25.7579,-17.0188,10.8129,70.1091,83.4089,249.9436
427.92,-25.8585,-16.8859,11.4938,70.1144,77.6175,243.1392
427.94,-25.9007,-16.8325,11.72,70.124,75.712,240.8512
427.96,-25.9283,-16.7877,11.8712,70.1676,74.4978,239.2646
427.98,-25.9702,-16.7449,11.9442,70.274,73.7143,238.2575
428,-25.9835,-16.7266,11.9506,70.3925,73.6814,238.043
428.02,-26.009,-16.7575,11.7559,70.7145,75.1958,239.6427
428.04,-25.994,-16.8058,11.5522,70.8989,77.0268,241.6748
428.06,-25.9848,-16.8707,11.2845,71.0578,79.3956,244.4
428.08,-25.9737,-16.9287,10.9514,71.2335,82.2239,247.6555
428.1,-25.9606,-17.0018,10.5439,71.3696,85.9454,251.8869
428.12,-25.9291,-17.1076,9.5413,71.4188,95.0647,262.1323
428.14,-25.9299,-17.1397,8.9429,71.2787,100.4165,268.1172
428.16,-25.943,-17.1423,8.2905,70.992,106.043,274.4059
428.18,-25.9715,-17.1117,7.5866,70.5277,111.9349,280.9606
428.2,-26.0125,-17.0362,6.8432,69.8636,117.8704,287.463
428.22,-26.123,-16.7742,5.2586,67.8042,129.3052,300.2164
428.24,-26.1933,-16.5683,4.4446,66.4837,134.3044,305.9893
428.26,-26.2681,-16.3247,3.6313,64.9757,138.8144,311.2721
428.28,-26.3484,-16.0448,2.8339,63.319,142.8091,315.9219
428.3,-26.4236,-15.7397,2.0638,61.5355,146.2531,319.9462
428.32,-26.5562,-15.0832,0.6579,57.7712,151.6747,325.8032
428.34,-26.6096,-14.7428,0.0426,55.9235,153.6791,327.7466
428.36,-26.6454,-14.4124,-0.5092,54.1551,155.2875,329.3055
428.38,-26.659,-14.1023,-0.976,52.6104,156.4215,330.5286
428.4,-26.6547,-13.8216,-1.3748,51.2537,157.2469,331.5784
428.42,-26.6012,-13.3842,-1.9493,49.16,158.1444,332.7706
428.44,-26.5578,-13.2423,-2.1261,48.4258,158.3204,332.858
428.46,-26.5016,-13.1591,-2.2294,47.9358,158.3119,332.7
428.48,-26.4338,-13.1372,-2.2621,47.7375,158.0905,332.4539
428.5,-26.3594,-13.1749,-2.2293,47.7896,157.692,332.1018
428.52,-26.1705,-13.4301,-1.9335,48.6107,156.2704,330.4416
428.54,-26.0686,-13.629,-1.6799,49.3575,155.2665,329.2994
428.56,-25.9598,-13.8693,-1.353,50.3282,154.0349,327.9428
428.58,-25.8494,-14.1399,-0.955,51.506,152.5683,326.3752
428.6,-25.7358,-14.4361,-0.4888,52.8399,150.852,324.5668
428.62,-25.5152,-15.0752,0.6318,55.8356,146.6086,319.9316
428.64,-25.4117,-15.3959,1.2778,57.4377,144.0073,317.0332
428.66,-25.318,-15.7071,1.9702,59.0565,141.0582,313.7683
428.68,-25.2328,-16.0003,2.7034,60.6487,137.706,310.0365
428.7,-25.1574,-16.2664,3.4681,62.1751,133.9142,305.9029
428.72,-25.0592,-16.6919,5.0451,64.8725,124.9843,296.285
428.74,-25.0392,-16.8441,5.834,65.9647,119.9647,290.9255
428.76,-25.0385,-16.9482,6.6121,66.8722,114.6631,285.2301
428.78,-25.0559,-17.0181,7.3643,67.5817,109.3346,279.493
428.8,-25.0924,-17.0557,8.0808,68.0974,103.9662,273.792
428.82,-25.2334,-17.0497,9.3815,68.7465,93.9177,262.8204
428.84,-25.3234,-17.0206,9.9522,68.9278,89.4104,257.8687
428.86,-25.4136,-16.9767,10.4684,69.0234,85.246,253.2596
428.88,-25.5113,-16.9228,10.9167,69.079,81.5635,249.1776
428.9,-25.6078,-16.8617,11.298,69.1324,78.3968,245.6175
428.92,-25.7863,-16.7489,11.8368,69.2887,73.9133,240.4205
428.94,-25.8591,-16.6947,11.9989,69.4246,72.5152,238.6726
428.96,-25.9273,-16.6562,12.0877,69.5904,71.6975,237.5757
428.98,-25.9818,-16.6342,12.1053,69.8192,71.49,237.1493
429,-26.0208,-16.6398,12.0588,70.0492,71.8704,237.4437
429.02,-26.0689,-16.696,11.7779,70.5649,73.9973,239.7226
429.04,-26.0726,-16.7566,11.5504,70.8097,75.932,241.8499
429.06,-26.0576,-16.8362,11.2677,71.0262,78.539,244.7093
429.08,-26.0445,-16.9164,10.9258,71.2081,81.5816,248.1335
429.1,-26.019,-16.996,10.5289,71.304,85.1597,252.2251
429.12,-25.9553,-17.1222,9.5574,71.2301,93.8273,262.1581
429.14,-25.9347,-17.1405,8.992,71.0339,98.5538,267.6684
429.16,-25.9033,-17.1386,8.3815,70.6679,103.601,273.507
429.18,-25.8797,-17.1026,7.731,70.1434,108.7461,279.4173
429.2,-25.8678,-17.036,7.0449,69.4705,113.8643,285.3558
429.22,-25.8685,-16.809,5.6089,67.655,123.5721,296.7969
429.24,-25.8813,-16.655,4.877,66.5297,128.0354,302.0945
429.26,-25.9052,-16.4736,4.1486,65.2754,132.1319,306.8631
429.28,-25.9327,-16.2555,3.4355,63.9541,135.7382,311.2249
429.3,-25.966,-16.0129,2.7406,62.5302,139.0084,315.1214
429.32,-26.0299,-15.4516,1.4535,59.5515,144.4149,321.4962
429.34,-26.061,-15.1571,0.8742,58.0288,146.6373,323.9611
429.36,-26.0945,-14.8601,0.343,56.5605,148.5358,326.0033
429.38,-26.1184,-14.5835,-0.1195,55.196,150.0825,327.5869
429.4,-26.1409,-14.3226,-0.522,53.9691,151.3673,328.8788
429.42,-26.1698,-13.9092,-1.1303,51.9653,153.2397,330.4783
429.44,-26.1773,-13.7656,-1.331,51.2602,153.8558,330.8172
429.46,-26.1732,-13.6722,-1.4603,50.7766,154.2419,331.0013
429.48,-26.1626,-13.6276,-1.5206,50.5502,154.4059,331.0691
429.5,-26.1436,-13.6342,-1.5126,50.5596,154.3473,330.9958
429.52,-26.0841,-13.8003,-1.2923,51.2251,153.6248,330.132
429.54,-26.0496,-13.9492,-1.0818,51.8652,152.9632,329.2783
429.56,-26.0058,-14.1416,-0.808,52.6487,152.1054,328.1925
429.58,-25.9608,-14.3623,-0.4718,53.6302,151.0002,326.9
429.6,-25.9098,-14.6147,-0.0738,54.7355,149.6638,325.311
429.62,-25.8093,-15.1704,0.8986,57.2944,146.2306,321.0716
429.64,-25.756,-15.4673,1.4642,58.6877,144.0069,318.4687
429.66,-25.7043,-15.7569,2.0811,60.1447,141.4136,315.5231
429.68,-25.6564,-16.0407,2.7371,61.5774,138.4552,312.1555
429.7,-25.6152,-16.3037,3.4302,62.9803,135.121,308.3149
429.72,-25.5506,-16.7536,4.8817,65.5604,127.1711,299.4975
429.74,-25.5268,-16.9273,5.6245,66.6664,122.5006,294.4646
429.76,-25.5143,-17.0634,6.3606,67.5927,117.4977,289.1177
429.78,-25.5115,-17.1575,7.0838,68.3314,112.1931,283.5823
429.8,-25.5258,-17.2204,7.7839,68.8894,106.8958,277.8489
429.82,-25.585,-17.2528,9.0912,69.5571,96.7211,266.4966
429.84,-25.6284,-17.2282,9.6813,69.7131,92.0111,261.1328
429.86,-25.6818,-17.1819,10.216,69.7901,87.6271,256.1896
429.88,-25.7306,-17.1183,10.6939,69.7628,83.6785,251.7486
429.9,-25.7829,-17.0305,11.1097,69.6824,80.0945,247.7577
429.92,-25.8675,-16.8531,11.7358,69.4662,74.7753,241.6726
429.94,-25.8949,-16.7802,11.9443,69.3937,73.152,239.6298
429.96,-25.9266,-16.7121,12.0834,69.3699,71.9195,238.0703
429.98,-25.9368,-16.664,12.1606,69.3847,71.3143,237.1805
430,-25.9376,-16.6404,12.1745,69.425,71.1827,236.911
430.02,-25.9266,-16.6672,12.02,69.631,72.3768,238.1832
430.04,-25.9042,-16.7187,11.8378,69.7879,73.945,239.8847
430.06,-25.8766,-16.7788,11.6143,69.9356,75.8669,241.9791
430.08,-25.8442,-16.8597,11.3306,70.0732,78.3542,244.713
430.1,-25.8118,-16.9408,10.9963,70.1899,81.2194,247.9229
430.12,-25.7336,-17.104,10.1672,70.2877,88.4004,256.1023
430.14,-25.7012,-17.1739,9.6698,70.2266,92.6411,260.9287
430.16,-25.6795,-17.2255,9.1164,70.1072,97.2934,266.2198
430.18,-25.6632,-17.2567,8.5115,69.8242,102.1967,271.8283
430.2,-25.6632,-17.2488,7.8613,69.4496,107.2464,277.671
430.22,-25.698,-17.1373,6.4422,68.1913,117.5138,289.7428
430.24,-25.7391,-17.0236,5.6922,67.3109,122.4829,295.6349
430.26,-25.7933,-16.8702,4.9317,66.281,127.1684,301.268
430.28,-25.8583,-16.6865,4.1635,65.0725,131.6081,306.5758
430.3,-25.94,-16.4701,3.398,63.7295,135.7249,311.4457
430.32,-26.1091,-15.9347,1.9446,60.792,142.631,319.6174
430.34,-26.1938,-15.6311,1.272,59.2284,145.447,322.8889
430.36,-26.2734,-15.3114,0.6472,57.6475,147.8976,325.6315
430.38,-26.345,-14.9871,0.0888,56.0972,149.9724,327.7559
430.4,-26.4152,-14.6661,-0.4126,54.624,151.757,329.4719
430.42,-26.5162,-14.095,-1.21,52.0685,154.4693,331.855
430.44,-26.5509,-13.8605,-1.5076,51.0708,155.4331,332.675
430.46,-26.5714,-13.6761,-1.7387,50.2449,156.1736,333.2208
430.48,-26.5818,-13.5399,-1.9022,49.6383,156.7139,333.5067
430.5,-26.5799,-13.4614,-2.0005,49.229,157.0539,333.5108
430.52,-26.5365,-13.4738,-2.0052,49.0861,157.1008,333.0031
430.54,-26.4921,-13.5588,-1.9164,49.3396,156.7837,332.5357
430.56,-26.4239,-13.7109,-1.7409,49.8797,156.1371,331.7765
430.58,-26.3475,-13.8937,-1.5096,50.5897,155.2733,330.7936
430.6,-26.2569,-14.1162,-1.2115,51.4534,154.1363,329.5219
430.62,-26.0454,-14.632,-0.4056,53.6902,150.9937,325.9865
430.64,-25.929,-14.9148,0.0991,55.015,148.9294,323.7727
430.66,-25.8102,-15.2065,0.6684,56.4347,146.5233,321.2218
430.68,-25.6903,-15.4993,1.3032,57.9301,143.7624,318.2079
430.7,-25.5823,-15.7852,1.9887,59.4624,140.6098,314.8136
430.72,-25.391,-16.3153,3.4943,62.4643,133.0645,306.7251
430.74,-25.3253,-16.5472,4.29,63.8322,128.6985,301.9034
430.76,-25.2796,-16.7453,5.1035,65.0868,123.9704,296.6158
430.78,-25.2553,-16.9065,5.9217,66.1785,118.8257,290.8687
430.8,-25.2473,-17.025,6.7352,67.0936,113.3807,284.8201
430.82,-25.2913,-17.1465,8.2791,68.2608,101.9124,272.6606
430.84,-25.3383,-17.1419,9.0029,68.5538,96.1932,266.5607
430.86,-25.4008,-17.1103,9.6754,68.6769,90.7738,260.8294
430.88,-25.4799,-17.0517,10.2911,68.6638,85.7054,255.4484
430.9,-25.5692,-16.9737,10.8421,68.587,81.1825,250.5818
430.92,-25.749,-16.7991,11.7374,68.3301,74.0424,242.5904
430.94,-25.8334,-16.715,12.0743,68.2432,71.413,239.4982
430.96,-25.9214,-16.6403,12.3314,68.2302,69.3146,236.9698
430.98,-25.9946,-16.5872,12.5121,68.2588,67.8508,235.1947
431,-26.0582,-16.5422,12.6215,68.3645,66.8443,233.9285
431.02,-26.1455,-16.5418,12.6143,68.7872,66.6461,233.4682
431.04,-26.167,-16.5847,12.5076,69.1023,67.5109,234.2624
431.06,-26.1789,-16.657,12.2975,69.495,69.1663,235.9177
431.08,-26.1794,-16.7351,12.0303,69.8795,71.3189,238.1855
431.1,-26.1644,-16.8251,11.6896,70.2549,74.2449,241.3395
431.12,-26.1269,-16.9914,10.7954,70.9096,81.9604,249.9127
431.14,-26.098,-17.0596,10.2504,71.095,86.8858,255.2892
431.16,-26.0798,-17.1153,9.6373,71.1889,92.4842,261.3391
431.18,-26.0672,-17.1495,8.968,71.0939,98.5595,267.8986
431.2,-26.0622,-17.1531,8.2494,70.7984,104.8611,274.7546
431.22,-26.0865,-17.0558,6.6939,69.4876,117.3844,288.6407
431.24,-26.1139,-16.9453,5.8818,68.4852,123.214,295.2237
431.26,-26.1478,-16.796,5.0619,67.2523,128.6183,301.3203
431.28,-26.1926,-16.6033,4.2425,65.835,133.3968,306.8089
431.3,-26.237,-16.3749,3.4415,64.2768,137.601,311.6988
431.32,-26.3201,-15.8473,1.9225,60.8674,144.1936,319.7372
431.34,-26.3544,-15.5531,1.2288,59.1399,146.6801,322.8835
431.36,-26.3848,-15.244,0.5832,57.4616,148.6875,325.657
431.38,-26.4007,-14.9365,0.0058,55.8509,150.2912,327.9258
431.4,-26.411,-14.6356,-0.5136,54.3066,151.5791,329.7563
431.42,-26.4202,-14.0718,-1.344,51.628,153.5052,332.1544
431.44,-26.4152,-13.8315,-1.6513,50.5542,154.1889,332.8802
431.46,-26.4045,-13.6347,-1.8903,49.6784,154.7069,333.3939
431.48,-26.3887,-13.485,-2.0613,49.0356,155.0583,333.73
431.5,-26.3666,-13.3884,-2.1631,48.6225,155.2738,333.8421
431.52,-26.311,-13.3618,-2.1706,48.4845,155.273,333.4332
431.54,-26.2774,-13.4261,-2.0854,48.731,155.0457,332.8844
431.56,-26.2319,-13.5629,-1.9104,49.2288,154.6232,332.0837
431.58,-26.1859,-13.7369,-1.6836,49.9369,154.0047,331.1741
431.6,-26.1326,-13.9557,-1.393,50.8382,153.1618,330.0961
431.62,-26.0115,-14.4827,-0.6249,53.1573,150.7154,327.2497
431.64,-25.947,-14.7779,-0.1521,54.482,149.1078,325.3318
431.66,-25.8818,-15.0851,0.3768,55.8611,147.2449,323.0132
431.68,-25.8234,-15.3943,0.9562,57.3234,145.055,320.3578
431.7,-25.7584,-15.704,1.5896,58.8359,142.4946,317.4139
431.72,-25.6424,-16.2826,2.9752,61.88,136.1714,310.5239
431.74,-25.5934,-16.543,3.7097,63.2684,132.4422,306.4047
431.76,-25.56,-16.7692,4.4589,64.5658,128.3418,301.8806
431.78,-25.5363,-16.9636,5.2105,65.7131,123.9476,297.0092
431.8,-25.5233,-17.1207,5.956,66.6942,119.1719,291.8707
431.82,-25.5415,-17.3372,7.3961,68.1507,109.4357,280.9538
431.84,-25.5644,-17.3963,8.0779,68.6498,104.4305,275.4409
431.86,-25.5855,-17.4342,8.7187,68.931,99.4814,270.1291
431.88,-25.6261,-17.4265,9.3161,69.1034,94.5612,264.9451
431.9,-25.6659,-17.4013,9.8558,69.1409,90.1497,260.2672
431.92,-25.7494,-17.287,10.7538,68.9701,82.816,252.3219
431.94,-25.7896,-17.208,11.1048,68.8535,79.9582,249.1719
431.96,-25.8275,-17.1299,11.3837,68.739,77.6736,246.6355
431.98,-25.8608,-17.0529,11.5939,68.678,75.9705,244.6716
432,-25.8832,-16.9948,11.7345,68.6621,74.9254,243.3428
432.02,-25.9143,-16.9158,11.8223,68.8035,74.2602,242.1441
432.04,-25.9181,-16.9139,11.7755,68.9469,74.6372,242.3713
432.06,-25.9138,-16.9285,11.6732,69.1189,75.443,243.1456
432.08,-25.9025,-16.9746,11.4858,69.3111,76.8928,244.7082
432.1,-25.8772,-17.0313,11.248,69.5023,78.828,246.8222
432.12,-25.825,-17.1478,10.5642,69.8316,84.4311,253.0858
432.14,-25.7976,-17.2133,10.1092,69.9435,88.372,257.3968
432.16,-25.7758,-17.266,9.5883,69.9821,92.9149,262.3068
432.18,-25.7527,-17.3113,9.0057,69.8806,97.9365,267.7318
432.2,-25.7569,-17.3493,8.3506,69.6496,103.4392,273.7335
432.22,-25.7874,-17.3335,6.8846,68.5671,114.7662,286.2803
432.24,-25.823,-17.2714,6.0849,67.68,120.3211,292.5692
432.26,-25.8576,-17.1708,5.2592,66.5384,125.5883,298.6192
432.28,-25.9023,-17.0179,4.4227,65.2156,130.3118,304.2069
432.3,-25.947,-16.8147,3.5876,63.7161,134.5137,309.3016
432.32,-26.0314,-16.2723,1.9706,60.3138,141.4006,317.8846
432.34,-26.0684,-15.9437,1.2134,58.5175,144.1123,321.3817
432.36,-26.0967,-15.5911,0.5011,56.6932,146.4373,324.4171
432.38,-26.1249,-15.2196,-0.152,54.8899,148.4199,326.9229
432.4,-26.1499,-14.8431,-0.7471,53.1216,150.1391,328.9341
432.42,-26.1881,-14.1279,-1.7429,49.8599,152.8519,331.7476
432.44,-26.1988,-13.8124,-2.1363,48.4549,153.8837,332.6292
432.46,-26.2034,-13.5398,-2.4605,47.2387,154.7241,333.2679
432.48,-26.1992,-13.3184,-2.7139,46.2421,155.3754,333.6936
432.5,-26.1911,-13.1538,-2.9006,45.4696,155.8655,333.8801
432.52,-26.1483,-13.0154,-3.0661,44.624,156.3502,333.4982
432.54,-26.116,-13.0395,-3.0488,44.5857,156.3182,333.0479
432.56,-26.0741,-13.1154,-2.9699,44.8139,156.0911,332.5162
432.58,-26.0103,-13.2729,-2.8,45.333,155.5925,331.8297
432.6,-25.9409,-13.4696,-2.5709,46.1015,154.8713,330.977
432.62,-25.7765,-13.9899,-1.9099,48.249,152.6952,328.7648
432.64,-25.685,-14.2995,-1.4785,49.5743,151.2298,327.2731
432.66,-25.5904,-14.6329,-0.983,51.0195,149.5008,325.4814
432.68,-25.4931,-14.9799,-0.4224,52.5781,147.4852,323.3817
432.7,-25.3993,-15.3334,0.197,54.2166,145.1548,320.9295
432.72,-25.2181,-16.0255,1.5965,57.5856,139.3975,314.9136
432.74,-25.1356,-16.3476,2.3602,59.2233,135.8578,311.3478
432.76,-25.0643,-16.6346,3.1584,60.786,131.8713,307.2918
432.78,-25.0092,-16.8846,3.9763,62.1945,127.5038,302.7023
432.8,-24.9732,-17.0989,4.7999,63.4165,122.8681,297.7395
432.82,-24.9623,-17.3812,6.4359,65.3904,112.7162,286.9849
432.84,-24.9921,-17.4579,7.2233,66.1137,107.4092,281.4059
432.86,-25.0299,-17.5037,7.9768,66.6323,102.194,275.8974
432.88,-25.1063,-17.5092,8.6782,67.039,97.1219,270.5004
432.9,-25.1822,-17.4887,9.3328,67.302,92.4302,265.3304
432.92,-25.3728,-17.3862,10.455,67.5863,84.2333,256.063
432.94,-25.4674,-17.3072,10.918,67.6447,80.7467,252.1229
432.96,-25.5668,-17.23,11.3002,67.6917,77.8611,248.8165
432.98,-25.6565,-17.1464,11.6111,67.7456,75.4744,245.9972
433,-25.7406,-17.0704,11.8441,67.8494,73.6783,243.792
433.02,-25.8826,-16.9611,12.0828,68.1923,71.6907,241.1305
433.04,-25.9299,-16.9484,12.09,68.4319,71.6555,240.8561
433.06,-25.9696,-16.9456,12.038,68.6875,71.9333,241.0283
433.08,-25.9963,-16.9744,11.9169,68.9769,72.8464,241.9184
433.1,-26.012,-17.0245,11.7164,69.291,74.3669,243.4717
433.12,-25.9984,-17.1882,11.1461,69.8058,79.1432,248.6493
433.14,-25.9802,-17.2803,10.7661,70.0181,82.4218,252.2867
433.16,-25.9551,-17.373,10.3231,70.1241,86.2311,256.4995
433.18,-25.9325,-17.4577,9.8195,70.1584,90.5884,261.3083
433.2,-25.9095,-17.5318,9.2604,70.0857,95.3289,266.5842
433.22,-25.8592,-17.6205,7.9931,69.4178,105.4172,278.0754
433.24,-25.8424,-17.6014,7.3007,68.8281,110.3051,283.8813
433.26,-25.823,-17.5486,6.5774,68.0415,115.106,289.6465
433.28,-25.802,-17.4559,5.8373,67.0742,119.7549,295.2155
433.3,-25.7966,-17.3125,5.0906,65.9768,124.1058,300.364
433.32,-25.8084,-16.9124,3.6226,63.4126,131.8512,309.3007
433.34,-25.8171,-16.6674,2.9228,62.0041,135.1462,313.028
433.36,-25.8221,-16.4021,2.2547,60.5664,138.0319,316.3857
433.38,-25.8372,-16.1139,1.6299,59.1273,140.5876,319.2601
433.4,-25.8486,-15.8237,1.0491,57.6883,142.8352,321.6896
433.42,-25.8733,-15.2527,0.0423,54.908,146.5128,325.2066
433.44,-25.8828,-14.9892,-0.3735,53.6534,147.9422,326.4216
433.46,-25.8871,-14.7523,-0.7254,52.5474,149.1142,327.3741
433.48,-25.8876,-14.5472,-1.0121,51.6149,150.0456,328.0666
433.5,-25.8835,-14.3812,-1.2335,50.8511,150.754,328.4616
433.52,-25.8602,-14.179,-1.477,49.9218,151.5459,328.6484
433.54,-25.8382,-14.1494,-1.4966,49.7952,151.6226,328.4839
433.56,-25.8126,-14.1683,-1.4558,49.8833,151.4858,328.2132
433.58,-25.7825,-14.2308,-1.354,50.176,151.1505,327.7592
433.6,-25.7425,-14.3522,-1.1664,50.7173,150.5505,327.0065
433.62,-25.6604,-14.6988,-0.6311,52.253,148.7795,324.9495
433.64,-25.6158,-14.9206,-0.2716,53.2429,147.5534,323.5316
433.66,-25.5706,-15.1644,0.149,54.3726,146.0755,321.836
433.68,-25.5251,-15.4231,0.6286,55.6214,144.3275,319.8709
433.7,-25.4814,-15.692,1.1615,56.9586,142.28,317.6668
433.72,-25.4035,-16.2134,2.3779,59.8224,137.1169,312.3239
433.74,-25.3739,-16.4546,3.0448,61.25,134.0062,309.1067
433.76,-25.354,-16.6697,3.741,62.6452,130.4673,305.4579
433.78,-25.3466,-16.8625,4.4486,63.9262,126.5813,301.4723
433.8,-25.3475,-17.0161,5.168,65.0982,122.314,297.066
433.82,-25.3843,-17.2146,6.5824,66.9539,112.9482,287.4937
433.84,-25.4319,-17.2516,7.2635,67.6753,108.0213,282.3386
433.86,-25.4872,-17.269,7.9133,68.2162,103.2482,277.2185
433.88,-25.5612,-17.2529,8.5308,68.6473,98.5077,272.1187
433.9,-25.6431,-17.2225,9.1047,68.9552,94.0068,267.2504
433.92,-25.824,-17.1211,10.1197,69.3362,85.8553,258.2731
433.94,-25.9178,-17.0686,10.5442,69.4309,82.4217,254.4354
433.96,-26.0094,-17.0117,10.9088,69.5103,79.419,251.0049
433.98,-26.0954,-16.9554,11.2139,69.579,76.8925,248.0755
434,-26.1722,-16.9159,11.449,69.6509,74.9574,245.7782
434.02,-26.2807,-16.8494,11.7287,69.8176,72.6084,242.8598
434.04,-26.3153,-16.8376,11.765,69.9552,72.2818,242.3875
434.06,-26.334,-16.8347,11.7372,70.0921,72.4737,242.4993
434.08,-26.336,-16.8469,11.6514,70.2388,73.1908,243.175
434.1,-26.3272,-16.874,11.4751,70.4426,74.727,244.7354
434.12,-26.2713,-16.9521,10.9594,70.7781,79.2978,249.5141
434.14,-26.2321,-16.9917,10.6092,70.9248,82.4829,252.8625
434.16,-26.1742,-17.0257,10.2094,71.0008,86.1886,256.6916
434.18,-26.1372,-17.0554,9.7442,71.0317,90.3899,261.1422
434.2,-26.0901,-17.0697,9.2338,70.9722,95.0525,266.0466
434.22,-26.0299,-17.0454,8.0692,70.478,105.171,276.7955
434.24,-26.0147,-16.9901,7.433,70.0341,110.4327,282.3777
434.26,-26.01,-16.9035,6.7619,69.4026,115.7237,287.9869
434.28,-26.0255,-16.7809,6.0629,68.6159,120.8813,293.5356
434.3,-26.0491,-16.6208,5.3464,67.6515,125.8217,298.9268
434.32,-26.145,-16.1753,3.904,65.337,134.601,308.6678
434.34,-26.2073,-15.906,3.2005,64.0106,138.4242,312.9796
434.36,-26.2865,-15.6157,2.5168,62.5944,141.9338,316.8525
434.38,-26.3738,-15.3132,1.878,61.116,145.0704,320.0648
434.4,-26.4681,-15.0124,1.2803,59.6199,147.8432,322.8129
434.42,-26.6589,-14.4472,0.2575,56.8413,152.2295,327.049
434.44,-26.7459,-14.2087,-0.1593,55.6274,153.871,328.6534
434.46,-26.8232,-14.0093,-0.5084,54.5994,155.1608,330.0113
434.48,-26.8876,-13.8548,-0.7877,53.763,156.1415,331.1058
434.5,-26.942,-13.7476,-0.9969,53.1065,156.8606,331.7964
434.52,-27.0068,-13.6754,-1.1935,52.4146,157.5392,332.1604
434.54,-27.0135,-13.7087,-1.1831,52.4128,157.4864,331.9993
434.56,-27.0047,-13.7759,-1.1026,52.6448,157.221,331.5764
434.58,-26.9763,-13.9055,-0.9261,53.154,156.6338,330.7995
434.6,-26.9331,-14.0612,-0.6853,53.8812,155.8246,329.8543
434.62,-26.8017,-14.4747,0.0078,55.8954,153.3659,327.0601
434.64,-26.7183,-14.7226,0.4539,57.1285,151.6755,325.1915
434.66,-26.6272,-14.9861,0.9642,58.5023,149.6391,322.9691
434.68,-26.5248,-15.2588,1.5364,59.9659,147.2011,320.3392
434.7,-26.4209,-15.5323,2.162,61.481,144.2752,317.2559
434.72,-26.206,-16.0561,3.545,64.4207,136.8493,309.5188
434.74,-26.1041,-16.2878,4.2891,65.764,132.3264,304.7894
434.76,-26.0111,-16.4922,5.0528,66.9495,127.2472,299.4654
434.78,-25.9218,-16.6687,5.8276,67.9367,121.6657,293.6623
434.8,-25.8499,-16.806,6.5999,68.7135,115.6116,287.4811
434.82,-25.7327,-16.9643,8.1005,69.4795,102.985,274.6855
434.84,-25.6915,-16.9857,8.8087,69.5055,96.9208,268.4387
434.86,-25.6734,-16.9654,9.4744,69.3797,91.211,262.5115
434.88,-25.6738,-16.9138,10.0879,69.1362,85.9979,257.0452
434.9,-25.683,-16.8531,10.6393,68.845,81.6197,252.2958
434.92,-25.7388,-16.6655,11.556,68.2481,74.4319,244.2033
434.94,-25.7725,-16.5688,11.9102,67.9945,71.7658,241.0868
434.96,-25.7958,-16.4736,12.2048,67.783,69.6052,238.4444
434.98,-25.8398,-16.4055,12.4144,67.6812,67.9722,236.4685
435,-25.8711,-16.3451,12.5637,67.6124,66.7875,234.9599
435.02,-25.9051,-16.3009,12.6519,67.728,66.0651,233.8111
435.04,-25.9142,-16.3072,12.6014,67.865,66.3679,234.0733
435.06,-25.918,-16.3458,12.4781,68.0743,67.2252,234.9888
435.08,-25.91,-16.4069,12.2844,68.3601,68.7809,236.6289
435.1,-25.8971,-16.4732,12.0435,68.653,70.6855,238.646
435.12,-25.8715,-16.659,11.3787,69.3364,76.2758,244.5864
435.14,-25.8642,-16.7547,10.9608,69.7056,79.9373,248.4529
435.16,-25.8528,-16.8486,10.4896,69.9963,84.0861,252.898
435.18,-25.852,-16.9279,9.9602,70.209,88.649,257.9403
435.2,-25.8602,-16.9791,9.3796,70.3338,93.5772,263.4415
435.22,-25.9239,-16.9792,8.0564,70.1717,104.7663,275.7458
435.24,-25.975,-16.9179,7.3277,69.8005,110.7555,282.3287
435.26,-26.046,-16.8022,6.5705,69.2627,116.6037,288.907
435.28,-26.1338,-16.6478,5.7865,68.5104,122.4034,295.4993
435.3,-26.2355,-16.4589,4.9899,67.5486,127.9634,301.8833
435.32,-26.4899,-15.9832,3.4013,65.1005,137.9432,313.3214
435.34,-26.6306,-15.7176,2.6279,63.6043,142.2741,318.1815
435.36,-26.7737,-15.4345,1.8846,61.9862,146.0783,322.3097
435.38,-26.912,-15.1367,1.1913,60.3118,149.2872,325.7552
435.4,-27.035,-14.8366,0.5478,58.6389,151.9124,328.6752
435.42,-27.2264,-14.253,-0.5491,55.5468,155.5721,333.1198
435.44,-27.2843,-13.9935,-0.9919,54.1973,156.7316,334.7505
435.46,-27.3218,-13.7618,-1.3643,53.0325,157.5189,336.0431
435.48,-27.334,-13.565,-1.6574,52.0675,158.0124,336.9386
435.5,-27.3253,-13.4142,-1.8776,51.3034,158.2426,337.5128
435.52,-27.2536,-13.2542,-2.0943,50.4783,158.0681,337.8128
435.54,-27.197,-13.2542,-2.0934,50.3912,157.7432,337.4832
435.56,-27.1324,-13.3013,-2.0273,50.524,157.2904,336.9447
435.58,-27.0434,-13.4171,-1.8751,50.9223,156.5571,336.0612
435.6,-26.9519,-13.5724,-1.6553,51.5554,155.7015,335.0069
435.62,-26.7371,-14.0192,-1.006,53.3938,153.314,332.0783
435.64,-26.618,-14.2905,-0.5763,54.6104,151.6703,330.2398
435.66,-26.4887,-14.5856,-0.0762,55.9572,149.6962,328.0388
435.68,-26.3539,-14.8952,0.4887,57.4017,147.2937,325.4526
435.7,-26.2147,-15.2066,1.1187,58.9399,144.4179,322.4925
435.72,-25.9456,-15.8168,2.5352,61.9857,137.121,315.1017
435.74,-25.8255,-16.106,3.3039,63.3542,132.7888,310.5611
435.76,-25.7211,-16.3726,4.1008,64.5828,128.0255,305.4535
435.78,-25.6357,-16.6111,4.9135,65.6469,122.9122,299.8604
435.8,-25.569,-16.8141,5.7325,66.5334,117.4799,293.8672
435.82,-25.4919,-17.1059,7.3323,67.6765,106.1535,281.4322
435.84,-25.4788,-17.1806,8.0931,67.9489,100.4191,275.2909
435.86,-25.4741,-17.2255,8.8117,68.0194,94.9506,269.5114
435.88,-25.4899,-17.22,9.4899,67.9643,89.7758,263.9293
435.9,-25.5083,-17.1946,10.1097,67.7858,85.1332,258.8694
435.92,-25.5847,-17.0635,11.1604,67.3202,77.4316,250.163
435.94,-25.6288,-16.9706,11.5849,67.085,74.3532,246.5599
435.96,-25.6661,-16.8923,11.927,66.8713,71.9791,243.7297
435.98,-25.7019,-16.7954,12.2035,66.6934,69.919,241.2531
436,-25.7197,-16.7235,12.4043,66.5621,68.5698,239.5054
436.02,-25.7476,-16.6249,12.5743,66.5609,67.3642,237.6458
436.04,-25.7406,-16.6061,12.5599,66.6537,67.5212,237.5999
436.06,-25.727,-16.6073,12.4861,66.7806,68.0297,238.0135
436.08,-25.7075,-16.641,12.3277,66.9934,69.1321,239.0899
436.1,-25.6823,-16.6991,12.1091,67.2592,70.7876,240.7615
436.12,-25.6009,-16.8738,11.4715,67.8398,75.8571,245.9738
436.14,-25.5675,-16.9565,11.0376,68.1539,79.2574,249.5893
436.16,-25.5346,-17.0348,10.5241,68.4275,83.3598,253.9674
436.18,-25.5059,-17.0945,9.9334,68.6168,88.1202,259.0506
436.2,-25.5033,-17.1188,9.2648,68.7107,93.3372,264.7719
436.22,-25.5299,-17.0512,7.7383,68.4056,105.1656,277.8361
436.24,-25.5831,-16.9405,6.8943,67.9668,111.419,284.789
436.26,-25.658,-16.7882,6.0117,67.262,117.7949,291.8246
436.28,-25.7548,-16.5884,5.1062,66.2919,124.0154,298.6157
436.3,-25.8686,-16.3465,4.1911,65.0435,129.9628,304.9904
436.32,-26.1181,-15.7385,2.4017,61.7706,140.1658,315.6609
436.34,-26.2421,-15.3887,1.5534,59.8227,144.2724,319.7938
436.36,-26.3559,-15.0178,0.755,57.7981,147.6825,323.2184
436.38,-26.4487,-14.6393,0.0266,55.7867,150.3102,326.0048
436.4,-26.5163,-14.2597,-0.63,53.8906,152.3208,328.4599
436.42,-26.5888,-13.5557,-1.7137,50.4588,154.9519,332.0047
436.44,-26.597,-13.2514,-2.1319,48.9941,155.7343,333.0454
436.46,-26.5838,-12.9965,-2.4654,47.754,156.2167,333.7379
436.48,-26.552,-12.7923,-2.7127,46.7863,156.451,334.1267
436.5,-26.5025,-12.6554,-2.8793,46.0609,156.4585,334.219
436.52,-26.3664,-12.5834,-2.9696,45.4703,155.9348,333.5563
436.54,-26.2869,-12.6427,-2.8996,45.6007,155.4497,332.9075
436.56,-26.183,-12.781,-2.7313,46.0798,154.6851,332.0038
436.58,-26.0758,-12.9765,-2.4863,46.827,153.7548,330.9275
436.6,-25.9636,-13.2242,-2.1652,47.8182,152.6165,329.6785
436.62,-25.7212,-13.8469,-1.2902,50.4942,149.4904,326.6428
436.64,-25.5959,-14.2054,-0.7413,52.0585,147.4671,324.6236
436.66,-25.4713,-14.5826,-0.123,53.7172,145.092,322.2062
436.68,-25.3517,-14.9686,0.5592,55.4317,142.2909,319.3958
436.7,-25.2323,-15.3558,1.3024,57.1435,139.0177,316.1126
436.72,-25.0249,-16.0819,2.9353,60.4268,130.8125,308.1857
436.74,-24.9455,-16.4012,3.8045,61.8599,125.95,303.4067
436.76,-24.8787,-16.692,4.6915,63.0437,120.7319,298.1447
436.78,-24.8403,-16.9266,5.5838,64.0489,115.1257,292.4786
436.8,-24.8219,-17.1168,6.4691,64.7916,109.2647,286.6209
436.82,-24.8492,-17.3766,8.1642,65.5857,97.521,274.9454
436.84,-24.8939,-17.4442,8.9538,65.6766,91.8671,269.3992
436.86,-24.9535,-17.4666,9.6936,65.5818,86.5056,264.1538
436.88,-25.0292,-17.4547,10.3696,65.3644,81.6962,259.325
436.9,-25.1056,-17.4159,10.974,65.0579,77.5227,255.0742
436.92,-25.2619,-17.2652,11.9487,64.4137,70.976,248.1535
436.94,-25.331,-17.1727,12.314,64.1537,68.6007,245.5226
436.96,-25.3965,-17.0867,12.5924,63.9841,66.8731,243.4514
436.98,-25.4386,-17.0073,12.7933,63.8936,65.6863,241.8181
437,-25.4857,-16.9252,12.916,63.8969,64.8431,240.5895
437.02,-25.5276,-16.8503,12.9372,64.185,64.6894,239.7563
437.04,-25.5201,-16.8661,12.8515,64.4303,65.3855,240.1669
437.06,-25.5147,-16.8959,12.6712,64.795,66.53,241.0582
437.08,-25.4972,-16.9506,12.4232,65.1971,68.1498,242.5331
437.1,-25.4621,-17.0136,12.1137,65.6139,70.2824,244.6292
437.12,-25.3916,-17.1623,11.2704,66.4625,76.1936,250.7825
437.14,-25.3515,-17.2283,10.7486,66.8437,80.0267,254.7615
437.16,-25.3197,-17.2817,10.157,67.1534,84.4478,259.3779
437.18,-25.2969,-17.3087,9.5041,67.3804,89.4081,264.5681
437.2,-25.2864,-17.3095,8.7937,67.4597,94.8906,270.2641
437.22,-25.3241,-17.1973,7.2281,67.0695,106.7959,282.5302
437.24,-25.3678,-17.0822,6.3977,66.5208,112.912,288.8332
437.26,-25.4346,-16.9236,5.5522,65.7597,118.8103,294.9499
437.28,-25.5159,-16.734,4.7048,64.7503,124.407,300.6776
437.3,-25.6028,-16.5141,3.8741,63.5207,129.5895,305.8729
437.32,-25.7864,-15.9844,2.2985,60.6443,138.1101,314.5905
437.34,-25.8706,-15.6829,1.574,59.1066,141.42,318.1895
437.36,-25.9423,-15.3723,0.8952,57.5174,144.2085,321.3709
437.38,-26.0016,-15.0486,0.2873,55.9849,146.4377,323.9263
437.4,-26.0489,-14.7281,-0.2605,54.474,148.3058,325.9578
437.42,-26.1092,-14.1344,-1.1577,51.6878,151.026,328.6806
437.44,-26.1176,-13.8801,-1.5004,50.5324,151.9326,329.5822
437.46,-26.1126,-13.6669,-1.7736,49.5749,152.5926,330.2527
437.48,-26.0966,-13.5029,-1.9778,48.8276,153.0269,330.6243
437.5,-26.0693,-13.3901,-2.113,48.2895,153.2687,330.7368
437.52,-25.9843,-13.334,-2.1813,47.8479,153.2065,330.2467
437.54,-25.931,-13.3833,-2.1192,47.9509,152.9115,329.645
437.56,-25.8601,-13.4974,-1.9742,48.2999,152.3644,328.7331
437.58,-25.7832,-13.6578,-1.7606,48.8572,151.641,327.6691
437.6,-25.7009,-13.8623,-1.4808,49.6258,150.6508,326.4093
437.62,-25.5145,-14.384,-0.7052,51.7725,147.8227,323.2937
437.64,-25.4144,-14.6855,-0.2124,53.0934,145.9075,321.3913
437.66,-25.3124,-15.005,0.3478,54.5306,143.6149,319.182
437.68,-25.2133,-15.3302,0.972,56.0674,140.8962,316.6848
437.7,-25.1225,-15.6558,1.6523,57.6352,137.7528,313.8235
437.72,-24.9701,-16.2666,3.1622,60.6617,130.1558,306.6455
437.74,-24.9208,-16.5395,3.9675,62.0252,125.724,302.3424
437.76,-24.8984,-16.7782,4.7942,63.2692,120.8881,297.5535
437.78,-24.8898,-16.9807,5.6346,64.3319,115.699,292.3537
437.8,-24.9069,-17.146,6.4684,65.1914,110.2416,286.8451
437.82,-25.0078,-17.3485,8.0776,66.3014,99.1077,275.4583
437.84,-25.0811,-17.3846,8.8385,66.5604,93.5765,269.8546
437.86,-25.176,-17.396,9.5479,66.6662,88.4468,264.5288
437.88,-25.2863,-17.3695,10.2127,66.6711,83.5892,259.4339
437.9,-25.393,-17.3282,10.8163,66.5685,79.2579,254.8291
437.92,-25.6107,-17.1816,11.8348,66.1942,71.8584,246.9336
437.94,-25.7109,-17.1026,12.2327,65.9814,69.0227,243.8595
437.96,-25.7933,-17.0154,12.558,65.8114,66.7386,241.2686
437.98,-25.8676,-16.9226,12.8103,65.6951,64.9737,239.1106
438,-25.9252,-16.8478,12.9818,65.6536,63.7749,237.523
438.02,-25.9875,-16.7484,13.0991,65.7728,62.8553,236.0473
438.04,-25.9888,-16.7357,13.0601,65.9255,63.1261,236.1145
438.06,-25.9769,-16.7513,12.9591,66.173,63.9241,236.7336
438.08,-25.9613,-16.7807,12.7545,66.4949,65.1018,237.8423
438.1,-25.9216,-16.852,12.4936,66.8432,67.0533,239.763
438.12,-25.8127,-16.9949,11.7593,67.5667,72.4395,245.3499
438.14,-25.7517,-17.0646,11.2824,67.8945,75.9959,249.1704
438.16,-25.6859,-17.1324,10.7352,68.1681,80.216,253.7116
438.18,-25.6193,-17.1676,10.1301,68.3567,84.909,258.6874
438.2,-25.5664,-17.1864,9.4545,68.4642,90.2958,264.3255
438.22,-25.5228,-17.1214,7.9386,68.2132,102.3121,276.7656
438.24,-25.5252,-17.0307,7.1218,67.7837,108.6523,283.2687
438.26,-25.5548,-16.9081,6.27,67.1041,115.0502,289.8045
438.28,-25.6096,-16.7348,5.4051,66.214,121.1362,296.0267
438.3,-25.6772,-16.5229,4.5387,65.0839,126.811,301.8882
438.32,-25.8414,-15.9894,2.8522,62.219,136.5745,311.9626
438.34,-25.9299,-15.6811,2.058,60.5508,140.555,315.9677
438.36,-26.0221,-15.3476,1.3094,58.8202,143.983,319.2765
438.38,-26.1058,-14.9978,0.6313,57.0693,146.8191,321.8974
438.4,-26.1816,-14.6484,0.0163,55.3596,149.1762,324.0487
438.42,-26.2952,-13.9943,-0.9966,52.3293,152.5285,327.4
438.44,-26.3326,-13.7117,-1.3889,51.0929,153.6521,328.6211
438.46,-26.3559,-13.472,-1.7024,50.0496,154.492,329.5126
438.48,-26.3685,-13.2816,-1.9411,49.2285,155.0833,330.1379
438.5,-26.3672,-13.1472,-2.104,48.6509,155.4485,330.5653
438.52,-26.3278,-13.0596,-2.2156,48.263,155.5101,330.92
438.54,-26.2928,-13.1044,-2.169,48.3915,155.2824,330.7057
438.56,-26.2466,-13.2031,-2.054,48.7534,154.8401,330.2767
438.58,-26.1857,-13.3634,-1.8567,49.4109,154.1152,329.6635
438.6,-26.117,-13.5642,-1.6029,50.2306,153.1873,328.9155
438.62,-25.9592,-14.0686,-0.8974,52.4184,150.5699,326.6907
438.64,-25.8742,-14.36,-0.4508,53.6938,148.884,325.0868
438.66,-25.7876,-14.6698,0.0557,55.0582,146.907,323.0995
438.68,-25.7004,-14.9936,0.616,56.478,144.6038,320.7726
438.7,-25.6176,-15.3221,1.2268,57.9427,141.928,318.0991
438.72,-25.4696,-15.9743,2.5855,60.8462,135.4234,311.5215
438.74,-25.4118,-16.2823,3.3198,62.231,131.5579,307.6135
438.76,-25.3645,-16.5686,4.0825,63.5105,127.2541,303.2732
438.78,-25.3397,-16.8144,4.8655,64.7018,122.5735,298.4594
438.8,-25.3301,-17.028,5.6582,65.7062,117.6381,293.216
438.82,-25.3722,-17.3209,7.2265,67.246,107.0205,282.0213
438.84,-25.4136,-17.3995,7.9885,67.7559,101.5534,276.2384
438.86,-25.4745,-17.4443,8.713,68.0725,96.14,270.5977
438.88,-25.5417,-17.4551,9.4051,68.2109,90.8417,265.0917
438.9,-25.6338,-17.4234,10.0547,68.2662,85.7008,259.7664
438.92,-25.807,-17.3397,11.1884,67.9837,77.0759,250.6002
438.94,-25.898,-17.2763,11.6663,67.7645,73.5064,246.6356
438.96,-25.9806,-17.2103,12.0766,67.5521,70.582,243.2936
438.98,-26.0527,-17.1461,12.4176,67.3109,68.1137,240.5008
439,-26.1144,-17.0829,12.6859,67.0964,66.162,238.3307
439.02,-26.1952,-16.9895,12.9944,66.8538,63.8431,235.8573
439.04,-26.2212,-16.9656,13.0339,66.8769,63.4871,235.4235
439.06,-26.2197,-16.9579,13.0141,66.9539,63.6696,235.4981
439.08,-26.2246,-16.968,12.925,67.1424,64.2336,236.0266
439.1,-26.2074,-17.0053,12.7495,67.3936,65.5226,237.3185
439.12,-26.1387,-17.1019,12.2533,67.965,69.1915,241.1157
439.14,-26.1013,-17.1795,11.905,68.291,71.8917,243.945
439.16,-26.0551,-17.2415,11.5085,68.6105,75.0004,247.1416
439.18,-26.0046,-17.3073,11.0522,68.9007,78.7343,250.9859
439.2,-25.9578,-17.3491,10.5426,69.1382,82.8778,255.2781
439.22,-25.8778,-17.3901,9.363,69.3529,92.6527,265.3801
439.24,-25.8479,-17.3714,8.711,69.251,98.0591,270.9371
439.26,-25.8341,-17.3247,8.0245,69.0072,103.6321,276.6502
439.28,-25.8319,-17.2482,7.3138,68.5997,109.2134,282.4148
439.3,-25.8411,-17.1535,6.5801,67.9978,114.6582,288.1962
439.32,-25.8834,-16.8725,5.0906,66.2732,124.6237,299.1089
439.34,-25.9207,-16.679,4.3444,65.1785,129.0475,304.069
439.36,-25.9657,-16.4604,3.603,63.9137,133.1532,308.6152
439.38,-26.0183,-16.2053,2.8834,62.5547,136.8464,312.7234
439.4,-26.0679,-15.9333,2.1885,61.1112,140.0845,316.482
439.42,-26.1635,-15.3513,0.9095,58.1876,145.1979,322.8315
439.44,-26.208,-15.0591,0.3362,56.7518,147.1658,325.442
439.46,-26.2473,-14.775,-0.1836,55.3952,148.7889,327.7257
439.48,-26.2803,-14.5125,-0.647,54.1046,150.1377,329.5987
439.5,-26.309,-14.2719,-1.0497,52.9216,151.2162,331.0569
439.52,-26.3456,-13.8798,-1.6604,50.9516,152.7532,332.8743
439.54,-26.355,-13.7366,-1.8622,50.1987,153.2687,333.1705
439.56,-26.3549,-13.6405,-1.9951,49.6306,153.5937,333.1966
439.58,-26.3481,-13.5903,-2.0563,49.3191,153.7372,333.0272
439.6,-26.3305,-13.594,-2.0466,49.2603,153.694,332.6986
439.62,-26.263,-13.7601,-1.8115,49.912,152.9679,331.5815
439.64,-26.2152,-13.9169,-1.5859,50.6057,152.2623,330.6967
439.66,-26.1574,-14.1157,-1.2896,51.492,151.3376,329.5613
439.68,-26.0946,-14.3526,-0.9275,52.5493,150.1604,328.158
439.7,-26.0264,-14.6182,-0.498,53.7636,148.6999,326.4329
439.72,-25.8743,-15.2118,0.5484,56.5218,144.7568,322.032
439.74,-25.7925,-15.5257,1.1584,57.9986,142.169,319.2878
439.76,-25.7095,-15.8379,1.8203,59.5086,139.0692,316.2277
439.78,-25.6264,-16.1439,2.5281,60.9869,135.4665,312.7445
439.8,-25.5505,-16.4362,3.2695,62.3711,131.3902,308.8275
439.82,-25.4421,-16.9453,4.8184,64.7303,122.0135,299.5248
439.84,-25.4154,-17.1528,5.6018,65.6591,116.9281,294.2944
439.86,-25.4063,-17.3278,6.3722,66.3821,111.6658,288.9004
439.88,-25.412,-17.4529,7.1258,66.9319,106.3341,283.4428
439.9,-25.4393,-17.5243,7.8518,67.3178,100.9571,277.9625
439.92,-25.5423,-17.5562,9.1793,67.6324,91.0464,267.6939
439.94,-25.6066,-17.5319,9.7692,67.6167,86.6921,263.1033
439.96,-25.6939,-17.4835,10.3052,67.5891,82.7403,258.8124
439.98,-25.7882,-17.4154,10.7903,67.5664,79.1649,254.8133
440,-25.8701,-17.3561,11.2144,67.5066,76.2111,251.378
440.02,-26.0495,-17.2303,11.8702,67.4918,71.458,245.7095
440.04,-26.1282,-17.1765,12.101,67.5314,69.8171,243.5228
440.06,-26.19,-17.1289,12.2657,67.6289,68.6868,241.8246
440.08,-26.2553,-17.0998,12.3515,67.7726,67.9959,240.7344
440.1,-26.2814,-17.088,12.3759,67.9361,67.8909,240.2859
440.12,-26.3005,-17.096,12.2404,68.3375,68.9161,241.0246
440.14,-26.2927,-17.1273,12.0499,68.5919,70.2619,242.3846
440.16,-26.26,-17.1849,11.8133,68.8062,72.1611,244.3965
440.18,-26.2278,-17.232,11.5164,69.0325,74.4278,246.847
440.2,-26.1681,-17.3088,11.1553,69.2141,77.4748,250.0678
440.22,-26.0526,-17.4143,10.2417,69.4538,84.8437,257.9911
440.24,-25.9825,-17.4355,9.6975,69.4362,89.2574,262.7655
440.26,-25.9242,-17.4092,9.0933,69.3399,93.9843,267.8194
440.28,-25.867,-17.3525,8.4314,69.115,99.2809,273.3729
440.3,-25.8278,-17.2436,7.7212,68.7624,104.8612,279.1015
440.32,-25.805,-16.8877,6.1775,67.519,116.7076,290.8912
440.34,-25.822,-16.652,5.3661,66.5905,122.495,296.6249
440.36,-25.855,-16.394,4.5423,65.4481,127.9272,302.0717
440.38,-25.8993,-16.1047,3.7188,64.0991,133.0549,307.1508
440.4,-25.9561,-15.8024,2.9029,62.544,137.6559,311.7355
440.42,-26.081,-15.1557,1.3633,58.9898,145.2145,318.8111
440.44,-26.1346,-14.8224,0.6653,57.1171,148.0956,321.4439
440.46,-26.1794,-14.4917,0.0284,55.2729,150.4122,323.5835
440.48,-26.2078,-14.1706,-0.5367,53.5401,152.1957,325.3365
440.5,-26.2238,-13.8715,-1.0277,51.9676,153.5295,326.7695
440.52,-26.2111,-13.3812,-1.7728,49.4251,155.1006,328.7739
440.54,-26.1861,-13.2019,-2.0252,48.5099,155.4622,329.3827
440.56,-26.1488,-13.0817,-2.1996,47.8082,155.6069,329.6959
440.58,-26.1048,-13.0198,-2.2963,47.3727,155.541,329.7132
440.6,-26.0503,-13.0182,-2.3131,47.2258,155.2824,329.5836
440.62,-25.9213,-13.1792,-2.1232,47.8027,154.1545,328.9375
440.64,-25.8449,-13.3458,-1.907,48.493,153.2797,328.263
440.66,-25.7699,-13.5504,-1.6262,49.3851,152.2496,327.3575
440.68,-25.6916,-13.79,-1.277,50.5121,150.9827,326.3589
440.7,-25.6086,-14.0574,-0.8613,51.8402,149.4448,325.2141
440.72,-25.45,-14.6265,0.1497,54.8161,145.6026,321.7933
440.74,-25.3785,-14.9089,0.7334,56.3447,143.292,319.3516
440.76,-25.3127,-15.177,1.3611,57.8962,140.6398,316.5603
440.78,-25.256,-15.4327,2.024,59.4176,137.6412,313.3968
440.8,-25.2126,-15.6722,2.7166,60.8706,134.308,309.735
440.82,-25.1768,-16.1157,4.1559,63.497,126.819,301.2688
440.84,-25.1795,-16.3179,4.891,64.6376,122.7208,296.6004
440.86,-25.2107,-16.4981,5.6205,65.676,118.3451,291.6813
440.88,-25.2659,-16.6496,6.3422,66.6076,113.7669,286.5652
440.9,-25.3322,-16.7844,7.0498,67.3779,109.1544,281.3784
440.92,-25.5123,-16.9731,8.3917,68.552,99.8794,270.9119
440.94,-25.6177,-17.0227,9.0184,68.9375,95.1442,265.8073
440.96,-25.7228,-17.0427,9.6083,69.1919,90.4377,260.9294
440.98,-25.8253,-17.0487,10.1516,69.2987,86.0091,256.4276
441,-25.9245,-17.0352,10.6492,69.2934,81.9678,252.3115
441.02,-26.1107,-16.9619,11.4763,69.1301,75.1952,245.2536
441.04,-26.1875,-16.9199,11.7976,69.0135,72.6869,242.5412
441.06,-26.2541,-16.8671,12.0536,68.9048,70.6177,240.2821
441.08,-26.303,-16.82,12.2423,68.8341,69.133,238.588
441.1,-26.3451,-16.7849,12.3585,68.8268,68.2024,237.4677
441.12,-26.3743,-16.7497,12.4007,68.9434,67.8587,236.7797
441.14,-26.3669,-16.7591,12.3343,69.0752,68.3873,237.1948
441.16,-26.3495,-16.8009,12.1798,69.2952,69.6464,238.3847
441.18,-26.312,-16.852,11.9768,69.4874,71.3602,240.0698
441.2,-26.2623,-16.9117,11.7171,69.6817,73.5626,242.2944
441.22,-26.1442,-17.0576,11.0027,70.0707,79.7924,248.7214
441.24,-26.0634,-17.1312,10.5528,70.168,83.8556,252.9741
441.26,-25.9909,-17.1825,10.0386,70.1744,88.2107,257.6788
441.28,-25.918,-17.2248,9.4603,70.0577,93.1737,262.9763
441.3,-25.8479,-17.2299,8.8251,69.8168,98.4959,268.6126
441.32,-25.7241,-17.1324,7.3823,68.7405,109.9475,280.7743
441.34,-25.6969,-17.0111,6.5839,67.9167,115.7383,286.9554
441.36,-25.6809,-16.8486,5.7522,66.8726,121.3882,292.9886
441.38,-25.6877,-16.6299,4.8995,65.622,126.7464,298.6688
441.4,-25.7064,-16.3766,4.0399,64.1754,131.6459,303.9678
441.42,-25.7724,-15.7583,2.3569,60.8271,139.8698,313.0786
441.44,-25.8165,-15.4068,1.5528,58.9959,143.2399,316.9066
441.46,-25.8618,-15.0334,0.7887,57.096,146.1657,320.261
441.48,-25.9078,-14.6496,0.0675,55.1431,148.6917,323.1685
441.5,-25.9523,-14.2643,-0.5976,53.1801,150.8384,325.4883
441.52,-26.021,-13.5239,-1.7291,49.5038,154.0013,328.7993
441.54,-26.0392,-13.1865,-2.1834,47.9143,155.0384,329.9713
441.56,-26.047,-12.8886,-2.5614,46.5132,155.7908,330.829
441.58,-26.0457,-12.6367,-2.8575,45.3396,156.3301,331.3032
441.6,-26.037,-12.4429,-3.0748,44.4033,156.6713,331.4452
441.62,-25.994,-12.256,-3.267,43.3959,156.8313,331.0292
441.64,-25.9642,-12.2741,-3.2462,43.3581,156.674,330.5745
441.66,-25.9305,-12.3566,-3.1509,43.6361,156.3867,329.9714
441.68,-25.886,-12.5354,-2.9512,44.2829,155.8795,329.0751
441.7,-25.8414,-12.7676,-2.6786,45.2234,155.2156,328.0966
441.72,-25.7384,-13.3978,-1.8805,47.947,153.2039,325.5592
441.74,-25.6828,-13.7728,-1.355,49.667,151.7886,323.9493
441.76,-25.6261,-14.1743,-0.7476,51.5732,150.0327,322.0242
441.78,-25.5717,-14.5881,-0.062,53.6193,147.8885,319.7689
441.8,-25.518,-15.0052,0.6969,55.7413,145.2831,317.0818
441.82,-25.4268,-15.7942,2.4002,60.0218,138.3733,310.2281
441.84,-25.3971,-16.1426,3.3244,62.0311,133.9317,305.7858
441.86,-25.3857,-16.4559,4.274,63.8344,128.9027,300.5948
441.88,-25.3885,-16.7257,5.242,65.4057,123.2717,294.6552
441.9,-25.4137,-16.9463,6.2055,66.7277,117.0943,288.2154
441.92,-25.5039,-17.2182,8.0769,68.4447,103.1589,274.2925
441.94,-25.563,-17.2689,8.9541,68.7739,96.0215,267.2878
441.96,-25.6338,-17.2631,9.7734,68.8066,89.1822,260.6089
441.98,-25.7284,-17.2079,10.5189,68.6286,82.9431,254.4821
442,-25.8213,-17.1185,11.1913,68.3055,77.5751,248.9803
442.02,-26.02,-16.8667,12.2883,67.5849,69.1747,240.0173
442.04,-26.1085,-16.7284,12.7104,67.2915,66.0647,236.4674
442.06,-26.2065,-16.5926,13.046,67.0865,63.5064,233.443
442.08,-26.2798,-16.4876,13.2984,67.0073,61.6692,231.031
442.1,-26.3397,-16.4074,13.4697,67.0265,60.3932,229.1919
442.12,-26.4364,-16.3304,13.5754,67.4018,59.2602,227.1864
442.14,-26.4514,-16.3426,13.5229,67.6927,59.5218,227.1706
442.16,-26.4467,-16.3932,13.3993,68.0438,60.4276,227.9025
442.18,-26.4235,-16.4747,13.1802,68.4288,61.9289,229.3904
442.2,-26.3857,-16.5775,12.8992,68.8638,64.1153,231.7058
442.22,-26.2749,-16.8064,12.1285,69.6368,70.4279,238.5536
442.24,-26.2053,-16.9238,11.6383,69.9813,74.6282,243.0917
442.26,-26.13,-17.0305,11.0844,70.218,79.4105,248.3088
442.28,-26.0623,-17.1137,10.4627,70.3546,84.7204,254.1843
442.3,-26.0029,-17.1731,9.7789,70.3656,90.5313,260.5691
442.32,-25.9125,-17.192,8.2466,69.814,103.4241,274.4091
442.34,-25.8906,-17.131,7.4108,69.1906,109.9532,281.4756
442.36,-25.8933,-17.014,6.5453,68.3662,116.2919,288.3578
442.38,-25.9172,-16.8406,5.6541,67.2827,122.5547,295.0672
442.4,-25.9623,-16.6213,4.7571,65.9893,128.3762,301.2964
442.42,-26.0777,-16.0744,3.0048,62.7665,138.2907,311.6415
442.44,-26.1478,-15.7512,2.1716,60.9769,142.263,315.8829
442.46,-26.215,-15.4049,1.3858,59.1142,145.6027,319.4295
442.48,-26.2767,-15.0435,0.6563,57.2284,148.3947,322.3534
442.5,-26.3307,-14.6791,-0.0085,55.3837,150.6679,324.7481
442.52,-26.4043,-13.9812,-1.1247,52.0287,153.8973,328.3928
442.54,-26.4242,-13.6654,-1.5676,50.5817,154.9973,329.6556
442.56,-26.4315,-13.384,-1.9301,49.3352,155.8168,330.6024
442.58,-26.4279,-13.1521,-2.2142,48.2967,156.3878,331.2306
442.6,-26.417,-12.9711,-2.4181,47.515,156.7555,331.55
442.62,-26.3668,-12.7992,-2.5906,46.7487,156.9103,331.529
442.64,-26.3321,-12.812,-2.5661,46.7774,156.727,331.2563
442.66,-26.2939,-12.8841,-2.4771,47.0368,156.399,330.7995
442.68,-26.2421,-13.0388,-2.2872,47.6401,155.8266,330.0191
442.7,-26.1914,-13.2404,-2.0373,48.4403,155.1086,329.098
442.72,-26.0827,-13.7872,-1.3198,50.671,153.0988,326.4817
442.74,-26.0232,-14.1189,-0.8532,52.0679,151.7277,324.8123
442.76,-25.9644,-14.4757,-0.3168,53.6383,150.0745,322.8866
442.78,-25.9017,-14.8526,0.2869,55.3267,148.0629,320.6338
442.8,-25.8401,-15.2336,0.9557,57.1152,145.6497,318.0065
442.82,-25.7229,-15.9687,2.4609,60.7732,139.2384,311.4881
442.84,-25.6715,-16.2995,3.2819,62.5336,135.1064,307.4625
442.86,-25.6225,-16.5899,4.1405,64.1461,130.3239,302.746
442.88,-25.5879,-16.8414,5.0146,65.5502,124.9829,297.4606
442.9,-25.5735,-17.0446,5.8958,66.7331,119.0805,291.5706
442.92,-25.5949,-17.3095,7.6287,68.3388,106.3082,278.6982
442.94,-25.6347,-17.3676,8.4575,68.7752,99.7564,272.0468
442.96,-25.6906,-17.3975,9.2353,68.9569,93.5844,265.6925
442.98,-25.7643,-17.3789,9.9648,68.9725,87.7061,259.5394
443,-25.8384,-17.3308,10.6377,68.8229,82.329,253.9124
443.02,-26.014,-17.1619,11.7728,68.3503,73.4344,244.3172
443.04,-26.1029,-17.0479,12.2327,68.0935,69.876,240.2888
443.06,-26.1813,-16.9441,12.6041,67.8927,67.0793,237.0703
443.08,-26.2484,-16.8345,12.9045,67.7161,64.7591,234.3532
443.1,-26.3026,-16.7341,13.1261,67.5963,63.0472,232.2599
443.12,-26.3772,-16.5929,13.327,67.6421,61.3215,229.8049
443.14,-26.3974,-16.5734,13.3135,67.7946,61.3309,229.5949
443.16,-26.3846,-16.5772,13.2453,67.961,61.8468,229.996
443.18,-26.3647,-16.608,13.0971,68.1899,62.8413,231.0314
443.2,-26.3433,-16.6624,12.8718,68.5179,64.4433,232.7668
443.22,-26.2542,-16.8305,12.2318,69.2285,69.57,238.1254
443.24,-26.2048,-16.9151,11.8061,69.5848,73.0245,241.8652
443.26,-26.1532,-16.9957,11.3051,69.9389,77.2215,246.3768
443.28,-26.1105,-17.0591,10.7377,70.2162,82.0042,251.5234
443.3,-26.0779,-17.1073,10.1084,70.411,87.3795,257.3127
443.32,-26.0375,-17.1279,8.698,70.3182,99.4522,270.1748
443.34,-26.0471,-17.0827,7.9241,70.0078,105.806,277.0715
443.36,-26.0745,-17.0118,7.1104,69.4602,112.358,284.1064
443.38,-26.1297,-16.8851,6.2673,68.7056,118.8768,291.0517
443.4,-26.2015,-16.7191,5.4066,67.6981,125.0544,297.6455
443.42,-26.3806,-16.2523,3.6798,64.9801,136.0252,309.5179
443.44,-26.4856,-15.9626,2.8335,63.3164,140.6428,314.5564
443.46,-26.5928,-15.642,2.0216,61.524,144.6518,318.8183
443.48,-26.7005,-15.3018,1.2551,59.6441,148.0675,322.2873
443.5,-26.8028,-14.9501,0.5421,57.7306,150.9217,325.0993
443.52,-26.9704,-14.2599,-0.6744,54.0108,155.1414,328.8183
443.54,-27.0339,-13.9435,-1.1682,52.3582,156.6086,330.0339
443.56,-27.0758,-13.6657,-1.5769,50.9344,157.7,330.9403
443.58,-27.0989,-13.4288,-1.9022,49.8103,158.4275,331.7294
443.6,-27.0996,-13.2428,-2.1413,48.9778,158.8537,332.3611
443.62,-27.0526,-13.0517,-2.375,48.1115,158.978,332.8477
443.64,-27.0083,-13.0498,-2.3709,48.0894,158.7558,332.7267
443.66,-26.9554,-13.1025,-2.2967,48.3208,158.3722,332.4101
443.68,-26.8811,-13.2304,-2.1317,48.8531,157.7122,331.8166
443.7,-26.8015,-13.4111,-1.8995,49.5994,156.8943,331.0205
443.72,-26.6243,-13.9073,-1.2308,51.648,154.6613,328.5483
443.74,-26.5272,-14.2132,-0.7953,52.8993,153.1986,326.806
443.76,-26.4292,-14.5444,-0.2935,54.2827,151.4897,324.697
443.78,-26.3261,-14.9021,0.2695,55.7458,149.4507,322.2388
443.8,-26.2213,-15.266,0.8972,57.3462,146.995,319.5093
443.82,-25.9985,-15.9879,2.3255,60.6811,140.4947,312.9687
443.84,-25.8909,-16.3231,3.1107,62.2921,136.3735,308.9782
443.86,-25.7895,-16.6235,3.9354,63.7811,131.6901,304.3374
443.88,-25.7015,-16.8866,4.7814,65.0769,126.5124,299.1017
443.9,-25.6311,-17.0985,5.6431,66.1844,120.8466,293.3091
443.92,-25.5383,-17.3917,7.3507,67.652,108.3002,280.9915
443.94,-25.516,-17.4729,8.1812,67.9883,101.7138,274.6395
443.96,-25.5197,-17.5091,8.982,68.109,95.2137,268.3971
443.98,-25.5422,-17.515,9.7402,68.0191,89.1627,262.4162
444,-25.5886,-17.4893,10.4483,67.7973,83.6618,256.8023
444.02,-25.7185,-17.3777,11.6739,67.1407,74.5139,247.2191
444.04,-25.7794,-17.3059,12.1829,66.7383,70.8435,243.3478
444.06,-25.8459,-17.2181,12.6157,66.3395,67.7012,240.0251
444.08,-25.8932,-17.1346,12.9726,65.9672,65.2555,237.3496
444.1,-25.9365,-17.0481,13.2417,65.6786,63.3902,235.3187
444.12,-25.9902,-16.8917,13.5385,65.3699,61.2595,232.8549
444.14,-25.9768,-16.8507,13.572,65.319,61.1625,232.5782
444.16,-25.9802,-16.825,13.5307,65.4207,61.3284,232.6894
444.18,-25.9692,-16.8203,13.4315,65.5577,61.888,233.2174
444.2,-25.9243,-16.8602,13.2356,65.8274,63.2842,234.5814
444.22,-25.8497,-17.0005,12.6712,66.5493,67.1494,238.5853
444.24,-25.795,-17.0945,12.2865,66.9799,70.0253,241.5017
444.26,-25.7507,-17.1944,11.82,67.4152,73.4558,245.1331
444.28,-25.7039,-17.2724,11.2913,67.8381,77.3939,249.3676
444.3,-25.665,-17.3298,10.6969,68.192,81.8937,254.1529
444.32,-25.621,-17.3712,9.3162,68.613,92.462,265.6116
444.34,-25.6169,-17.3382,8.5421,68.5836,98.4418,272.1124
444.36,-25.6343,-17.2715,7.7153,68.3462,104.8194,278.9671
444.38,-25.6913,-17.1271,6.8445,67.9132,111.4485,285.9465
444.4,-25.7701,-16.9477,5.9432,67.1932,118.0705,292.838
444.42,-25.9882,-16.4554,4.1076,64.9363,130.4698,305.7091
444.44,-26.1226,-16.1525,3.2015,63.4215,135.8869,311.2824
444.46,-26.2642,-15.818,2.3283,61.7105,140.7155,316.0717
444.48,-26.4086,-15.4624,1.4955,59.8562,144.8506,320.1653
444.5,-26.5439,-15.094,0.7183,57.947,148.2958,323.6884
444.52,-26.7792,-14.3631,-0.6399,54.164,153.3704,328.8694
444.54,-26.8725,-14.0139,-1.203,52.4229,155.1566,330.6567
444.56,-26.9424,-13.6939,-1.6838,50.8418,156.5321,332.0847
444.58,-26.9942,-13.4076,-2.081,49.476,157.5469,333.176
444.6,-27.024,-13.1709,-2.3925,48.3341,158.2545,333.9037
444.62,-27.0331,-12.8685,-2.7559,46.8449,158.9698,334.2446
444.64,-27.0119,-12.8148,-2.8093,46.5583,159.0017,334.0638
444.66,-26.9761,-12.8291,-2.7813,46.5897,158.8282,333.7285
444.68,-26.9286,-12.9028,-2.6803,46.9043,158.4775,333.2582
444.7,-26.8558,-13.0683,-2.4707,47.5844,157.8269,332.4701
444.72,-26.6949,-13.5444,-1.8423,49.6467,155.969,330.2643
444.74,-26.6004,-13.8551,-1.4144,50.9891,154.6434,328.7531
444.76,-26.4963,-14.1989,-0.9098,52.5437,152.9767,326.9856
444.78,-26.3832,-14.5681,-0.334,54.2294,150.9213,324.9201
444.8,-26.2663,-14.9477,0.3125,56.0255,148.4169,322.4609
444.82,-26.0278,-15.7105,1.7856,59.6881,141.8708,316.2277
444.84,-25.9152,-16.0736,2.5982,61.4285,137.7184,312.2842
444.86,-25.8116,-16.407,3.4522,63.0696,132.9554,307.6993
444.88,-25.7229,-16.7102,4.3333,64.5021,127.641,302.4828
444.9,-25.6484,-16.9746,5.2307,65.7028,121.8178,296.6606
444.92,-25.5633,-17.3639,7.0217,67.2668,108.9953,283.6592
444.94,-25.5599,-17.4784,7.8849,67.7201,102.5199,277.0661
444.96,-25.5661,-17.5453,8.7171,67.902,96.0981,270.7132
444.98,-25.5847,-17.5767,9.499,67.8442,90.0459,264.7539
445,-25.6314,-17.5544,10.2292,67.6533,84.3851,259.0912
445.02,-25.746,-17.4184,11.504,66.9364,74.832,249.364
445.04,-25.8201,-17.324,12.0325,66.5261,70.993,245.3964
445.06,-25.8924,-17.212,12.4902,66.131,67.7397,241.9069
445.08,-25.956,-17.103,12.8697,65.7936,65.1676,239.0106
445.1,-26.0136,-16.9961,13.1759,65.5197,63.1033,236.563
445.12,-26.1135,-16.8258,13.5503,65.3168,60.5748,233.2122
445.14,-26.1455,-16.7765,13.6247,65.3538,59.9924,232.308
445.16,-26.1663,-16.7574,13.6256,65.4842,59.9337,231.9972
445.18,-26.1679,-16.7667,13.5652,65.6751,60.3303,232.2371
445.2,-26.164,-16.7989,13.4352,65.9419,61.1129,232.9281
445.22,-26.1164,-16.9614,12.9466,66.7006,64.5053,236.3767
445.24,-26.0793,-17.0711,12.5955,67.135,67.0648,239.1044
445.26,-26.039,-17.1645,12.1797,67.5657,70.0591,242.3417
445.28,-25.9929,-17.267,11.6821,67.9878,73.8244,246.3795
445.3,-25.9537,-17.3409,11.1173,68.4088,78.1477,250.9799
445.32,-25.9079,-17.4315,9.7681,69.0273,88.9049,262.2914
445.34,-25.9094,-17.4202,8.9992,69.1274,95.0436,268.7804
445.36,-25.9359,-17.3774,8.1744,69.0607,101.5711,275.7322
445.38,-25.9851,-17.2821,7.2976,68.7673,108.4574,283.0601
445.4,-26.0534,-17.1426,6.3866,68.1951,115.4352,290.368
445.42,-26.2589,-16.6963,4.4852,66.0455,128.9502,304.2731
445.44,-26.3773,-16.389,3.5321,64.4901,134.9231,310.3444
445.46,-26.5032,-16.0308,2.5991,62.6828,140.147,315.6269
445.48,-26.6268,-15.632,1.7038,60.6675,144.649,320.0621
445.5,-26.7446,-15.2084,0.8558,58.5231,148.3862,323.6966
445.52,-26.9398,-14.3445,-0.6448,54.1908,153.8386,328.9737
445.54,-27.0085,-13.9276,-1.2791,52.186,155.7085,330.9298
445.56,-27.0575,-13.5367,-1.829,50.3324,157.132,332.4611
445.58,-27.0869,-13.1846,-2.2931,48.6579,158.1972,333.5668
445.6,-27.099,-12.8809,-2.6691,47.2137,158.9588,334.2698
445.62,-27.0559,-12.4658,-3.1531,45.2225,159.6407,334.9668
445.64,-27.0046,-12.3655,-3.2673,44.7256,159.6179,335.0895
445.66,-26.9398,-12.3414,-3.3,44.5271,159.4031,334.9192
445.68,-26.8676,-12.3852,-3.2572,44.6018,159.0477,334.4843
445.7,-26.7798,-12.4975,-3.1347,44.9848,158.4775,333.8683
445.72,-26.5665,-12.9304,-2.6362,46.6731,156.6478,332.0597
445.74,-26.4521,-13.22,-2.2742,47.8812,155.4328,330.8316
445.76,-26.3383,-13.5516,-1.8411,49.271,153.9836,329.3278
445.78,-26.2198,-13.9164,-1.3311,50.8337,152.2828,327.528
445.8,-26.1006,-14.3034,-0.747,52.5588,150.2787,325.4229
445.82,-25.8759,-15.112,0.6192,56.2636,145.1494,320.0797
445.84,-25.7736,-15.5097,1.3945,58.1719,141.9398,316.7544
445.86,-25.6817,-15.8969,2.219,60.0117,138.2189,312.8744
445.88,-25.5985,-16.2592,3.0877,61.7464,134.017,308.3838
445.9,-25.539,-16.5831,3.9869,63.356,129.3306,303.2628
445.92,-25.4694,-17.1122,5.8149,65.9589,118.6077,291.5112
445.94,-25.4507,-17.311,6.7192,66.883,112.5768,285.1892
445.96,-25.4547,-17.4512,7.6018,67.5654,106.151,278.6551
445.98,-25.4653,-17.5549,8.4493,67.9222,99.7195,272.2286
446,-25.4854,-17.6044,9.2574,68.0301,93.3703,265.9614
446.02,-25.565,-17.5787,10.6979,67.6156,82.0125,254.7847
446.04,-25.6117,-17.5091,11.3206,67.2025,77.2131,250.0527
446.06,-25.6566,-17.4065,11.874,66.6851,73.0584,245.92
446.08,-25.7023,-17.2924,12.3433,66.1765,69.6661,242.5058
446.1,-25.7418,-17.1684,12.7391,65.6947,66.8993,239.6271
446.12,-25.8013,-16.9354,13.2898,64.9793,63.2211,235.5182
446.14,-25.8211,-16.8423,13.4546,64.7657,62.1167,234.166
446.16,-25.823,-16.7776,13.5433,64.6775,61.5563,233.3765
446.18,-25.8146,-16.756,13.5594,64.6935,61.5006,233.1506
446.2,-25.8068,-16.7375,13.5197,64.7616,61.6441,233.1923
446.22,-25.7432,-16.8294,13.2218,65.1702,63.6104,235.1173
446.24,-25.7,-16.9086,12.9753,65.4478,65.2451,236.8436
446.26,-25.6451,-17.0005,12.6564,65.7815,67.4169,239.1878
446.28,-25.5887,-17.0958,12.2634,66.1497,70.1753,242.1618
446.3,-25.5355,-17.1993,11.7853,66.5765,73.644,245.8776
446.32,-25.4737,-17.3587,10.6171,67.4018,82.3386,255.0935
446.34,-25.476,-17.4054,9.9325,67.7725,87.5461,260.5581
446.36,-25.4888,-17.4328,9.1977,67.9851,93.326,266.5917
446.38,-25.5495,-17.4211,8.3939,68.0884,99.6401,273.2507
446.4,-25.628,-17.3757,7.56,67.978,106.2087,280.1436
446.42,-25.8761,-17.1705,5.7904,66.9869,119.6994,294.209
446.44,-26.0268,-16.9931,4.8858,66.0658,126.092,300.8434
446.46,-26.1932,-16.765,3.9786,64.8638,132.0061,307.063
446.48,-26.3556,-16.4927,3.0871,63.3971,137.3306,312.6885
446.5,-26.5179,-16.1746,2.2211,61.7281,141.935,317.5862
446.52,-26.8099,-15.437,0.6169,57.9909,149.131,325.1572
446.54,-26.9278,-15.0402,-0.1047,56.0284,151.8163,327.9723
446.56,-27.021,-14.6406,-0.7631,54.08,153.9775,330.2551
446.58,-27.0881,-14.2502,-1.3539,52.2378,155.6581,332.1313
446.6,-27.1285,-13.8856,-1.8777,50.5286,156.9084,333.6507
446.62,-27.1247,-13.2552,-2.7107,47.6665,158.3549,335.9095
446.64,-27.0851,-13.0045,-3.0211,46.519,158.6639,336.5972
446.66,-27.0227,-12.8036,-3.2591,45.5727,158.7563,336.9477
446.68,-26.9419,-12.6588,-3.4282,44.8345,158.6406,336.9742
446.7,-26.8419,-12.5709,-3.5232,44.3577,158.3533,336.8013
446.72,-26.6102,-12.5786,-3.5041,44.1398,157.3358,335.8075
446.74,-26.4692,-12.6806,-3.3807,44.4278,156.5464,334.9387
446.76,-26.3268,-12.8436,-3.1841,44.9901,155.6086,333.9308
446.78,-26.1833,-13.0621,-2.9156,45.7897,154.507,332.7002
446.8,-26.0377,-13.3332,-2.5705,46.8257,153.2175,331.2692
446.82,-25.7515,-14.0013,-1.6533,49.5725,149.9379,327.871
446.84,-25.6137,-14.381,-1.0833,51.2099,147.8679,325.8414
446.86,-25.4855,-14.7728,-0.4416,52.9852,145.4374,323.5032
446.88,-25.3669,-15.17,0.2674,54.8265,142.6474,320.7861
446.9,-25.2656,-15.563,1.0372,56.671,139.4662,317.5686
446.92,-25.1342,-16.2938,2.7245,60.2232,131.8477,309.5204
446.94,-25.107,-16.6171,3.6227,61.8376,127.4142,304.6836
446.96,-25.1083,-16.9077,4.5401,63.2891,122.5846,299.3739
446.98,-25.1457,-17.1521,5.465,64.6063,117.4339,293.5807
447,-25.2064,-17.3573,6.385,65.7097,112.0851,287.4561
447.02,-25.4108,-17.6149,8.166,67.4096,100.52,274.6306
447.04,-25.5279,-17.6736,9.0113,67.9029,94.4016,268.2106
447.06,-25.6612,-17.6773,9.8086,68.2035,88.2513,261.9122
447.08,-25.7926,-17.6498,10.5483,68.2677,82.5895,256.0591
447.1,-25.9361,-17.5706,11.2244,68.1962,77.2463,250.4746
447.12,-26.2024,-17.348,12.3513,67.7545,68.579,241.0591
447.14,-26.3184,-17.2114,12.8003,67.4811,65.2092,237.2932
447.16,-26.406,-17.0752,13.1723,67.1812,62.5186,234.2051
447.18,-26.4907,-16.9444,13.4584,66.952,60.3633,231.7201
447.2,-26.5571,-16.8242,13.6666,66.7734,58.7346,229.7805
447.22,-26.6172,-16.6701,13.8651,66.6564,57.1616,227.7134
447.24,-26.6245,-16.6605,13.8501,66.7612,57.2058,227.6548
447.26,-26.6237,-16.6776,13.7742,66.986,57.6012,227.9929
447.28,-26.6064,-16.7345,13.6171,67.3539,58.6755,228.9482
447.3,-26.5843,-16.8208,13.3914,67.813,60.248,230.4276
447.32,-26.5134,-17.0513,12.7256,68.8454,65.1877,235.4851
447.34,-26.4587,-17.1769,12.2826,69.3571,68.7204,239.2914
447.36,-26.4108,-17.2952,11.766,69.8242,72.7899,243.8146
447.38,-26.3559,-17.4128,11.1607,70.1932,77.8776,249.4146
447.4,-26.3051,-17.5011,10.5013,70.4364,83.4687,255.4924
447.42,-26.2475,-17.6032,8.9835,70.4337,96.4977,269.4849
447.44,-26.2406,-17.5937,8.148,70.0941,103.4121,276.8847
447.46,-26.2473,-17.5529,7.2653,69.4729,110.4913,284.4467
447.48,-26.2728,-17.4546,6.3506,68.5749,117.1979,291.7007
447.5,-26.312,-17.3031,5.4142,67.415,123.4873,298.6012
447.52,-26.4302,-16.8366,3.5218,64.3303,134.5535,310.614
447.54,-26.5001,-16.5244,2.6023,62.4896,139.1093,315.4915
447.56,-26.5693,-16.1766,1.7149,60.4895,143.042,319.7293
447.58,-26.6314,-15.7987,0.8774,58.4247,146.3076,323.3034
447.6,-26.6868,-15.4023,0.0947,56.3321,148.9945,326.2963
447.62,-26.771,-14.5851,-1.2663,52.308,152.9615,330.714
447.64,-26.7953,-14.1913,-1.8351,50.4502,154.3828,332.2648
447.66,-26.8095,-13.8228,-2.3283,48.733,155.5004,333.4201
447.68,-26.8082,-13.4851,-2.7395,47.2486,156.3351,334.3682
447.7,-26.7908,-13.1943,-3.0735,46.0137,156.8915,335.2039
447.72,-26.718,-12.7734,-3.5119,44.3167,157.3402,336.2877
447.74,-26.6668,-12.6574,-3.62,43.831,157.328,336.4033
447.76,-26.6108,-12.6077,-3.6564,43.589,157.1951,336.1998
447.78,-26.5524,-12.6267,-3.6277,43.5763,156.9483,335.7844
447.8,-26.4875,-12.7071,-3.5349,43.828,156.5522,335.2008
447.82,-26.3209,-13.1006,-3.1031,45.2322,155.142,333.5096
447.84,-26.233,-13.3816,-2.7849,46.2751,154.1643,332.3809
447.86,-26.1441,-13.7076,-2.3921,47.5498,152.9671,331.0209
447.88,-26.0511,-14.0728,-1.9223,49.0288,151.5107,329.4426
447.9,-25.9562,-14.4659,-1.376,50.7046,149.7459,327.651
447.92,-25.7659,-15.2984,-0.0656,54.47,145.1019,323.2889
447.94,-25.6804,-15.7111,0.6874,56.4213,142.1445,320.4485
447.96,-25.6034,-16.1097,1.4975,58.3212,138.7674,316.9968
447.98,-25.5446,-16.4814,2.3518,60.1423,134.9357,312.9452
448,-25.5007,-16.8207,3.2395,61.8523,130.6153,308.386
448.02,-25.4672,-17.3587,5.0735,64.8002,120.4633,297.7973
448.04,-25.4892,-17.5501,5.9854,65.9457,114.7737,291.878
448.06,-25.5259,-17.6927,6.8823,66.8451,108.9095,285.6664
448.08,-25.5915,-17.7797,7.7487,67.5523,102.9157,279.334
448.1,-25.6814,-17.8254,8.5735,68.0404,96.9582,272.9923
448.12,-25.9025,-17.8071,10.0722,68.5449,85.9105,261.034
448.14,-26.0318,-17.7533,10.731,68.6403,80.9679,255.4911
448.16,-26.1707,-17.6699,11.3227,68.6771,76.4295,250.3099
448.18,-26.3024,-17.5783,11.8398,68.6546,72.4969,245.7519
448.2,-26.4265,-17.4758,12.2799,68.6113,69.0939,241.7693
448.22,-26.6459,-17.2522,12.9232,68.5635,63.8755,235.4183
448.24,-26.7331,-17.1628,13.1263,68.5887,62.2022,233.2467
448.26,-26.7983,-17.094,13.2504,68.6848,61.1588,231.769
448.28,-26.8364,-17.0524,13.3032,68.7997,60.6497,230.962
448.3,-26.8652,-17.039,13.2805,68.9742,60.637,230.842
448.32,-26.8605,-17.1128,13.0287,69.4552,62.475,232.633
448.34,-26.8333,-17.1864,12.7971,69.762,64.2877,234.5626
448.36,-26.7976,-17.2929,12.4962,70.0979,66.7724,237.2603
448.38,-26.744,-17.4059,12.1148,70.3985,70.0099,240.8227
448.4,-26.6792,-17.5161,11.6671,70.6327,73.8193,245.0698
448.42,-26.5366,-17.7031,10.5536,70.9382,83.4012,255.6649
448.44,-26.4727,-17.7587,9.8906,70.9309,89.2403,261.8827
448.46,-26.421,-17.7798,9.162,70.7711,95.689,268.4926
448.48,-26.3987,-17.7457,8.3781,70.4499,102.5695,275.3065
448.5,-26.3954,-17.6865,7.5337,69.8539,109.7746,282.4776
448.52,-26.4594,-17.4036,5.7505,67.9227,123.2772,296.2081
448.54,-26.5205,-17.1932,4.8297,66.5776,129.3443,302.5018
448.56,-26.5978,-16.9355,3.9044,64.9961,134.7984,308.3114
448.58,-26.6902,-16.6387,2.9853,63.224,139.5725,313.5623
448.6,-26.7872,-16.3056,2.0918,61.3103,143.7276,318.2319
448.62,-26.9823,-15.5597,0.4136,57.311,150.1024,326.0574
448.64,-27.0663,-15.156,-0.3417,55.3322,152.441,329.2368
448.66,-27.1399,-14.7487,-1.0348,53.3626,154.3681,331.8797
448.68,-27.2038,-14.3456,-1.658,51.4494,155.9333,333.9533
448.7,-27.2529,-13.9614,-2.203,49.6309,157.2009,335.4872
448.72,-27.307,-13.2928,-3.0515,46.5489,158.9067,337.372
448.74,-27.3061,-13.0297,-3.3499,45.3827,159.4029,337.9326
448.76,-27.2911,-12.8238,-3.5659,44.4967,159.6988,338.2113
448.78,-27.2585,-12.6892,-3.7006,43.8807,159.8075,338.2325
448.8,-27.2098,-12.6203,-3.7528,43.6025,159.7407,338.1132
448.82,-27.0782,-12.6925,-3.6406,43.919,159.0801,337.4557
448.84,-26.9782,-12.852,-3.4496,44.5794,158.3801,336.7326
448.86,-26.8763,-13.0661,-3.1953,45.4469,157.5433,335.7943
448.88,-26.7682,-13.3357,-2.8682,46.5523,156.4903,334.6237
448.9,-26.6514,-13.6539,-2.4634,47.8823,155.1958,333.1687
448.92,-26.4034,-14.4045,-1.4281,51.0636,151.7705,329.3536
448.94,-26.2722,-14.8148,-0.7957,52.8959,149.5232,327.0333
448.96,-26.1406,-15.2338,-0.0928,54.8321,146.8273,324.4076
448.98,-26.0118,-15.6518,0.6766,56.7851,143.6875,321.3184
449,-25.8939,-16.0517,1.5034,58.7224,140.0637,317.7199
449.02,-25.6967,-16.7667,3.2856,62.2529,131.3062,308.7685
449.04,-25.6275,-17.0623,4.2128,63.7547,126.2338,303.4584
449.06,-25.5779,-17.3021,5.1514,65.0623,120.6472,297.5732
449.08,-25.5511,-17.4881,6.0794,66.1185,114.713,291.3795
449.1,-25.5556,-17.6105,6.9904,66.9695,108.5447,284.8642
449.12,-25.6355,-17.7325,8.6953,67.9425,96.5266,271.8758
449.14,-25.7064,-17.7305,9.4805,68.1925,90.8752,265.5807
449.16,-25.7962,-17.6986,10.2099,68.2819,85.4904,259.5862
449.18,-25.9035,-17.6377,10.8762,68.2737,80.4197,253.9774
449.2,-25.9987,-17.5628,11.483,68.1245,75.8756,248.9483
449.22,-26.1843,-17.3718,12.4774,67.6164,68.2895,240.6248
449.24,-26.2721,-17.2723,12.848,67.3678,65.4768,237.4929
449.26,-26.335,-17.1815,13.1446,67.1136,63.3406,235.0486
449.28,-26.3894,-17.0981,13.3565,66.9253,61.7422,233.2051
449.3,-26.4198,-17.0338,13.4892,66.7709,60.779,232.0865
449.32,-26.4416,-16.9787,13.5185,66.7566,60.4523,231.7262
449.34,-26.4251,-17.0029,13.4287,66.884,61.1247,232.4158
449.36,-26.3987,-17.0511,13.2538,67.0944,62.3825,233.7134
449.38,-26.3617,-17.1268,13.0049,67.4263,64.15,235.5782
449.4,-26.3173,-17.2306,12.6808,67.8007,66.6002,238.1551
449.42,-26.2191,-17.4375,11.8039,68.6748,73.4222,245.2133
449.44,-26.1555,-17.5364,11.2547,69.0687,78.0339,249.8804
449.46,-26.1078,-17.6176,10.6295,69.3934,83.2575,255.2396
449.48,-26.0715,-17.6881,9.929,69.583,89.1662,261.365
449.5,-26.0452,-17.7138,9.1699,69.5821,95.3849,267.9026
449.52,-26.0341,-17.6539,7.4878,68.8361,108.6535,282.0887
449.54,-26.0448,-17.5466,6.593,68.045,115.1432,289.049
449.56,-26.0837,-17.3879,5.6627,66.9898,121.3842,295.8354
449.58,-26.134,-17.1739,4.7165,65.6582,127.219,302.1652
449.6,-26.2006,-16.9099,3.7613,64.0698,132.5815,308.0612
449.62,-26.3622,-16.228,1.8932,60.3404,141.5314,318.134
449.64,-26.4438,-15.8328,1.0106,58.258,145.1247,322.1438
449.66,-26.5259,-15.407,0.1785,56.1513,148.1562,325.5798
449.68,-26.6014,-14.967,-0.5963,54.0268,150.6782,328.5286
449.7,-26.6635,-14.5201,-1.2985,51.9447,152.7458,330.9348
449.72,-26.7553,-13.6573,-2.4748,48.0649,155.8001,334.2014
449.74,-26.7826,-13.2669,-2.9435,46.3507,156.8612,335.2099
449.76,-26.7912,-12.9215,-3.3284,44.8482,157.6634,335.9195
449.78,-26.7831,-12.6318,-3.6324,43.5975,158.2166,336.3822
449.8,-26.7572,-12.4056,-3.8564,42.6251,158.5513,336.6635
449.82,-26.6637,-12.1655,-4.0769,41.5644,158.6559,336.6476
449.84,-26.5988,-12.1602,-4.0775,41.476,158.4316,336.3329
449.86,-26.5222,-12.2238,-4.0104,41.6709,158.0349,335.9274
449.88,-26.4229,-12.3717,-3.8534,42.2218,157.3697,335.2834
449.9,-26.3206,-12.5821,-3.6233,43.0272,156.5515,334.43
449.92,-26.1081,-13.1711,-2.935,45.342,154.3986,331.954
449.94,-26.0004,-13.5368,-2.4726,46.8551,153.0032,330.3832
449.96,-25.8929,-13.9407,-1.9321,48.5788,151.3129,328.5983
449.98,-25.7864,-14.3719,-1.314,50.4811,149.2787,326.5867
450,-25.6805,-14.8213,-0.6189,52.4974,146.8591,324.2537
450.02,-25.5077,-15.7209,0.9767,56.653,140.8322,318.1749
450.04,-25.4434,-16.1466,1.8661,58.6997,137.124,314.2803
450.06,-25.3945,-16.5472,2.8008,60.6415,132.8498,309.88
450.08,-25.3702,-16.9039,3.7709,62.4635,127.9354,304.8729
450.1,-25.37,-17.214,4.7609,64.0711,122.4664,299.2609
450.12,-25.4488,-17.6667,6.7407,66.5353,110.2169,286.4352
450.14,-25.5223,-17.7964,7.7061,67.3487,103.5074,279.4592
450.16,-25.6127,-17.8692,8.6355,67.867,96.7451,272.4865
450.18,-25.7254,-17.8797,9.5179,68.158,90.0656,265.5746
450.2,-25.8433,-17.8423,10.3426,68.1844,83.7833,259.0473
450.22,-26.1085,-17.6353,11.7775,67.8339,72.8102,247.3996
450.24,-26.2519,-17.4894,12.3667,67.5854,68.3545,242.44
450.26,-26.3757,-17.3283,12.8786,67.3304,64.6454,238.0124
450.28,-26.4872,-17.1794,13.294,67.1407,61.7146,234.301
450.3,-26.5886,-17.021,13.6272,66.9978,59.2406,231.0604
450.32,-26.7266,-16.7905,14.0255,66.948,56.2234,226.7084
450.34,-26.7611,-16.7169,14.0982,67.0651,55.5184,225.5277
450.36,-26.7887,-16.689,14.0846,67.2752,55.3645,225.0555
450.38,-26.771,-16.6972,14.0003,67.5263,55.9227,225.4091
450.4,-26.7352,-16.737,13.8294,67.8453,57.0832,226.416
450.42,-26.6071,-16.9205,13.2321,68.6257,61.5781,231.085
450.44,-26.5131,-17.0371,12.818,68.9937,64.8663,234.7022
450.46,-26.4135,-17.1573,12.3208,69.2867,68.7874,239.0932
450.48,-26.2946,-17.291,11.7466,69.5417,73.6003,244.4339
450.5,-26.1824,-17.408,11.0944,69.7307,79.0641,250.4127
450.52,-25.9966,-17.5694,9.5601,69.7351,92.062,264.1591
450.54,-25.9276,-17.5891,8.6852,69.4231,99.3081,271.7033
450.56,-25.8823,-17.5592,7.7435,68.8238,106.646,279.4836
450.58,-25.8594,-17.4692,6.7514,67.9245,113.8532,287.2307
450.6,-25.8563,-17.3117,5.7245,66.7016,120.6681,294.6601
450.62,-25.919,-16.8095,3.6255,63.3903,132.6184,307.9679
450.64,-25.9704,-16.4733,2.5946,61.3704,137.5072,313.5504
450.66,-26.032,-16.0873,1.595,59.1881,141.6684,318.399
450.68,-26.1015,-15.6581,0.6415,56.9045,145.159,322.5686
450.7,-26.1685,-15.1939,-0.2442,54.5795,148.059,326.005
450.72,-26.2949,-14.2139,-1.7865,50.0524,152.3361,331.2519
450.74,-26.3478,-13.7292,-2.4279,47.9702,153.8754,333.2137
450.76,-26.3922,-13.2713,-2.9842,46.0657,155.0874,334.8738
450.78,-26.4255,-12.8534,-3.4527,44.3951,156.0236,336.2736
450.8,-26.4484,-12.4938,-3.8396,42.9333,156.727,337.3358
450.82,-26.4684,-11.9671,-4.3723,40.7518,157.6179,338.4458
450.84,-26.463,-11.8171,-4.5242,40.0513,157.8331,338.5364
450.86,-26.4479,-11.7489,-4.6028,39.648,157.901,338.3751
450.88,-26.4215,-11.7608,-4.6054,39.5533,157.8322,338.0178
450.9,-26.3854,-11.8447,-4.5406,39.7426,157.6184,337.5603
450.92,-26.271,-12.2682,-4.1493,41.1786,156.5872,335.938
450.94,-26.2001,-12.5777,-3.8368,42.3239,155.7907,334.8814
450.96,-26.1191,-12.9455,-3.4429,43.7646,154.7343,333.727
450.98,-26.0282,-13.3633,-2.9675,45.4799,153.3658,332.4774
451,-25.9309,-13.8197,-2.4084,47.4073,151.6808,330.9907
451.02,-25.7304,-14.7984,-1.0513,51.6534,147.2151,326.9326
451.04,-25.6344,-15.2935,-0.2593,53.8808,144.3439,324.2674
451.06,-25.5478,-15.779,0.5972,56.0917,140.9634,321.0669
451.08,-25.4714,-16.2376,1.5133,58.2496,137.0105,317.2958
451.1,-25.4107,-16.6629,2.473,60.2532,132.4557,312.8322
451.12,-25.355,-17.3638,4.4744,63.6239,121.7411,301.8804
451.14,-25.3648,-17.6319,5.4823,64.9076,115.7345,295.6425
451.16,-25.4048,-17.832,6.4809,65.9523,109.3387,288.9891
451.18,-25.4657,-17.9738,7.4502,66.6944,102.7938,282.1788
451.2,-25.5439,-18.054,8.3821,67.164,96.2139,275.363
451.22,-25.7532,-18.0565,10.079,67.4469,84.073,262.5042
451.24,-25.8853,-17.9887,10.8217,67.3513,78.691,256.6572
451.26,-26.0123,-17.8778,11.4928,67.1496,73.8154,251.3118
451.28,-26.1349,-17.7443,12.0792,66.8776,69.5869,246.6123
451.3,-26.2515,-17.6031,12.575,66.5909,66.065,242.5845
451.32,-26.4379,-17.3161,13.317,66.1056,61.0043,236.3549
451.34,-26.5195,-17.1962,13.5528,65.9907,59.3605,234.1902
451.36,-26.5823,-17.0886,13.7183,65.919,58.1566,232.5508
451.38,-26.6209,-17.0337,13.7815,66.0173,57.6142,231.7029
451.4,-26.6399,-17.0022,13.7828,66.144,57.5275,231.3771
451.42,-26.6264,-17.049,13.5748,66.6488,58.8421,232.4573
451.44,-26.5879,-17.1285,13.3447,66.997,60.4202,234.0413
451.46,-26.5386,-17.234,13.0523,67.3799,62.5516,236.3029
451.48,-26.4791,-17.3444,12.685,67.7636,65.1915,239.1795
451.5,-26.397,-17.4629,12.25,68.137,68.5775,242.8029
451.52,-26.2339,-17.667,11.1571,68.7592,77.0471,251.9811
451.54,-26.1494,-17.757,10.5052,68.956,82.3049,257.6165
451.56,-26.0718,-17.8146,9.797,69.014,87.9555,263.6188
451.58,-25.9969,-17.8418,9.0401,68.8798,93.8963,269.9773
451.6,-25.9366,-17.8484,8.2257,68.5391,100.0236,276.6779
451.62,-25.8632,-17.7379,6.4917,67.1881,111.8298,289.8985
451.64,-25.8357,-17.6171,5.5924,66.1579,117.4026,296.2268
451.66,-25.829,-17.4405,4.6801,64.9199,122.5874,302.1523
451.68,-25.8226,-17.2137,3.772,63.4443,127.3511,307.5572
451.7,-25.8313,-16.9264,2.876,61.8168,131.6407,312.4722
451.72,-25.8718,-16.2131,1.1724,58.149,138.8782,320.5369
451.74,-25.9046,-15.8021,0.3883,56.2049,141.8851,323.6284
451.76,-25.9419,-15.3722,-0.3369,54.2429,144.5086,326.1429
451.78,-25.9768,-14.9445,-0.9969,52.3004,146.7456,328.1841
451.8,-26.0136,-14.5234,-1.587,50.4684,148.6475,329.8502
451.82,-26.0759,-13.7717,-2.5472,47.1732,151.5736,332.0631
451.84,-26.0992,-13.4628,-2.9149,45.7882,152.6595,332.6672
451.86,-26.1134,-13.2124,-3.2061,44.6272,153.5086,333.0263
451.88,-26.1168,-13.0253,-3.4194,43.7297,154.1076,333.1682
451.9,-26.1058,-12.9116,-3.5564,43.1194,154.4468,333.2162
451.92,-26.043,-12.8981,-3.5977,42.8898,154.3602,333.1104
451.94,-25.995,-12.9888,-3.5111,43.1945,153.9808,332.8727
451.96,-25.9262,-13.165,-3.3173,43.8842,153.2737,332.3511
451.98,-25.8575,-13.387,-3.0585,44.7638,152.4044,331.5934
452,-25.7825,-13.6545,-2.7181,45.9196,151.2852,330.6963
452.02,-25.6297,-14.3082,-1.8039,48.9025,148.2907,328.3402
452.04,-25.5621,-14.6776,-1.2351,50.6521,146.4057,326.756
452.06,-25.5045,-15.0638,-0.5962,52.5207,144.2618,324.8308
452.08,-25.4612,-15.457,0.1057,54.4687,141.8208,322.5227
452.1,-25.4335,-15.8477,0.8634,56.4181,139.0599,319.7016
452.12,-25.4422,-16.5884,2.5051,60.1507,132.5928,312.4204
452.14,-25.4759,-16.9186,3.3746,61.8961,128.7816,307.9733
452.16,-25.5291,-17.2183,4.2589,63.5133,124.5921,303.1071
452.18,-25.5984,-17.475,5.1517,64.9762,119.921,297.7833
452.2,-25.6789,-17.6848,6.0419,66.2534,114.7942,292.0795
452.22,-25.8621,-17.9457,7.7749,68.1045,103.2357,279.7924
452.24,-25.9593,-18.0035,8.5908,68.6265,97.178,273.5172
452.26,-26.0576,-18.0142,9.3611,68.9194,91.274,267.4252
452.28,-26.176,-17.9705,10.0748,69.036,85.5616,261.4992
452.3,-26.2707,-17.9125,10.7274,68.9475,80.5792,256.1266
452.32,-26.4744,-17.7175,11.8112,68.604,72.2072,246.9242
452.34,-26.558,-17.602,12.2468,68.379,68.9215,243.1951
452.36,-26.6218,-17.491,12.6128,68.1325,66.2298,240.0298
452.38,-26.6775,-17.3719,12.8885,67.9809,64.097,237.4498
452.4,-26.7214,-17.2786,13.087,67.8866,62.5946,235.5106
452.42,-26.7588,-17.1644,13.2453,67.9816,61.3882,233.4421
452.44,-26.7388,-17.1542,13.2106,68.1459,61.7209,233.4857
452.46,-26.7147,-17.1705,13.1021,68.3742,62.5689,234.1581
452.48,-26.6707,-17.212,12.8821,68.7094,64.2145,235.6183
452.5,-26.6148,-17.2809,12.5972,69.0535,66.5503,237.8902
452.52,-26.4766,-17.4454,11.8092,69.6865,72.9814,244.5661
452.54,-26.4038,-17.5364,11.3093,69.9155,77.1483,249.0589
452.56,-26.3204,-17.622,10.7507,70.0141,81.7864,254.1099
452.58,-26.2417,-17.6975,10.1335,69.9832,86.8734,259.6599
452.6,-26.1646,-17.7499,9.4707,69.7849,92.1865,265.5002
452.62,-26.0509,-17.7717,8.0048,68.9172,103.2867,277.8286
452.64,-26.007,-17.7286,7.2178,68.2096,108.916,284.0876
452.66,-25.9914,-17.6303,6.4023,67.3623,114.437,290.1468
452.68,-25.9992,-17.4833,5.5643,66.3357,119.8644,295.9859
452.7,-26.0316,-17.283,4.7133,65.1469,125.0821,301.5037
452.72,-26.1488,-16.7467,3.0119,62.2732,134.4895,311.5363
452.74,-26.2328,-16.4196,2.1816,60.6683,138.5029,315.9396
452.76,-26.3244,-16.0616,1.385,59.0003,142.0921,319.9097
452.78,-26.4213,-15.6821,0.6263,57.2939,145.2196,323.5093
452.8,-26.5197,-15.3003,-0.0923,55.5214,147.9182,326.6778
452.82,-26.7057,-14.5233,-1.3468,52.0912,152.1442,331.4898
452.84,-26.7881,-14.1589,-1.8761,50.4584,153.7452,333.2123
452.86,-26.8615,-13.8222,-2.3339,48.9585,155.0583,334.5512
452.88,-26.9219,-13.5311,-2.7191,47.6164,156.0855,335.5573
452.9,-26.9691,-13.2925,-3.0264,46.4873,156.8684,336.1932
452.92,-27.0206,-12.989,-3.4032,45.0221,157.75,336.7979
452.94,-27.0233,-12.9362,-3.4702,44.7148,157.8716,336.7554
452.96,-27.0117,-12.9489,-3.4566,44.7231,157.7972,336.5599
452.98,-26.9868,-13.0233,-3.3711,45.0013,157.5381,336.2072
453,-26.945,-13.1803,-3.1841,45.6427,157.0225,335.5695
453.02,-26.8366,-13.6522,-2.5919,47.6702,155.4564,333.785
453.04,-26.773,-13.9618,-2.1801,49.0326,154.352,332.4876
453.06,-26.7026,-14.3139,-1.695,50.5684,152.9964,330.9117
453.08,-26.6261,-14.6953,-1.1376,52.2695,151.3451,329.054
453.1,-26.5443,-15.0985,-0.5115,54.0842,149.3487,326.8576
453.12,-26.371,-15.9198,0.9284,57.8762,144.0682,321.1989
453.14,-26.2853,-16.3146,1.7288,59.771,140.6533,317.6419
453.16,-26.193,-16.6884,2.575,61.5462,136.6651,313.4502
453.18,-26.1087,-17.0204,3.4535,63.201,132.0346,308.6417
453.2,-26.0297,-17.3147,4.3509,64.6262,126.8658,303.2674
453.22,-25.8993,-17.7632,6.1449,66.7085,115.0961,291.3075
453.24,-25.8594,-17.912,7.0222,67.3704,108.7299,284.9089
453.26,-25.828,-18.0128,7.8762,67.7663,102.2817,278.5493
453.28,-25.8126,-18.0748,8.684,67.8947,95.9883,272.3899
453.3,-25.8172,-18.0785,9.446,67.8381,89.9893,266.4727
453.32,-25.8425,-17.9827,10.7866,67.2087,79.8483,256.2501
453.34,-25.8749,-17.8883,11.3493,66.8019,75.747,252.01
453.36,-25.9128,-17.7666,11.8465,66.3721,72.1601,248.1938
453.38,-25.9512,-17.6389,12.2478,66.0186,69.4096,245.1217
453.4,-25.9884,-17.5243,12.5777,65.7234,67.2591,242.5798
453.42,-26.0473,-17.326,13.006,65.405,64.4816,238.9568
453.44,-26.0675,-17.2828,13.0926,65.4042,63.958,238.1846
453.46,-26.0794,-17.2591,13.1078,65.4987,63.8749,237.8836
453.48,-26.0798,-17.2559,13.0497,65.6783,64.2411,238.0552
453.5,-26.0917,-17.2881,12.9004,66.0026,65.1626,238.8738
453.52,-26.0709,-17.4405,12.3587,66.8744,69.089,242.6436
453.54,-26.0749,-17.531,11.9838,67.3789,71.7012,245.3938
453.56,-26.0734,-17.6321,11.5449,67.8742,74.9841,248.8067
453.58,-26.0773,-17.7268,11.0394,68.3726,78.8912,252.7911
453.6,-26.0877,-17.8049,10.4707,68.8002,83.4868,257.4129
453.62,-26.161,-17.8829,9.1338,69.3109,94.5692,268.6012
453.64,-26.2178,-17.865,8.3854,69.3,100.8116,274.9241
453.66,-26.2935,-17.8052,7.5888,69.0475,107.2876,281.5223
453.68,-26.3911,-17.695,6.7637,68.5644,113.7442,288.1084
453.7,-26.5127,-17.543,5.9096,67.8509,120.1532,294.6718
453.72,-26.7857,-17.1241,4.18,65.7138,131.7459,307.0124
453.74,-26.9364,-16.8664,3.3227,64.3157,136.8493,312.5273
453.76,-27.0978,-16.5746,2.4847,62.7622,141.3721,317.4174
453.78,-27.2569,-16.26,1.6772,61.0604,145.3425,321.7562
453.8,-27.4065,-15.9239,0.9115,59.305,148.6784,325.54
453.82,-27.6696,-15.2239,-0.4752,55.8228,153.6578,331.8117
453.84,-27.7727,-14.8708,-1.0781,54.1405,155.4555,334.1909
453.86,-27.8596,-14.5232,-1.6148,52.5377,156.8965,336.1135
453.88,-27.9292,-14.1883,-2.0803,51.0655,158.0225,337.6328
453.9,-27.9799,-13.886,-2.4749,49.7527,158.8761,338.879
453.92,-28.0304,-13.4099,-3.0389,47.7634,159.9676,340.419
453.94,-28.0321,-13.2532,-3.2083,47.1047,160.2662,340.7249
453.96,-28.0212,-13.1584,-3.3056,46.6989,160.4064,340.8094
453.98,-27.9944,-13.1292,-3.3301,46.5575,160.3857,340.668
454,-27.9564,-13.1638,-3.2868,46.6623,160.2002,340.3386
454.02,-27.8289,-13.4352,-2.9663,47.6852,159.1989,338.8338
454.04,-27.745,-13.6561,-2.6974,48.5689,158.3679,337.8038
454.06,-27.6452,-13.9262,-2.3511,49.6949,157.2769,336.5787
454.08,-27.5335,-14.2433,-1.9336,51.025,155.8722,335.1433
454.1,-27.411,-14.5906,-1.4402,52.5721,154.125,333.4756
454.12,-27.135,-15.3614,-0.2408,56.0002,149.4557,329.0294
454.14,-26.9911,-15.7577,0.46,57.8162,146.4426,326.1357
454.16,-26.8469,-16.1498,1.2174,59.6328,142.8849,322.7633
454.18,-26.7042,-16.5305,2.0249,61.3547,138.8117,318.7985
454.2,-26.5725,-16.8798,2.8744,62.9667,134.204,314.1697
454.22,-26.3593,-17.4708,4.629,65.5518,123.8154,302.986
454.24,-26.2788,-17.6976,5.5067,66.495,118.2467,296.8124
454.26,-26.2159,-17.8743,6.3652,67.1952,112.4459,290.4989
454.28,-26.1801,-17.9916,7.1917,67.7099,106.5784,284.2483
454.3,-26.1562,-18.0487,7.9919,68.0311,100.6118,278.0687
454.32,-26.1707,-18.0562,9.4482,68.1758,89.6057,266.6827
454.34,-26.2056,-18.0131,10.0997,68.1114,84.7541,261.4962
454.36,-26.2478,-17.9562,10.7016,68.0059,80.4334,256.687
454.38,-26.3208,-17.8809,11.2217,67.9123,76.6862,252.3328
454.4,-26.387,-17.7925,11.6884,67.8003,73.3589,248.3792
454.42,-26.5008,-17.6181,12.4137,67.5696,68.2752,242.0852
454.44,-26.5536,-17.5402,12.6652,67.4966,66.5012,239.8114
454.46,-26.5845,-17.4738,12.8511,67.4355,65.2619,238.0728
454.48,-26.6035,-17.4194,12.9683,67.3923,64.4786,236.909
454.5,-26.6088,-17.395,13.0148,67.4189,64.2384,236.38
454.52,-26.5744,-17.3818,12.9131,67.574,65.1629,236.8171
454.54,-26.5323,-17.4155,12.7305,67.7887,66.6871,238.06
454.56,-26.4939,-17.4505,12.4808,68.0538,68.6823,239.7644
454.58,-26.4502,-17.5031,12.1459,68.4219,71.4733,242.2189
454.6,-26.4019,-17.5558,11.7251,68.824,75.0335,245.4019
454.62,-26.3495,-17.644,10.6082,69.7509,84.9797,254.0558
454.64,-26.3522,-17.67,9.9125,70.1129,91.4336,259.7648
454.66,-26.3793,-17.6687,9.132,70.294,98.8528,266.3982
454.68,-26.4439,-17.6361,8.2637,70.2111,107.021,273.9228
454.7,-26.5319,-17.5547,7.3227,69.7129,115.5598,281.9292
454.72,-26.7961,-17.1995,5.2818,67.4329,131.4689,297.7491
454.74,-26.9555,-16.9308,4.2199,65.6745,138.2443,304.8219
454.76,-27.1302,-16.6052,3.1575,63.5587,144.0085,310.9731
454.78,-27.3087,-16.2278,2.124,61.1915,148.7838,316.1461
454.8,-27.4894,-15.8051,1.1371,58.7146,152.6515,320.4769
454.82,-27.8134,-14.904,-0.6449,53.7717,158.0124,327.5062
454.84,-27.9519,-14.4498,-1.4153,51.4826,159.7857,330.3212
454.86,-28.0692,-14.0172,-2.0957,49.3703,161.1345,332.7307
454.88,-28.1679,-13.6156,-2.6814,47.4722,162.1562,334.7315
454.9,-28.2498,-13.2612,-3.1748,45.7887,162.9301,336.2832
454.92,-28.3548,-12.7136,-3.8716,43.3393,163.8746,338.4953
454.94,-28.377,-12.5408,-4.0773,42.6054,164.0719,339.1692
454.96,-28.3803,-12.4393,-4.1885,42.2317,164.1138,339.5726
454.98,-28.3631,-12.4164,-4.2055,42.176,164.0345,339.6345
455,-28.3359,-12.4648,-4.1423,42.4155,163.8539,339.4286
455.02,-28.2316,-12.8116,-3.7429,43.9088,163.0344,338.2004
455.04,-28.1622,-13.089,-3.4254,45.0837,162.4051,337.2709
455.06,-28.0797,-13.4279,-3.0299,46.519,161.5663,336.1308
455.08,-27.9846,-13.8161,-2.5569,48.1893,160.4904,334.7779
455.1,-27.8766,-14.2423,-2.0086,50.0544,159.0797,333.1581
455.12,-27.6091,-15.1612,-0.6838,54.2982,154.9047,329.142
455.14,-27.4506,-15.6276,0.0875,56.5805,151.953,326.646
455.16,-27.2796,-16.0864,0.9172,58.8126,148.3571,323.5647
455.18,-27.1085,-16.5156,1.799,60.9292,144.1245,319.707
455.2,-26.9412,-16.9074,2.7187,62.8394,139.271,315.0172
455.22,-26.6419,-17.5485,4.616,65.9289,127.7122,303.4796
455.24,-26.5072,-17.7893,5.5743,67.0584,121.0248,296.9061
455.26,-26.3887,-17.9679,6.521,67.8666,113.8564,289.9305
455.28,-26.2842,-18.0874,7.4459,68.3512,106.581,282.8891
455.3,-26.2052,-18.1431,8.3347,68.5262,99.3835,275.8771
455.32,-26.1143,-18.1087,9.9529,68.1441,86.5021,263.0942
455.34,-26.1021,-18.0188,10.6739,67.708,80.8731,257.4857
455.36,-26.1076,-17.9163,11.325,67.1974,76.0249,252.556
455.38,-26.1203,-17.7947,11.8936,66.6539,71.9892,248.2695
455.4,-26.1508,-17.6542,12.3938,66.1747,68.4936,244.407
455.42,-26.2161,-17.3833,13.1655,65.3972,63.446,238.3646
455.44,-26.2532,-17.2652,13.4352,65.1451,61.6193,236.1124
455.46,-26.2725,-17.1639,13.6335,64.9415,60.3464,234.4567
455.48,-26.2899,-17.0981,13.748,64.8682,59.558,233.3986
455.5,-26.295,-17.0607,13.7956,64.8687,59.265,232.8787
455.52,-26.2856,-17.0623,13.6872,65.1361,59.923,233.2208
455.54,-26.2647,-17.1202,13.5078,65.4608,61.1469,234.3115
455.56,-26.2397,-17.2088,13.2707,65.8276,62.8262,235.9375
455.58,-26.2034,-17.3208,12.9668,66.2541,65.0447,238.1446
455.6,-26.1784,-17.4389,12.5906,66.7275,67.6973,240.8824
455.62,-26.1096,-17.6929,11.6336,67.7005,75.0027,248.2613
455.64,-26.0885,-17.8086,11.0493,68.1691,79.7142,252.8853
455.66,-26.0771,-17.8897,10.3994,68.573,85.074,258.0356
455.68,-26.0905,-17.9333,9.6778,68.8493,91.0029,263.7892
455.7,-26.1056,-17.9456,8.891,68.8858,97.6233,270.1907
455.72,-26.2026,-17.7948,7.1614,68.2742,111.7679,283.9234
455.74,-26.284,-17.64,6.2331,67.4974,118.8515,290.8782
455.76,-26.374,-17.4346,5.2872,66.3887,125.5313,297.5077
455.78,-26.477,-17.1761,4.3311,64.9901,131.5689,303.6565
455.8,-26.5869,-16.8687,3.3827,63.3392,136.8552,309.1931
455.82,-26.818,-16.142,1.5582,59.5129,145.3388,318.3649
455.84,-26.9308,-15.7393,0.7076,57.4324,148.6439,321.9865
455.86,-27.0337,-15.3224,-0.0831,55.3113,151.3826,324.899
455.88,-27.1311,-14.8988,-0.8121,53.1729,153.6619,327.1856
455.9,-27.2118,-14.4801,-1.4706,51.1071,155.5054,329.0884
455.92,-27.3159,-13.6947,-2.5661,47.5209,157.9486,332.3069
455.94,-27.3414,-13.3453,-3.0012,46.055,158.7056,333.6357
455.96,-27.3481,-13.0372,-3.3598,44.7678,159.2483,334.6894
455.98,-27.3421,-12.7759,-3.6432,43.6713,159.6309,335.3652
456,-27.3235,-12.5745,-3.856,42.7744,159.8633,335.7043
456.02,-27.2496,-12.3706,-4.063,41.7438,159.9081,335.4641
456.04,-27.1921,-12.3765,-4.0591,41.6701,159.7048,335.1369
456.06,-27.1239,-12.4482,-3.992,41.8674,159.3421,334.7257
456.08,-27.0281,-12.608,-3.8334,42.4058,158.7275,334.0124
456.1,-26.9287,-12.8206,-3.6085,43.1988,157.9588,333.1953
456.12,-26.6993,-13.408,-2.9366,45.5492,155.7493,331.1083
456.14,-26.5728,-13.7681,-2.4879,47.0606,154.2651,329.7789
456.16,-26.4403,-14.1595,-1.9644,48.7473,152.4976,328.2133
456.18,-26.3078,-14.5734,-1.3704,50.5606,150.425,326.3241
456.2,-26.1788,-15.0007,-0.7105,52.4548,147.9935,324.0956
456.22,-25.9332,-15.8584,0.8001,56.3154,141.9852,318.3474
456.24,-25.8279,-16.2679,1.6361,58.2081,138.3151,314.7325
456.26,-25.7368,-16.657,2.514,59.9942,134.1587,310.6113
456.28,-25.6597,-17.0136,3.4259,61.6408,129.5053,305.9868
456.3,-25.6123,-17.3246,4.3577,63.1312,124.3474,300.808
456.32,-25.5824,-17.8137,6.2195,65.4119,112.8997,289.3286
456.34,-25.597,-17.9705,7.1237,66.1911,106.7357,283.2975
456.36,-25.6157,-18.0672,7.9994,66.6897,100.4515,277.1979
456.38,-25.6741,-18.0975,8.8051,66.9425,94.3985,271.3644
456.4,-25.7369,-18.0781,9.5552,66.976,88.7584,265.8521
456.42,-25.8956,-17.9432,10.8452,66.6892,79.3657,256.2819
456.44,-25.9862,-17.8502,11.3807,66.506,75.5606,252.2066
456.46,-26.0911,-17.7361,11.8433,66.3509,72.1488,248.507
456.48,-26.1754,-17.6422,12.2343,66.1758,69.4407,245.4752
456.5,-26.2589,-17.5537,12.5442,66.0827,67.2272,242.9572
456.52,-26.3983,-17.4158,12.9455,66.0786,64.281,239.2954
456.54,-26.4468,-17.3665,13.0398,66.1682,63.5284,238.151
456.56,-26.4777,-17.3577,13.057,66.3441,63.4451,237.7433
456.58,-26.4912,-17.3703,13.0106,66.5311,63.7895,237.886
456.6,-26.4946,-17.39,12.9082,66.7467,64.468,238.4811
456.62,-26.4488,-17.5301,12.4722,67.28,67.703,241.7505
456.64,-26.4164,-17.6104,12.1638,67.5825,70.0204,244.0521
456.66,-26.3752,-17.6901,11.7887,67.891,72.9008,246.962
456.68,-26.3179,-17.7727,11.3413,68.1739,76.5139,250.5788
456.7,-26.2738,-17.8311,10.8167,68.4409,80.5868,254.7495
456.72,-26.1887,-17.8496,9.5651,68.6759,90.0912,264.6913
456.74,-26.1583,-17.8147,8.8313,68.5739,95.6646,270.5483
456.76,-26.1478,-17.7199,8.0434,68.338,101.6308,276.5928
456.78,-26.1595,-17.5897,7.1939,67.8797,108.0721,283.0377
456.8,-26.1941,-17.4047,6.304,67.1769,114.5781,289.5168
456.82,-26.336,-16.9111,4.4453,65.0042,127.0598,302.0467
456.84,-26.4359,-16.6014,3.5062,63.5745,132.5834,307.8267
456.86,-26.5444,-16.2561,2.5834,61.9273,137.5368,313.0436
456.88,-26.6615,-15.8785,1.6886,60.09,141.9162,317.5602
456.9,-26.7769,-15.4759,0.8366,58.0909,145.6947,321.3665
456.92,-26.9811,-14.6317,-0.691,53.9778,151.412,327.2415
456.94,-27.0653,-14.2122,-1.3466,51.9651,153.4879,329.24
456.96,-27.1318,-13.8091,-1.9186,50.0714,155.1426,330.7465
456.98,-27.1791,-13.438,-2.4054,48.3385,156.4071,331.8313
457,-27.2073,-13.1091,-2.8069,46.8287,157.3438,332.6138
457.02,-27.2011,-12.6235,-3.3604,44.6737,158.3518,333.6794
457.04,-27.1687,-12.4801,-3.519,44.0484,158.4889,334.0324
457.06,-27.1236,-12.4036,-3.6027,43.7068,158.426,334.139
457.08,-27.0661,-12.3992,-3.6113,43.6063,158.2134,333.9396
457.1,-27.0024,-12.4545,-3.5531,43.7522,157.8664,333.5245
457.12,-26.8285,-12.7856,-3.1908,44.9134,156.5519,331.9127
457.14,-26.7334,-13.0343,-2.9061,45.8626,155.6121,330.8787
457.16,-26.6309,-13.3326,-2.5489,47.0356,154.4528,329.6716
457.18,-26.5246,-13.673,-2.1196,48.3858,153.0658,328.1654
457.2,-26.4171,-14.0468,-1.6197,49.8847,151.4467,326.3362
457.22,-26.2008,-14.8645,-0.4127,53.251,147.3303,321.7345
457.24,-26.0913,-15.2914,0.288,55.0687,144.6966,319.0354
457.26,-25.9832,-15.7116,1.0494,56.9568,141.517,316.0742
457.28,-25.8767,-16.1184,1.8672,58.8189,137.7498,312.6296
457.3,-25.7845,-16.4957,2.7292,60.5681,133.4507,308.5786
457.32,-25.651,-17.1447,4.5442,63.4917,123.4056,298.6089
457.34,-25.6159,-17.399,5.4759,64.6596,117.6016,292.9295
457.36,-25.5875,-17.6154,6.4079,65.5279,111.4623,286.981
457.38,-25.5941,-17.7537,7.3284,66.2036,104.9695,280.784
457.4,-25.6261,-17.8457,8.2157,66.591,98.48,274.5926
457.42,-25.7369,-17.8824,9.8602,66.6393,86.1951,262.8445
457.44,-25.8176,-17.8335,10.5995,66.4379,80.7518,257.5665
457.46,-25.9053,-17.7601,11.273,66.1318,75.9395,252.792
457.48,-26.0041,-17.6599,11.879,65.7669,71.6561,248.4562
457.5,-26.102,-17.5426,12.4166,65.3915,67.8976,244.5454
457.52,-26.2898,-17.3088,13.261,64.7473,62.1049,238.2768
457.54,-26.3621,-17.2077,13.5646,64.4882,60.0955,236.0058
457.56,-26.419,-17.1064,13.7969,64.296,58.505,234.1233
457.58,-26.464,-17.0332,13.946,64.2012,57.489,232.8087
457.6,-26.4875,-16.9803,14.0257,64.1867,56.9592,231.9491
457.62,-26.4813,-16.9783,13.9681,64.3929,57.4145,232.0195
457.64,-26.4604,-17.0188,13.8332,64.5857,58.1966,232.7687
457.66,-26.4164,-17.0928,13.6192,64.8908,59.6687,234.2129
457.68,-26.3609,-17.1897,13.3469,65.2247,61.5778,236.1227
457.7,-26.3,-17.2823,13.0075,65.623,63.9119,238.4234
457.72,-26.157,-17.5034,12.0981,66.5063,70.5072,244.9916
457.74,-26.0822,-17.6063,11.5345,66.9602,74.8339,249.2061
457.76,-26.0249,-17.6784,10.8959,67.382,79.6893,253.9016
457.78,-25.9693,-17.7214,10.1963,67.7277,85.2841,259.1579
457.8,-25.9422,-17.7399,9.4257,67.9483,91.5502,265.0349
457.82,-25.9344,-17.6597,7.728,67.709,105.2852,277.9855
457.84,-25.966,-17.5458,6.8174,67.1767,112.2521,284.6952
457.86,-26.0132,-17.3816,5.8839,66.3227,119.0096,291.2487
457.88,-26.082,-17.1711,4.9306,65.1475,125.4567,297.5071
457.9,-26.1557,-16.904,3.9857,63.6981,131.2447,303.1462
457.92,-26.3336,-16.238,2.142,60.1341,140.6433,312.7033
457.94,-26.4227,-15.8525,1.2759,58.1405,144.3414,316.5353
457.96,-26.5147,-15.4407,0.4611,56.0855,147.4754,319.7662
457.98,-26.5997,-15.0176,-0.2891,54.0112,150.1029,322.3669
458,-26.6808,-14.595,-0.973,51.9804,152.2899,324.5253
458.02,-26.8136,-13.7931,-2.1049,48.3261,155.5389,327.6152
458.04,-26.8613,-13.4407,-2.5485,46.7819,156.6817,328.684
458.06,-26.8947,-13.1337,-2.909,45.4816,157.5565,329.5255
458.08,-26.9129,-12.8805,-3.1866,44.4542,158.1784,330.1517
458.1,-26.9175,-12.6903,-3.385,43.6892,158.5811,330.5276
458.12,-26.8836,-12.5167,-3.5504,43.0169,158.7647,330.6994
458.14,-26.85,-12.5328,-3.5252,43.1028,158.5747,330.5605
458.16,-26.805,-12.6128,-3.4362,43.4081,158.2286,330.2161
458.18,-26.7422,-12.7821,-3.2519,44.0474,157.6303,329.5696
458.2,-26.6778,-13.0006,-3.01,44.8777,156.9054,328.7537
458.22,-26.5313,-13.5961,-2.3088,47.1849,154.9073,326.3755
458.24,-26.4498,-13.9599,-1.8497,48.6291,153.587,324.8799
458.26,-26.3665,-14.352,-1.318,50.266,151.9866,323.2121
458.28,-26.2782,-14.7701,-0.7149,52.0452,150.0684,321.3026
458.3,-26.1895,-15.1955,-0.0413,53.9518,147.7824,319.091
458.32,-26.0145,-16.0528,1.4819,57.8196,141.8718,313.5065
458.34,-25.9293,-16.4564,2.3232,59.7168,138.1084,310.0131
458.36,-25.855,-16.8362,3.197,61.5019,133.7471,306.0152
458.38,-25.7866,-17.1699,4.107,63.1075,128.7024,301.3297
458.4,-25.7308,-17.4612,5.0294,64.4837,123.0451,296.1008
458.42,-25.6605,-17.8835,6.872,66.3945,110.1767,284.4176
458.44,-25.6471,-18.0182,7.7631,66.8636,103.4338,278.3213
458.46,-25.6473,-18.0958,8.623,67.0433,96.7624,272.2607
458.48,-25.6715,-18.1122,9.4376,66.9878,90.3005,266.444
458.5,-25.6967,-18.0895,10.1945,66.6755,84.4486,261.1794
458.52,-25.7996,-17.923,11.5082,65.744,74.5724,252.1846
458.54,-25.8725,-17.7968,12.0525,65.2513,70.6022,248.4196
458.56,-25.9359,-17.6779,12.5191,64.7855,67.4555,245.2772
458.58,-26.0106,-17.5396,12.9106,64.4109,64.7529,242.4243
458.6,-26.0643,-17.425,13.2222,64.1366,62.7807,240.1244
458.62,-26.1697,-17.2404,13.6028,63.9534,60.308,236.7544
458.64,-26.2072,-17.1848,13.6743,64.0585,59.8103,235.8337
458.66,-26.2256,-17.164,13.671,64.2545,59.8288,235.4469
458.68,-26.2325,-17.1673,13.6023,64.5056,60.2773,235.574
458.7,-26.2239,-17.2046,13.4558,64.8617,61.2631,236.285
458.72,-26.1688,-17.3453,12.9349,65.7206,64.8086,239.4213
458.74,-26.1317,-17.4405,12.5656,66.207,67.4458,241.9502
458.76,-26.0957,-17.533,12.1253,66.6992,70.5843,245.0804
458.78,-26.0507,-17.6238,11.6136,67.1629,74.3482,248.915
458.8,-26.0117,-17.7105,11.0289,67.5973,78.8007,253.4945
458.82,-25.9855,-17.8261,9.6568,68.2153,89.4834,264.4238
458.84,-25.9988,-17.8326,8.8812,68.3149,95.607,270.5429
458.86,-26.0419,-17.7948,8.0488,68.2428,102.2892,277.114
458.88,-26.099,-17.719,7.1658,67.8667,109.3607,284.0133
458.9,-26.1854,-17.5779,6.2506,67.2337,116.3103,290.8232
458.92,-26.4093,-17.1246,4.3565,65.0365,129.2726,303.6861
458.94,-26.5316,-16.8203,3.4078,63.4873,134.9237,309.36
458.96,-26.6609,-16.4647,2.4772,61.7146,139.9313,314.405
458.98,-26.7893,-16.0642,1.5814,59.7877,144.2164,318.706
459,-26.9081,-15.6343,0.7325,57.7537,147.8335,322.3684
459.02,-27.1038,-14.7329,-0.7939,53.528,153.2198,327.865
459.04,-27.1788,-14.2807,-1.449,51.4471,155.2073,329.6515
459.06,-27.2356,-13.849,-2.0269,49.4632,156.7731,330.9301
459.08,-27.2706,-13.4492,-2.5206,47.6905,157.954,331.9591
459.1,-27.281,-13.0953,-2.9311,46.194,158.7524,332.874
459.12,-27.239,-12.568,-3.5077,43.951,159.5621,334.0389
459.14,-27.1946,-12.4065,-3.674,43.2114,159.6813,334.0755
459.16,-27.1361,-12.3229,-3.7634,42.726,159.6121,333.8203
459.18,-27.0653,-12.3142,-3.7724,42.5637,159.382,333.3878
459.2,-26.9868,-12.3775,-3.7112,42.6952,158.9823,332.8627
459.22,-26.7776,-12.7508,-3.3282,43.9548,157.4633,331.2044
459.24,-26.6652,-13.0292,-3.0203,45.0127,156.419,330.1762
459.26,-26.5468,-13.3619,-2.6325,46.3321,155.1314,329.0106
459.28,-26.4246,-13.739,-2.1667,47.8776,153.5666,327.6763
459.3,-26.3014,-14.1486,-1.6227,49.6142,151.7154,326.1287
459.32,-26.0642,-15.0193,-0.3129,53.465,147.0403,322.0482
459.34,-25.9602,-15.4583,0.4396,55.4674,144.143,319.374
459.36,-25.8665,-15.8876,1.2464,57.438,140.8427,316.1422
459.38,-25.7937,-16.2993,2.1049,59.3232,137.0877,312.3246
459.4,-25.735,-16.6764,3.0026,61.1378,132.7731,307.9692
459.42,-25.6723,-17.3219,4.8659,64.2411,122.6342,297.6927
459.44,-25.6723,-17.5786,5.8033,65.4497,116.8095,291.8613
459.46,-25.6884,-17.7758,6.7318,66.3969,110.5464,285.694
459.48,-25.7231,-17.9194,7.6368,67.0554,104.0443,279.3917
459.5,-25.7763,-18.002,8.5075,67.452,97.5106,273.0909
459.52,-25.915,-18.0351,10.1015,67.4708,85.3014,261.3824
459.54,-26.0048,-17.9795,10.8102,67.2622,79.7914,256.1033
459.56,-26.0975,-17.9133,11.4444,66.9255,75.0927,251.5495
459.58,-26.1953,-17.8121,12.0089,66.5554,70.8631,247.3669
459.6,-26.2905,-17.7074,12.4946,66.1956,67.3713,243.8032
459.62,-26.4608,-17.4853,13.2255,65.6757,62.2331,238.1224
459.64,-26.5244,-17.3821,13.4698,65.5312,60.5133,236.0245
459.66,-26.5829,-17.3043,13.6266,65.5007,59.3738,234.5406
459.68,-26.6159,-17.2575,13.7044,65.5521,58.8384,233.6508
459.7,-26.6367,-17.23,13.7054,65.6938,58.7693,233.2693
459.72,-26.614,-17.273,13.493,66.2513,60.3764,234.2087
459.74,-26.5856,-17.3444,13.2475,66.6683,62.0922,235.6984
459.76,-26.5327,-17.4385,12.941,67.1169,64.4547,237.8807
459.78,-26.4712,-17.5277,12.5598,67.5473,67.353,240.6493
459.8,-26.4038,-17.6213,12.0929,68.0078,70.9338,244.1721
459.82,-26.2685,-17.775,10.9038,68.7905,80.4272,253.6942
459.84,-26.2219,-17.801,10.1904,69.0691,86.1794,259.5405
459.86,-26.1851,-17.8001,9.402,69.1654,92.5893,266.1015
459.88,-26.1714,-17.7592,8.5535,69.0725,99.5331,273.1906
459.9,-26.1981,-17.6708,7.6506,68.7465,106.76,280.5485
459.92,-26.3497,-17.3564,5.7408,67.2091,121.3972,295.1628
459.94,-26.4779,-17.122,4.7613,65.9987,128.132,301.9399
459.96,-26.6189,-16.8542,3.7826,64.4813,134.2473,308.2416
459.98,-26.7794,-16.5382,2.8237,62.7751,139.6413,313.8618
460,-26.9503,-16.1852,1.8902,60.8991,144.278,318.8632
460.02,-27.2714,-15.403,0.1582,56.6776,151.5542,326.6295
460.04,-27.4145,-14.9819,-0.6157,54.5027,154.2553,329.4433
460.06,-27.5424,-14.5526,-1.318,52.3799,156.4176,331.6982
460.08,-27.6483,-14.1341,-1.9446,50.3437,158.1342,333.4999
460.1,-27.7319,-13.7368,-2.4905,48.451,159.5105,334.8754
460.12,-27.8371,-13.052,-3.3562,45.2094,161.435,336.8898
460.14,-27.8621,-12.7825,-3.6784,43.9174,162.0944,337.5298
460.16,-27.8698,-12.5799,-3.9298,42.8437,162.5795,337.801
460.18,-27.8565,-12.4453,-4.1068,42.0363,162.8603,337.7977
460.2,-27.8213,-12.372,-4.2042,41.5607,162.939,337.5452
460.22,-27.6896,-12.4216,-4.1657,41.5917,162.4075,336.7016
460.24,-27.5782,-12.5552,-4.0123,42.1523,161.7386,336.1532
460.26,-27.4519,-12.7501,-3.7776,43.1198,160.7525,335.5869
460.28,-27.3148,-13.0025,-3.4665,44.3387,159.5516,334.9205
460.3,-27.174,-13.3084,-3.0799,45.7654,158.1774,333.9837
460.32,-26.8986,-14.053,-2.0839,49.0634,154.9411,330.8817
460.34,-26.7655,-14.4755,-1.4849,50.9495,152.9392,329.0093
460.36,-26.628,-14.9151,-0.8194,52.9748,150.5781,326.9655
460.38,-26.4962,-15.3635,-0.081,55.0955,147.7296,324.494
460.4,-26.3722,-15.8043,0.7067,57.1642,144.4557,321.5106
460.42,-26.1687,-16.6207,2.4212,60.96,136.7187,313.5831
460.44,-26.1,-16.9807,3.3232,62.6308,132.2961,308.7192
460.46,-26.049,-17.298,4.2461,64.1661,127.3563,303.379
460.48,-26.012,-17.5709,5.176,65.4984,121.9076,297.6156
460.5,-25.9959,-17.7935,6.101,66.619,115.9731,291.4799
460.52,-26.0106,-18.0898,7.8858,68.0572,103.2462,278.662
460.54,-26.0508,-18.1587,8.7202,68.4066,96.7638,272.2801
460.56,-26.0865,-18.1712,9.5148,68.4849,90.4482,266.0989
460.58,-26.1362,-18.1477,10.2438,68.3436,84.6444,260.4343
460.6,-26.1993,-18.0741,10.908,68.0752,79.3333,255.2295
460.62,-26.3273,-17.8604,12.0141,67.257,70.8608,246.7711
460.64,-26.3891,-17.7376,12.4485,66.8543,67.699,243.4734
460.66,-26.4451,-17.6113,12.8043,66.511,65.1595,240.7002
460.68,-26.4982,-17.494,13.0812,66.2399,63.2075,238.4621
460.7,-26.5363,-17.399,13.2791,66.1072,61.8555,236.7487
460.72,-26.5959,-17.2964,13.4383,66.1271,60.696,234.9527
460.74,-26.6157,-17.2902,13.406,66.3232,60.8125,234.8424
460.76,-26.6055,-17.32,13.3137,66.5929,61.5852,235.2862
460.78,-26.5848,-17.3845,13.1118,66.9602,63.0274,236.4807
460.8,-26.5482,-17.4662,12.8379,67.3454,65.0611,238.4326
460.82,-26.4686,-17.6391,12.0335,68.2277,70.9348,244.5788
460.84,-26.4098,-17.7304,11.5097,68.6339,75.0581,248.9193
460.86,-26.3602,-17.7967,10.9101,68.9655,79.7347,253.9006
460.88,-26.3235,-17.8311,10.2445,69.2384,84.9807,259.4547
460.9,-26.3035,-17.8458,9.5124,69.3867,90.9701,265.6847
460.92,-26.3467,-17.7486,7.8874,69.1937,104.5074,279.158
460.94,-26.4075,-17.6243,7.0188,68.7457,111.6545,286.0689
460.96,-26.5033,-17.4549,6.1178,68.0415,118.8768,292.9484
460.98,-26.6144,-17.2426,5.203,67.0067,125.7707,299.4818
461,-26.7463,-16.9775,4.2885,65.7398,131.993,305.5578
461.02,-27.0045,-16.3264,2.5192,62.553,142.2603,315.8309
461.04,-27.1342,-15.9506,1.6772,60.7009,146.368,319.9992
461.06,-27.2511,-15.5496,0.8867,58.7561,149.8372,323.4131
461.08,-27.3543,-15.1403,0.1467,56.7371,152.689,326.1754
461.1,-27.4399,-14.7267,-0.5294,54.759,154.9692,328.4221
461.12,-27.547,-13.9404,-1.6599,51.0752,158.1745,331.4239
461.14,-27.5702,-13.5929,-2.1071,49.4768,159.2215,332.3531
461.16,-27.5766,-13.2887,-2.4734,48.102,159.9705,332.9843
461.18,-27.5619,-13.044,-2.7594,46.9761,160.4446,333.4357
461.2,-27.5306,-12.8599,-2.9646,46.1365,160.692,333.6935
461.22,-27.4265,-12.7035,-3.1457,45.3051,160.5789,333.5865
461.24,-27.36,-12.731,-3.1223,45.305,160.2838,333.187
461.26,-27.2849,-12.8202,-3.0324,45.5718,159.8056,332.6766
461.28,-27.1847,-12.999,-2.841,46.1941,159.0384,331.9094
461.3,-27.0891,-13.2266,-2.5884,47.0126,158.1669,330.9503
461.32,-26.89,-13.831,-1.8576,49.3079,155.8712,328.2178
461.34,-26.7841,-14.1915,-1.3804,50.7891,154.3452,326.5666
461.36,-26.6713,-14.5784,-0.838,52.4246,152.4883,324.7664
461.38,-26.5515,-14.9827,-0.2126,54.2634,150.1546,322.7379
461.4,-26.4297,-15.3843,0.4733,56.1811,147.3536,320.4206
461.42,-26.2078,-16.1438,2.01,59.9265,140.5008,314.1518
461.44,-26.1074,-16.4885,2.8453,61.6302,136.4146,310.0112
461.46,-26.028,-16.7905,3.7066,63.239,131.7597,305.3966
461.48,-25.9639,-17.058,4.5819,64.6515,126.6508,300.248
461.5,-25.9146,-17.2833,5.4651,65.8373,121.1373,294.5577
461.52,-25.8754,-17.6075,7.1938,67.5176,109.1209,282.23
461.54,-25.8856,-17.6969,8.018,67.9961,102.7228,275.9419
461.56,-25.8978,-17.7563,8.8047,68.1738,96.4689,269.9265
461.58,-25.9287,-17.7722,9.5445,68.1463,90.4179,264.19
461.6,-25.962,-17.7549,10.233,67.9078,84.8246,258.9118
461.62,-26.0611,-17.6298,11.4273,67.1019,75.4009,249.9236
461.64,-26.1152,-17.5375,11.9205,66.6712,71.6967,246.3352
461.66,-26.1727,-17.4281,12.3454,66.2279,68.5416,243.2018
461.68,-26.21,-17.331,12.6954,65.8637,66.1499,240.6837
461.7,-26.2759,-17.2305,12.9635,65.6437,64.1783,238.5335
461.72,-26.3496,-17.0958,13.2858,65.4471,62.033,235.6845
461.74,-26.3684,-17.0616,13.3422,65.5021,61.6633,235.0163
461.76,-26.3788,-17.0527,13.3262,65.6402,61.7049,234.8131
461.78,-26.3648,-17.0754,13.2486,65.8602,62.3515,235.2133
461.8,-26.3502,-17.1316,13.0699,66.189,63.5859,236.293
461.82,-26.2903,-17.2552,12.4892,67.0076,67.601,240.2869
461.84,-26.2411,-17.3472,12.066,67.4401,70.8946,243.5911
461.86,-26.1958,-17.4167,11.5607,67.9311,74.7465,247.4277
461.88,-26.1545,-17.4956,10.97,68.3815,79.5341,252.1632
461.9,-26.1341,-17.5468,10.3033,68.7768,84.9579,257.4784
461.92,-26.1297,-17.6032,8.751,69.0996,98.0525,270.388
461.94,-26.1574,-17.5887,7.8744,68.8663,105.2399,277.6649
461.96,-26.1986,-17.5129,6.9541,68.321,112.2455,284.9983
461.98,-26.2547,-17.3896,5.9909,67.427,119.0969,292.3488
462,-26.3257,-17.1939,5.0061,66.2196,125.5149,299.242
462.02,-26.5066,-16.6288,3.0009,62.8321,136.737,311.5375
462.04,-26.6083,-16.2612,2.0208,60.8048,141.277,316.6973
462.06,-26.7087,-15.8523,1.0799,58.639,145.1325,321.1225
462.08,-26.8045,-15.4144,0.1884,56.3674,148.3589,324.8842
462.1,-26.8949,-14.9529,-0.6385,54.07,151.061,327.9732
462.12,-27.0491,-14.0228,-2.0702,49.5764,155.1311,332.3202
462.14,-27.1088,-13.5843,-2.663,47.4956,156.6182,333.6868
462.16,-27.1513,-13.1803,-3.1646,45.6009,157.8011,334.5559
462.18,-27.179,-12.8179,-3.5764,43.9608,158.7062,335.1285
462.2,-27.1864,-12.5134,-3.8982,42.6019,159.3514,335.4936
462.22,-27.1458,-12.1065,-4.2813,40.9042,159.9389,335.8683
462.24,-27.1032,-12.0168,-4.3471,40.5528,159.9449,335.7326
462.26,-27.0482,-12.0092,-4.3334,40.5048,159.7878,335.4012
462.28,-26.9861,-12.076,-4.2503,40.7376,159.4799,334.8851
462.3,-26.901,-12.2394,-4.0688,41.3711,158.9169,334.1204
462.32,-26.712,-12.7717,-3.4855,43.5768,157.1425,332.498
462.34,-26.6072,-13.1298,-3.0756,45.0829,155.8844,331.4355
462.36,-26.4976,-13.529,-2.5898,46.8057,154.3643,330.1725
462.38,-26.3855,-13.9728,-2.0128,48.7736,152.4793,328.7319
462.4,-26.2726,-14.4366,-1.3645,50.8429,150.2973,326.9877
462.42,-26.0735,-15.3788,0.1388,55.1297,144.8622,322.055
462.44,-25.9902,-15.8293,0.9826,57.2774,141.4721,318.8124
462.46,-25.9154,-16.2595,1.8737,59.3151,137.547,314.9882
462.48,-25.8573,-16.6535,2.7999,61.2184,133.1053,310.5737
462.5,-25.8229,-17.0027,3.748,62.9441,128.0943,305.5963
462.52,-25.825,-17.5496,5.665,65.7065,116.7482,293.9595
462.54,-25.8567,-17.7577,6.6036,66.689,110.6984,287.6468
462.56,-25.9089,-17.9083,7.5176,67.4294,104.354,281.1728
462.58,-25.9806,-17.9961,8.398,67.9263,97.8305,274.6044
462.6,-26.0653,-18.0408,9.2281,68.1602,91.4865,268.2766
462.62,-26.2461,-18.0001,10.7154,67.9644,79.9669,256.839
462.64,-26.3455,-17.918,11.3592,67.6726,74.9818,251.8482
462.66,-26.446,-17.8146,11.9248,67.3157,70.668,247.4818
462.68,-26.5324,-17.6987,12.4127,66.9058,67.0914,243.8094
462.7,-26.6179,-17.574,12.8155,66.5449,64.1185,240.6916
462.72,-26.7397,-17.351,13.3768,66.056,60.1635,236.1732
462.74,-26.7825,-17.2728,13.5281,65.9912,59.0931,234.7605
462.76,-26.8045,-17.2155,13.5996,66.0095,58.553,233.8926
462.78,-26.8117,-17.1881,13.5918,66.1389,58.5955,233.6217
462.8,-26.795,-17.1926,13.5108,66.3662,59.2059,233.931
462.82,-26.7253,-17.2927,13.0693,67.1436,62.4235,236.6379
462.84,-26.6719,-17.3672,12.7397,67.583,64.8342,238.9454
462.86,-26.5926,-17.4766,12.3299,68.0021,68.1066,242.1848
462.88,-26.515,-17.5889,11.8401,68.4218,71.9569,246.1813
462.9,-26.4402,-17.6988,11.2727,68.7858,76.4407,250.9158
462.92,-26.2966,-17.9039,9.9264,69.1687,87.4324,262.4221
462.94,-26.241,-17.9763,9.1559,69.1226,93.8169,268.9084
462.96,-26.2156,-17.9987,8.3234,68.883,100.4898,275.6729
462.98,-26.205,-17.9652,7.4406,68.3783,107.3365,282.6291
463,-26.2131,-17.8647,6.513,67.5822,114.0956,289.5934
463.02,-26.2821,-17.4639,4.58,65.095,126.7397,302.594
463.04,-26.3449,-17.1627,3.6057,63.4702,132.374,308.2142
463.06,-26.4262,-16.8077,2.6406,61.6145,137.4092,313.2288
463.08,-26.5174,-16.4044,1.7067,59.5965,141.8415,317.5864
463.1,-26.6171,-15.9701,0.8087,57.4366,145.6673,321.3566
463.12,-26.8197,-15.0413,-0.8016,52.9964,151.6248,326.8625
463.14,-26.9161,-14.5739,-1.4974,50.8367,153.9018,328.7935
463.16,-27.0044,-14.1233,-2.1151,48.8048,155.7294,330.4154
463.18,-27.082,-13.6973,-2.6482,46.9862,157.1658,331.7842
463.2,-27.1424,-13.3149,-3.0973,45.4029,158.2527,332.9958
463.22,-27.225,-12.7179,-3.7475,42.9956,159.6479,334.7339
463.24,-27.2512,-12.5171,-3.9538,42.1761,160.0503,335.2019
463.26,-27.2659,-12.3899,-4.0816,41.6418,160.2907,335.451
463.28,-27.2706,-12.3419,-4.1345,41.4071,160.365,335.5073
463.3,-27.2635,-12.3712,-4.1123,41.4985,160.2788,335.4338
463.32,-27.2144,-12.6619,-3.8321,42.646,159.5631,334.8016
463.34,-27.1734,-12.9089,-3.5761,43.6499,158.9288,334.2253
463.36,-27.1244,-13.2077,-3.25,44.8999,158.1192,333.5356
463.38,-27.0664,-13.5648,-2.8311,46.4395,157.0682,332.4864
463.4,-27.0043,-13.9621,-2.3452,48.1141,155.813,331.1227
463.42,-26.8595,-14.849,-1.1451,51.9573,152.4675,327.4819
463.44,-26.7763,-15.321,-0.4408,54.0527,150.1781,325.2127
463.46,-26.6807,-15.7945,0.3339,56.2183,147.3558,322.565
463.48,-26.5797,-16.2552,1.168,58.3981,143.8598,319.4794
463.5,-26.4746,-16.6916,2.0544,60.4911,139.663,315.7968
463.52,-26.2671,-17.4434,3.9364,64.0458,129.1223,306.1064
463.54,-26.1766,-17.7467,4.8983,65.3737,122.8791,300.2285
463.56,-26.0955,-17.986,5.8633,66.3919,116.0802,293.8177
463.58,-26.022,-18.1599,6.8163,67.0554,108.9549,287.0989
463.6,-25.9683,-18.2745,7.7356,67.3706,101.8062,280.433
463.62,-25.9186,-18.3561,9.4351,67.1883,88.8039,267.9764
463.64,-25.9201,-18.3261,10.2016,66.8529,83.1538,262.4142
463.66,-25.9348,-18.2616,10.9,66.4044,78.1087,257.3705
463.68,-25.9617,-18.1617,11.5186,65.8947,73.7236,252.954
463.7,-25.994,-18.0452,12.0502,65.3639,70.0748,249.2498
463.72,-26.0421,-17.7625,12.8671,64.4133,64.7816,243.4281
463.74,-26.0648,-17.6299,13.1447,64.0989,63.1231,241.308
463.76,-26.0753,-17.5127,13.3427,63.8829,62.0145,239.6808
463.78,-26.0815,-17.4262,13.4615,63.7889,61.3993,238.572
463.8,-26.0877,-17.3545,13.5052,63.7752,61.0424,237.8511
463.82,-26.0355,-17.3522,13.3918,64.0082,61.9645,238.274
463.84,-26,-17.4109,13.2035,64.2917,63.2558,239.368
463.86,-25.9559,-17.482,12.9569,64.6463,64.972,240.8446
463.88,-25.9057,-17.5772,12.6309,65.0521,67.2552,242.9924
463.9,-25.855,-17.6773,12.2248,65.4871,70.04,245.7814
463.92,-25.7623,-17.8616,11.1743,66.3823,77.592,253.2753
463.94,-25.731,-17.9304,10.5356,66.8245,82.3693,257.9782
463.96,-25.7239,-17.9747,9.8242,67.1659,87.8234,263.2835
463.98,-25.735,-17.9874,9.0507,67.38,93.938,269.0862
464,-25.7714,-17.9667,8.2176,67.3942,100.6322,275.3442
464.02,-25.926,-17.7716,6.4142,66.6215,114.6754,288.5284
464.04,-26.0391,-17.5859,5.468,65.7753,121.5057,295.0023
464.06,-26.1668,-17.3526,4.5038,64.5826,127.9651,301.218
464.08,-26.3025,-17.0629,3.544,63.1016,133.8028,306.8682
464.1,-26.4407,-16.7219,2.5992,61.365,138.9793,311.9155
464.12,-26.7067,-15.9109,0.8012,57.3425,147.1371,320.2105
464.14,-26.8227,-15.461,-0.0243,55.1823,150.2214,323.3869
464.16,-26.9216,-14.9954,-0.7876,53.0155,152.7172,326.036
464.18,-27.002,-14.5275,-1.4825,50.8868,154.729,328.1841
464.2,-27.0631,-14.0744,-2.1055,48.8034,156.3497,329.8312
464.22,-27.1281,-13.2471,-3.1212,45.0952,158.6186,332.083
464.24,-27.1325,-12.9,-3.5135,43.5384,159.3482,332.7019
464.26,-27.1158,-12.6114,-3.829,42.2286,159.8153,333.1054
464.28,-27.077,-12.3832,-4.0624,41.2127,160.0628,333.2922
464.3,-27.018,-12.2269,-4.2201,40.4675,160.0942,333.2747
464.32,-26.8519,-12.1384,-4.3065,39.871,159.5937,332.6143
464.34,-26.7533,-12.2015,-4.2439,40.0179,159.0993,332.0866
464.36,-26.6261,-12.349,-4.0967,40.4824,158.3132,331.3029
464.38,-26.4928,-12.5758,-3.8637,41.2965,157.3824,330.4691
464.4,-26.3562,-12.8599,-3.5621,42.3443,156.2731,329.4212
464.42,-26.0733,-13.5877,-2.7282,45.163,153.4162,326.8345
464.44,-25.931,-14.0125,-2.1942,46.8965,151.603,325.254
464.46,-25.7891,-14.4666,-1.5838,48.7881,149.4766,323.4267
464.48,-25.6517,-14.9338,-0.8979,50.8178,146.9642,321.3123
464.5,-25.5214,-15.4054,-0.1414,52.8853,144.0428,318.7967
464.52,-25.2992,-16.3022,1.5634,57.0086,136.694,312.363
464.54,-25.2148,-16.7124,2.4872,58.9029,132.271,308.3688
464.56,-25.1542,-17.0828,3.442,60.6087,127.3708,303.7891
464.58,-25.1255,-17.4033,4.4139,62.1159,121.9962,298.6693
464.6,-25.1243,-17.6716,5.391,63.3874,116.2258,293.1075
464.62,-25.2026,-18.0485,7.2951,65.1377,103.9008,281.286
464.64,-25.275,-18.1462,8.2039,65.6207,97.6234,275.2638
464.66,-25.3834,-18.1979,9.0529,65.8922,91.5768,269.5146
464.68,-25.4908,-18.1895,9.8593,65.9501,85.7871,263.9263
464.7,-25.6227,-18.1498,10.5886,65.8404,80.4665,258.8367
464.72,-25.8853,-17.9774,11.8363,65.3721,71.6167,250.1449
464.74,-26.0188,-17.8629,12.3368,65.123,68.1431,246.5552
464.76,-26.1483,-17.7363,12.7544,64.9175,65.224,243.4368
464.78,-26.2689,-17.617,13.0894,64.7633,62.9156,240.7882
464.8,-26.3743,-17.5086,13.3424,64.7179,61.1886,238.6279
464.82,-26.5384,-17.3702,13.6075,64.8552,59.2686,235.9216
464.84,-26.5858,-17.3381,13.6343,65.0675,58.9945,235.3067
464.86,-26.628,-17.3481,13.58,65.352,59.2125,235.3014
464.88,-26.6473,-17.3764,13.4741,65.6925,59.8856,235.7774
464.9,-26.6467,-17.4503,13.2639,66.1161,61.2003,236.9491
464.92,-26.6024,-17.6261,12.6555,67.0029,65.3776,241.1028
464.94,-26.5563,-17.7294,12.2311,67.4752,68.577,244.2812
464.96,-26.4996,-17.8152,11.7337,67.9588,72.4811,248.0228
464.98,-26.4462,-17.8946,11.1488,68.4087,77.1655,252.5736
465,-26.3988,-17.9535,10.4864,68.7451,82.5374,257.8205
465.02,-26.3165,-17.9805,8.9617,68.9811,95.2633,269.9791
465.04,-26.2968,-17.9269,8.1116,68.7851,102.3118,276.5865
465.06,-26.2884,-17.8352,7.2032,68.2422,109.6052,283.445
465.08,-26.2892,-17.6855,6.2541,67.3678,116.7484,290.2268
465.1,-26.2957,-17.474,5.2797,66.1553,123.4154,296.678
465.12,-26.3329,-16.8712,3.3025,62.7771,134.8818,307.8525
465.14,-26.3602,-16.4843,2.3326,60.7184,139.5056,312.4153
465.16,-26.3842,-16.0524,1.3992,58.4901,143.4062,316.2836
465.18,-26.4095,-15.588,0.5095,56.149,146.6673,319.5663
465.2,-26.4314,-15.1022,-0.3182,53.7925,149.3403,322.2758
465.22,-26.4713,-14.131,-1.7668,49.2239,153.3029,326.2706
465.24,-26.4839,-13.6725,-2.371,47.0985,154.7478,327.5759
465.26,-26.4915,-13.2484,-2.8937,45.1673,155.8704,328.6103
465.28,-26.4906,-12.8746,-3.3332,43.4816,156.6954,329.4586
465.3,-26.4829,-12.5611,-3.6876,42.0596,157.299,329.9939
465.32,-26.4461,-12.1378,-4.1445,40.1021,157.9257,330.4773
465.34,-26.417,-12.0382,-4.2486,39.6119,157.9752,330.4803
465.36,-26.3843,-12.0091,-4.2791,39.4212,157.8794,330.3446
465.38,-26.3435,-12.071,-4.218,39.6326,157.6167,330.0807
465.4,-26.2997,-12.2006,-4.0882,40.1236,157.209,329.696
465.42,-26.1933,-12.6979,-3.5658,42.1374,155.8329,328.4808
465.44,-26.1393,-13.0333,-3.196,43.5116,154.9099,327.6227
465.46,-26.0858,-13.4171,-2.7511,45.1193,153.7906,326.5704
465.48,-26.0275,-13.8408,-2.2282,46.9323,152.4263,325.3164
465.5,-25.9708,-14.2898,-1.6332,48.9346,150.7558,323.8943
465.52,-25.854,-15.22,-0.2279,53.273,146.2485,320.0515
465.54,-25.7978,-15.6785,0.5692,55.4725,143.3379,317.5054
465.56,-25.7446,-16.1155,1.4221,57.6167,139.9233,314.4063
465.58,-25.7055,-16.5146,2.315,59.6852,135.9035,310.7807
465.6,-25.6721,-16.8811,3.2355,61.5557,131.3529,306.5666
465.62,-25.6531,-17.4668,5.1002,64.578,120.6509,296.4334
465.64,-25.6675,-17.6758,6.0239,65.7025,114.673,290.6345
465.66,-25.694,-17.8355,6.9196,66.5169,108.4983,284.6284
465.68,-25.7411,-17.946,7.7753,67.0692,102.2779,278.6244
465.7,-25.794,-18.0121,8.5891,67.3564,96.237,272.7279
465.72,-25.9429,-18.0179,10.0482,67.4201,85.089,261.9879
465.74,-26.029,-17.9651,10.6814,67.2406,80.134,257.2649
465.76,-26.1125,-17.896,11.2426,66.9742,75.8671,253.1111
465.78,-26.195,-17.8054,11.7303,66.7035,72.2785,249.448
465.8,-26.2743,-17.7102,12.1338,66.468,69.3812,246.356
465.82,-26.4,-17.533,12.7121,66.1031,65.3571,241.7629
465.84,-26.4456,-17.4554,12.8862,66.0033,64.0587,240.2222
465.86,-26.4672,-17.3988,12.988,65.939,63.3086,239.2732
465.88,-26.4807,-17.3731,13.0101,65.9989,63.1361,238.946
465.9,-26.4703,-17.3691,12.9711,66.0688,63.4269,239.1168
465.92,-26.4086,-17.435,12.6399,66.4427,65.7501,241.3907
465.94,-26.3662,-17.4868,12.3604,66.7165,67.705,243.3549
465.96,-26.2998,-17.5518,12.0053,67.0067,70.3999,245.9998
465.98,-26.2415,-17.6169,11.5594,67.3483,73.8178,249.3411
466,-26.1793,-17.6759,11.0328,67.707,78.0126,253.2911
466.02,-26.0787,-17.7433,9.7474,68.2752,88.5973,263.0869
466.04,-26.0503,-17.7448,8.9935,68.3598,94.861,268.9839
466.06,-26.0356,-17.7107,8.1791,68.229,101.4988,275.3423
466.08,-26.0402,-17.6352,7.3074,67.8342,108.3989,282.0138
466.1,-26.0587,-17.5141,6.396,67.1133,115.2542,288.7025
466.12,-26.1468,-17.1107,4.4956,64.7518,127.7404,301.1653
466.14,-26.2021,-16.825,3.5398,63.1278,133.1237,306.6388
466.16,-26.2656,-16.479,2.5968,61.3031,137.7631,311.5213
466.18,-26.3286,-16.0839,1.6859,59.2983,141.7796,315.8106
466.2,-26.3971,-15.6497,0.8152,57.1817,145.1948,319.4242
466.22,-26.5234,-14.7257,-0.7587,52.8261,150.5184,325.0871
466.24,-26.5793,-14.2661,-1.4482,50.6912,152.5316,327.1945
466.26,-26.6296,-13.8248,-2.0645,48.6737,154.1651,328.9015
466.28,-26.6715,-13.4156,-2.6,46.7902,155.5228,330.098
466.3,-26.7033,-13.0464,-3.0542,45.1033,156.5945,330.9806
466.32,-26.7259,-12.4751,-3.7148,42.4839,157.9741,332.0647
466.34,-26.7172,-12.2867,-3.9228,41.6028,158.3311,332.2961
466.36,-26.6961,-12.1641,-4.0563,40.98,158.5173,332.3437
466.38,-26.6604,-12.1289,-4.0994,40.7396,158.4794,332.1688
466.4,-26.6177,-12.1589,-4.0727,40.7629,158.3196,331.8326
466.42,-26.4932,-12.447,-3.7896,41.7579,157.3955,330.8016
466.44,-26.4171,-12.6887,-3.5371,42.7151,156.6222,330.1705
466.46,-26.3313,-12.9885,-3.2103,43.9284,155.6282,329.3951
466.48,-26.2386,-13.3359,-2.8094,45.3783,154.3802,328.4641
466.5,-26.145,-13.7201,-2.3358,47.0019,152.9214,327.2279
466.52,-25.9611,-14.5699,-1.179,50.5668,149.3248,323.5563
466.54,-25.8702,-15.0178,-0.4998,52.4863,147.059,321.1907
466.56,-25.7839,-15.4651,0.2408,54.4817,144.351,318.522
466.58,-25.6951,-15.908,1.0403,56.486,141.1176,315.4957
466.6,-25.6104,-16.3349,1.8895,58.4332,137.3233,312.002
466.62,-25.4804,-17.096,3.6929,61.8842,128.0266,303.2528
466.64,-25.4337,-17.417,4.6237,63.2778,122.5933,298.0882
466.66,-25.4012,-17.6825,5.5568,64.4104,116.5518,292.5728
466.68,-25.3871,-17.881,6.4797,65.2606,110.0384,286.7629
466.7,-25.3882,-18.025,7.3739,65.7575,103.4328,280.9043
466.72,-25.4443,-18.136,9.0335,65.9522,90.9089,269.7694
466.74,-25.5024,-18.1214,9.7754,65.766,85.3964,264.7686
466.76,-25.5793,-18.0644,10.4543,65.473,80.4418,260.1006
466.78,-25.6666,-17.9895,11.0556,65.1646,76.29,256.0052
466.8,-25.7629,-17.8854,11.5855,64.8875,72.6745,252.2783
466.82,-25.9558,-17.6665,12.4085,64.4736,67.2284,246.234
466.84,-26.0467,-17.5571,12.7031,64.3887,65.256,243.8233
466.86,-26.1274,-17.47,12.9156,64.403,63.8762,241.927
466.88,-26.1918,-17.4061,13.0513,64.5159,63.0364,240.5216
466.9,-26.2471,-17.367,13.1127,64.7134,62.6666,239.6027
466.92,-26.2919,-17.3492,13.0392,65.2283,63.2223,239.3261
466.94,-26.2977,-17.3813,12.8903,65.5329,64.1247,240.0612
466.96,-26.2713,-17.4414,12.678,65.8597,65.647,241.4379
466.98,-26.2397,-17.5133,12.4021,66.2122,67.6032,243.3405
467,-26.1952,-17.5935,12.0592,66.5386,70.0313,245.8136
467.02,-26.0989,-17.7325,11.147,67.24,76.6867,252.5853
467.04,-26.0449,-17.7882,10.5819,67.566,81.1636,256.9306
467.06,-26.0102,-17.8215,9.9405,67.847,86.2703,261.7954
467.08,-25.9788,-17.8199,9.242,68.0044,92.0026,267.0732
467.1,-25.9692,-17.7903,8.4743,68.0262,98.4099,272.9088
467.12,-25.9931,-17.6044,6.7799,67.3145,111.9688,285.4731
467.14,-26.018,-17.441,5.8713,66.4739,118.6507,291.8305
467.16,-26.0557,-17.215,4.9451,65.3431,124.8692,297.81
467.18,-26.0988,-16.943,4.0058,63.8873,130.605,303.4258
467.2,-26.1481,-16.6248,3.0699,62.1558,135.6792,308.4555
