time,pos_x,pos_y,pos_z,rot_x,rot_y,rot_z
28.22,-0.663,0.869,1.7172,74.5942,284.1656,41.174
28.24,-0.6642,0.8692,1.7011,74.595,283.9957,41.0009
28.26,-0.6841,0.8755,1.6735,74.5842,283.6226,40.6027
28.28,-0.6885,0.8824,1.6444,74.5783,283.3649,40.2824
28.3,-0.7021,0.8895,1.6159,74.5712,283.0573,39.9401
28.32,-0.7185,0.8984,1.5848,74.5587,282.7049,39.5237
28.34,-0.736,0.9042,1.545,74.5441,282.2353,38.9919
28.36,-0.7735,0.927,1.4611,74.5014,281.275,37.9337
28.38,-0.7976,0.9373,1.4165,74.4784,280.7039,37.3197
28.4,-0.8123,0.9479,1.3645,74.4688,280.1431,36.6805
28.42,-0.8366,0.9551,1.3196,74.437,279.5547,36.0501
28.44,-0.8585,0.9705,1.2803,74.4246,279.0986,35.5575
28.46,-0.8989,0.9811,1.2,74.3469,278.1353,34.4407
28.48,-0.9177,0.9875,1.1651,74.3142,277.7402,33.9423
28.5,-0.9301,0.9973,1.1366,74.2946,277.5052,33.5856
28.52,-0.9441,0.9977,1.1129,74.2591,277.2319,33.1811
28.54,-0.9552,1.0033,1.0989,74.2554,277.1415,32.9894
28.56,-0.9672,1.0074,1.0886,74.2019,277.0111,32.8234
28.58,-0.962,1.0092,1.0903,74.2135,276.9904,32.8385
28.6,-0.9525,1.0198,1.1043,74.2217,277.0651,33.1091
28.62,-0.9218,1.0431,1.1262,74.2676,277.1246,33.5788
28.64,-0.8767,1.0851,1.1683,74.3416,277.5043,34.5149
28.66,-0.7373,1.2163,1.3538,74.5489,279.5317,38.5848
28.68,-0.6221,1.3033,1.4845,74.5247,280.3628,41.4892
28.7,-0.4976,1.39,1.695,74.5497,282.607,45.4353
28.72,-0.3553,1.4526,1.9836,74.6216,286.4837,50.2473
28.74,-0.2151,1.4533,2.3573,74.5811,291.6643,55.7948
28.76,0.0925,1.3255,3.2744,73.8572,302.6618,67.609
28.78,0.2489,1.2435,3.7723,73.1861,307.5335,72.8555
28.8,0.3786,1.168,4.2876,72.4138,311.7579,77.1831
28.82,0.4999,1.1062,4.7892,71.5277,315.7904,80.8756
28.84,0.6006,1.0557,5.268,70.5909,319.5022,83.9939
28.86,0.7632,1.0201,6.0372,68.8638,324.9001,88.0901
28.88,0.8138,1.0383,6.3067,68.1502,326.9213,89.162
28.9,0.8269,1.0638,6.5203,67.5242,328.5063,89.6967
28.92,0.8404,1.0757,6.6246,67.1453,329.554,89.8372
28.94,0.8128,1.0742,6.6621,66.9395,329.8665,89.5494
28.96,0.7445,1.0581,6.4949,67.1978,329.3694,88.043
28.98,0.6816,1.0356,6.2564,67.6077,328.6558,86.5334
29,0.599,1.0072,5.976,68.2147,328.0302,84.4803
29.02,0.4975,0.9838,5.604,69.0289,327.1581,81.5805
29.04,0.3847,0.969,5.1341,70.1276,325.4088,78.0048
29.06,0.1514,0.9247,3.8975,72.9861,317.6379,67.882
29.08,0.0304,0.92,3.1492,74.5478,310.9821,60.6522
29.1,-0.0824,0.9444,2.3125,76.021,301.7516,51.0113
29.12,-0.2122,1.0118,1.4226,77.1648,290.0284,38.577
29.14,-0.3534,1.1429,0.4961,77.7202,276.0759,23.7499
29.16,-0.6557,1.6281,-1.3905,76.4967,247.8792,353.5199
29.18,-0.8156,1.9592,-2.3029,74.9436,236.9893,341.2635
29.2,-0.9747,2.3301,-3.1715,73.0486,228.6902,331.3287
29.22,-1.1331,2.7302,-3.9733,70.9962,222.5714,323.4859
29.24,-1.2844,3.142,-4.7,68.9086,218.1833,317.4669
29.26,-1.5586,3.9375,-5.8942,65.0398,212.8565,309.2744
29.28,-1.6767,4.2936,-6.3588,63.3313,211.3738,306.7312
29.3,-1.7811,4.5985,-6.7379,61.8327,210.3609,304.7956
29.32,-1.8683,4.8527,-7.0277,60.6296,209.7545,303.5209
29.34,-1.9414,5.0419,-7.2286,59.803,209.3644,302.4868
29.36,-2.0402,5.2014,-7.387,59.0453,209.3475,301.7438
29.38,-2.0622,5.1741,-7.348,59.1438,209.7133,302.1517
29.4,-2.0693,5.0857,-7.2358,59.5206,210.3156,303.0587
29.42,-2.0598,4.9025,-7.0136,60.2669,211.4187,304.8918
29.44,-2.036,4.6689,-6.726,61.23,212.8378,307.2982
29.46,-1.9357,4.0546,-5.8815,63.9334,217.308,314.5597
29.48,-1.8597,3.6964,-5.31,65.5981,220.6477,319.6892
29.5,-1.7711,3.3174,-4.6363,67.3771,224.9841,326.0987
29.52,-1.6643,2.9244,-3.877,69.117,230.473,334.0107
29.54,-1.5432,2.5356,-3.0266,70.7111,237.3524,343.6877
29.56,-1.2709,1.8203,-1.055,73.2552,256.4116,7.8594
29.58,-1.1214,1.5383,0.0472,73.7892,268.6486,22.3362
29.6,-0.977,1.3217,1.2159,73.5206,281.5949,37.4982
29.62,-0.8338,1.1625,2.4147,72.4198,294.0594,51.739
29.64,-0.7054,1.0808,3.6442,70.5501,305.1378,64.1934
29.66,-0.4415,1.1064,6.0812,65.4216,320.0273,80.9368
29.68,-0.3449,1.2223,7.1619,62.7291,324.6576,86.2691
29.7,-0.2218,1.4179,8.2212,59.9115,328.5126,90.8099
29.72,-0.1071,1.6515,9.2008,57.1906,331.3987,94.2873
29.74,-0.0249,1.9327,10.1239,54.5135,333.8243,96.9887
29.76,0.1637,2.5453,11.6733,49.7365,337.3522,101.1663
29.78,0.2744,2.8597,12.2911,47.7539,338.5997,103.2785
29.8,0.3129,3.1493,12.846,45.9754,339.3417,104.948
29.82,0.3672,3.4192,13.2941,44.4758,340.0633,106.3726
29.84,0.4171,3.6322,13.6398,43.3081,340.5782,107.4343
29.86,0.4485,3.9499,14.0838,41.7318,341.1311,108.8545
29.88,0.4277,3.9792,14.1657,41.4773,341.0417,109.1044
29.9,0.3964,3.9858,14.1687,41.4333,340.9337,109.0889
29.92,0.3606,3.8941,14.0877,41.765,340.6486,108.6256
29.94,0.2884,3.762,13.9262,42.2921,340.2977,107.8499
29.96,0.161,3.2764,13.3054,44.4563,339.1393,105.1899
29.98,0.0316,2.9683,12.8971,45.872,338.1917,103.501
30,-0.0235,2.629,12.3363,47.6812,337.219,101.6496
30.02,-0.1204,2.2575,11.6921,49.8159,335.8262,99.5857
30.04,-0.2047,1.8648,10.9076,52.277,334.1514,96.9248
30.06,-0.4517,1.1,9.0404,57.9389,328.9608,90.0855
30.08,-0.547,0.7808,7.9249,61.0957,325.2714,85.7387
30.1,-0.6205,0.5535,6.6932,64.3796,320.5,80.3146
30.12,-0.6957,0.4037,5.3897,67.6307,314.2411,73.1994
30.14,-0.7397,0.3664,4.0076,70.7342,305.813,63.8051
30.16,-0.8105,0.6573,1.197,75.2427,280.0086,35.7384
30.18,-0.8254,1.0014,-0.1874,76.0163,262.8483,17.1607
30.2,-0.8363,1.4707,-1.5025,75.5925,245.7587,358.3339
30.22,-0.8527,2.0312,-2.7249,74.2061,231.2308,341.2499
30.24,-0.8698,2.6398,-3.8635,72.0183,220.116,327.3064
30.26,-0.9186,3.8602,-5.8695,66.1157,206.6671,309.0261
30.28,-0.9428,4.4375,-6.7141,63.0439,203.1206,303.4637
30.3,-0.9598,4.9865,-7.422,60.4471,200.6936,299.1338
30.32,-0.9738,5.4901,-7.9948,58.1833,199.1112,295.7627
30.34,-0.9811,5.9326,-8.4634,56.1939,197.8361,292.9517
30.36,-0.9689,6.5934,-9.1083,53.0841,196.4422,290.3537
30.38,-0.9548,6.7904,-9.2682,52.2719,196.0497,289.4975
30.4,-0.9345,6.8872,-9.3317,51.9836,195.6408,288.7867
30.42,-0.9058,6.887,-9.3136,52.0552,195.466,288.6762
30.44,-0.8729,6.7894,-9.22,52.5281,195.4224,288.8934
30.46,-0.7819,6.256,-8.755,54.925,196.0676,290.831
30.48,-0.7347,5.8668,-8.3994,56.8132,196.7914,292.4235
30.5,-0.69,5.4024,-7.9525,59.0765,197.8488,294.471
30.52,-0.6473,4.8789,-7.4081,61.6865,199.4841,297.2429
30.54,-0.6061,4.3132,-6.7609,64.5118,201.9013,300.9861
30.56,-0.5283,3.1277,-5.1344,70.252,210.9578,313.7512
30.58,-0.4966,2.5518,-4.1455,72.9931,218.7386,323.5855
30.6,-0.4672,2.0124,-3.0508,75.4745,229.7472,336.4164
30.62,-0.447,1.5317,-1.858,77.064,244.7965,353.5276
30.64,-0.4336,1.1193,-0.5844,77.702,263.4928,14.1352
30.66,-0.4126,0.543,2.1821,74.9751,298.3152,52.3248
30.68,-0.4466,0.4033,3.5322,72.3511,308.6214,64.0694
30.7,-0.4207,0.3854,4.8945,69.229,317.1051,73.855
30.72,-0.4131,0.4758,6.2414,65.8412,322.7907,81.1542
30.74,-0.3606,0.6955,7.5179,62.417,327.291,87.1845
30.76,-0.2952,1.389,9.9051,55.6016,333.3912,95.7144
30.78,-0.242,1.8305,10.9647,52.3377,335.7259,98.6844
30.8,-0.1924,2.3252,11.9333,49.2062,337.5882,101.3717
30.82,-0.1393,2.8389,12.8002,46.2896,338.9854,103.7376
30.84,-0.0747,3.3621,13.5596,43.5712,340.1504,105.8396
30.86,-0.0339,4.3722,14.8302,38.6644,341.8132,108.8939
30.88,-0.0107,4.8304,15.3126,36.6071,342.4949,109.9252
30.9,-0.0207,5.2452,15.7188,34.8473,342.9095,110.9566
30.92,-0.0293,5.5812,16.0289,33.4633,343.1661,111.8328
30.94,-0.0821,5.8774,16.282,32.3573,343.2478,112.6694
30.96,-0.1385,6.2152,16.5025,31.2325,343.1006,113.7578
30.98,-0.1521,6.2364,16.4853,31.1044,342.9952,113.6885
31,-0.2651,6.2028,16.4774,31.1122,342.6635,113.2511
31.02,-0.346,6.0614,16.374,31.5424,342.2798,112.5833
31.04,-0.4519,5.8119,16.1889,32.359,341.7,111.6899
31.06,-0.6363,5.0785,15.6234,35.0958,340.1913,109.7304
31.08,-0.8008,4.6287,15.277,36.7346,339.0206,108.6522
31.1,-0.8683,4.1063,14.7811,38.8317,337.8007,107.6211
31.12,-0.9805,3.5363,14.2171,41.1751,336.1772,106.3685
31.14,-1.0615,2.9674,13.5278,43.8275,334.3775,105.0267
31.16,-1.2938,1.8361,11.8754,49.7629,329.6644,101.2657
31.18,-1.3761,1.3191,10.8719,53.0074,326.8408,98.689
31.2,-1.4264,0.8705,9.7506,56.3785,323.554,95.4247
31.22,-1.4525,0.521,8.5405,59.7909,319.8289,91.2944
31.24,-1.4337,0.2801,7.2404,63.2047,315.5262,86.1132
31.26,-1.3195,0.0857,4.4614,69.9413,302.5193,70.7072
31.28,-1.2128,0.1717,3.0249,72.9081,292.6132,59.4698
31.3,-1.0613,0.388,1.5761,75.2966,278.977,44.6121
31.32,-0.9048,0.7142,0.1687,76.5911,261.5893,25.9321
31.34,-0.7485,1.132,-1.1726,76.6104,242.9453,5.3447
31.36,-0.4448,2.1434,-3.6022,73.1839,213.9466,331.2631
31.38,-0.295,2.6903,-4.6405,70.6707,205.2195,319.8875
31.4,-0.1481,3.2383,-5.5314,68.5119,199.1333,310.8616
31.42,-0.002,3.7606,-6.2783,66.9213,193.6548,302.1115
31.44,0.1521,4.2512,-6.8944,64.775,190.1544,296.0485
31.46,0.4685,5.0649,-7.7794,60.6525,186.3799,288.4726
31.48,0.6285,5.3645,-8.0821,59.0505,185.6243,286.5236
31.5,0.7895,5.574,-8.3124,58.2013,184.377,284.0517
31.52,0.9461,5.6922,-8.4673,57.9178,182.7135,281.1519
31.54,1.0953,5.7115,-8.5542,58.0003,181.1646,278.4868
31.56,1.3705,5.5345,-8.499,58.7966,178.7901,275.9586
31.58,1.4975,5.3396,-8.3224,59.536,178.4962,276.4457
31.6,1.6032,5.0738,-8.0738,60.7735,178.6469,277.6469
31.62,1.688,4.7418,-7.734,61.956,179.5191,279.662
31.64,1.747,4.3301,-7.3102,63.825,180.1505,281.2281
31.66,1.7955,3.343,-6.17,68.6631,183.1347,286.0335
31.68,1.7576,2.8293,-5.4758,71.2222,185.6113,289.3766
31.7,1.6975,2.2842,-4.6724,74.1777,189.2535,293.7615
31.72,1.5992,1.7419,-3.7717,77.1811,195.5494,300.8342
31.74,1.4641,1.2293,-2.7779,80.0578,206.5557,312.7282
31.76,1.087,0.3584,-0.5315,82.8944,257.7091,5.6655
31.78,0.8387,0.0288,0.7016,81.4531,287.119,35.0648
31.8,0.5755,-0.1916,1.9773,78.58,306.0726,53.0899
31.82,0.2935,-0.3142,3.2749,74.9819,316.6142,62.697
31.84,0.0185,-0.3147,4.5733,71.0583,322.9271,68.4096
31.86,-0.4653,-0.0253,7.0634,63.1685,329.8365,74.2199
31.88,-0.682,0.253,8.2404,59.3914,331.8882,75.8018
31.9,-0.8305,0.6143,9.3226,55.7873,333.5967,77.2526
31.92,-0.9483,1.0188,10.3127,52.462,334.2213,78.5144
31.94,-1.0309,1.4804,11.2167,49.3,335.2385,80.4211
31.96,-1.1174,2.4224,12.7492,43.8388,337.2169,84.5884
31.98,-1.139,2.9006,13.3951,41.4763,338.1368,86.2251
32,-1.1278,3.3581,13.943,39.3215,338.997,87.5322
32.02,-1.1438,3.7663,14.4212,37.3526,339.5987,88.4807
32.04,-1.1698,4.169,14.8364,35.5422,340.1507,89.2552
32.06,-1.1247,4.8338,15.3712,32.7945,341.166,89.9886
32.08,-1.1469,5.0533,15.5389,31.8704,341.3685,90.0954
32.1,-1.1299,5.2216,15.6294,31.1609,341.73,89.9522
32.12,-1.1151,5.3515,15.6622,30.6899,342.0641,89.5601
32.14,-1.1204,5.3413,15.6306,30.6432,342.1385,88.8638
32.16,-1.1283,5.1656,15.4014,31.2806,342.0694,87.5296
32.18,-1.1259,4.8884,15.1613,32.2861,341.6818,86.913
32.2,-1.1319,4.5832,14.8833,33.4711,341.1162,86.5058
32.22,-1.127,4.2234,14.5372,34.9095,340.4325,86.1437
32.24,-1.1187,3.7724,14.1084,36.7559,339.6501,85.3309
32.26,-1.1153,2.8014,13.0162,41.2088,338.0191,82.9101
32.28,-1.0974,2.2908,12.3171,43.8836,336.9945,81.439
32.3,-1.0652,1.7755,11.5005,46.8702,335.6973,79.9301
32.32,-1.0225,1.3053,10.596,50.0363,333.9115,78.5519
32.34,-0.9453,0.8509,9.5572,53.4951,331.6584,76.9821
32.36,-0.7873,0.1375,7.2737,60.7652,325.7014,71.7456
32.38,-0.6832,-0.1065,6.0073,64.549,321.3198,67.6082
32.4,-0.5571,-0.2355,4.6822,68.2677,315.4437,62.0357
32.42,-0.4315,-0.2492,3.3274,71.7277,307.501,54.0743
32.44,-0.2828,-0.1254,1.9496,74.7714,296.6157,42.8168
32.46,-0.0756,0.4526,-0.7004,77.6467,262.3844,8.0949
32.48,0.0119,0.887,-1.9601,76.9711,243.9041,349.3789
32.5,0.0732,1.3688,-3.1509,75.1305,229.1795,334.2129
32.52,0.1121,1.8846,-4.2621,72.598,218.8156,323.2695
32.54,0.1244,2.4341,-5.2604,69.8516,211.9728,315.6555
32.56,0.0819,3.5726,-6.9095,64.5276,204.3025,306.2962
32.58,0.0332,4.1156,-7.5627,62.1369,202.1364,303.338
32.6,-0.0258,4.6141,-8.1207,59.9553,200.5633,300.8929
32.62,-0.0953,5.0605,-8.5745,58.0611,199.4001,298.9177
32.64,-0.1723,5.4452,-8.9308,56.4409,198.6477,297.4936
32.66,-0.3606,5.9904,-9.3754,54.1212,198.1166,295.9634
32.68,-0.4566,6.1232,-9.4608,53.5882,198.4092,296.1152
32.7,-0.5656,6.1741,-9.4598,53.422,198.9715,296.6476
32.72,-0.6756,6.1316,-9.3825,53.6168,199.7405,297.3202
32.74,-0.8024,5.986,-9.2145,54.2539,200.8656,298.2871
32.76,-1.0559,5.4261,-8.6421,56.3485,204.2378,302.2011
32.78,-1.1831,5.0329,-8.2318,57.7973,206.645,305.2054
32.8,-1.3134,4.5725,-7.7299,59.5019,209.6756,308.8377
32.82,-1.4469,4.0582,-7.124,61.447,213.4311,313.051
32.84,-1.5795,3.5101,-6.4092,63.5859,218.0298,317.8715
32.86,-1.8343,2.3741,-4.6746,67.6452,230.9804,331.2894
32.88,-1.9495,1.8253,-3.657,69.3176,239.8592,340.3567
32.9,-2.0578,1.3228,-2.5379,70.5451,250.6255,351.1581
32.92,-2.1456,0.8854,-1.3377,71.0349,262.7896,3.3788
32.94,-2.2097,0.5284,-0.0713,70.6306,275.2045,16.0966
32.96,-2.2575,0.0811,2.5942,67.6192,297.2421,38.0435
32.98,-2.2476,0.0048,3.9712,65.2819,306.1895,46.4377
33,-2.1667,0.0332,5.3032,62.6284,313.4932,53.2334
33.02,-2.0567,0.1534,6.5985,59.7338,319.2606,58.8245
33.04,-1.8929,0.388,7.8435,56.7171,324.1841,63.7375
33.06,-1.4739,1.067,10.1218,50.763,331.7594,71.369
33.08,-1.2236,1.4931,11.1352,47.9172,334.9263,74.3301
33.1,-0.9489,1.9843,12.0709,45.072,337.8722,76.9196
33.12,-0.6728,2.5038,12.9152,42.3232,340.3154,79.3459
33.14,-0.3956,3.0371,13.661,39.7152,342.3611,81.617
33.16,0.1341,4.1644,14.9103,34.7307,346.0057,84.9495
33.18,0.3667,4.6897,15.4231,32.4358,347.5536,85.9035
33.2,0.6118,5.19,15.8341,30.3907,349.0122,86.6252
33.22,0.8303,5.6738,16.1915,28.4634,350.3047,86.991
33.24,1.0508,6.0419,16.4496,26.9187,351.5018,86.9834
33.26,1.3839,6.5894,16.8222,24.7448,353.3541,86.7001
33.28,1.5278,6.6936,16.9096,24.205,354.0883,86.3374
33.3,1.6746,6.703,16.9243,24.0783,354.7793,85.9976
33.32,1.8017,6.6579,16.9054,24.2131,355.3581,85.7096
33.34,1.9598,6.4552,16.795,24.8869,355.8858,85.5094
33.36,2.1313,5.7622,16.424,27.4046,356.2013,85.4776
33.38,2.1782,5.2505,16.1287,29.3459,356.0403,85.6789
33.4,2.2284,4.6923,15.7472,31.6151,355.7883,86.1524
33.42,2.2617,4.0361,15.2763,34.3304,355.2868,86.636
33.44,2.251,3.3923,14.7441,37.1831,354.6162,87.1706
33.46,2.165,1.9594,13.3393,43.9953,352.5914,87.4439
33.48,2.121,1.3145,12.4829,47.5906,351.3083,87.3652
33.5,2.0005,0.6955,11.5519,51.4918,349.293,87.0279
33.52,1.8672,0.168,10.513,55.3961,346.6566,86.2455
33.54,1.7314,-0.234,9.3698,59.1751,343.6542,84.6009
33.56,1.3956,-0.6512,6.9447,66.1745,336.4777,78.0244
33.58,1.1961,-0.7448,5.6615,69.5106,330.9796,72.5386
33.6,0.9867,-0.7256,4.3612,72.5488,323.8295,65.1148
33.62,0.7427,-0.6258,3.0612,75.1327,313.7733,54.5207
33.64,0.4797,-0.4135,1.7885,77.0702,301.0413,40.7981
33.66,-0.1155,0.2123,-0.7384,78.0299,266.5372,3.3478
33.68,-0.4054,0.5856,-1.8389,76.7954,252.153,347.9941
33.7,-0.7145,1.0208,-2.943,74.6938,240.6225,335.4419
33.72,-1.0381,1.4982,-3.9484,72.1912,232.8978,326.696
33.74,-1.3515,2.0293,-4.8536,69.5926,227.8404,320.7751
33.76,-1.9586,3.111,-6.3327,64.8642,221.6178,311.8533
33.78,-2.2366,3.6338,-6.9333,62.6517,219.672,308.6867
33.8,-2.4933,4.1332,-7.4404,60.568,218.2655,306.2736
33.82,-2.725,4.5931,-7.8603,58.7266,217.1906,304.2231
33.84,-2.9331,4.9985,-8.198,57.0968,216.4463,302.7242
33.86,-3.2735,5.6105,-8.642,54.5738,215.912,301.4924
33.88,-3.4088,5.7981,-8.7446,53.7843,215.9842,301.3445
33.9,-3.5201,5.8991,-8.7723,53.3697,216.2277,301.3047
33.92,-3.6064,5.9092,-8.7269,53.3417,216.6175,301.348
33.94,-3.6679,5.8382,-8.623,53.6092,217.1762,301.6909
33.96,-3.7234,5.4154,-8.1925,55.0303,219.3477,304.4266
33.98,-3.7055,5.0905,-7.8829,56.1074,220.813,306.5523
34,-3.659,4.6954,-7.4968,57.4679,222.6227,309.2025
34.02,-3.5805,4.2414,-7.0349,59.0402,224.8638,312.5008
34.04,-3.4712,3.74,-6.4931,60.7388,227.6231,316.5039
34.06,-3.1649,2.653,-5.1434,64.4206,235.3285,327.1289
34.08,-2.9689,2.0981,-4.3306,66.2263,240.5847,333.9904
34.1,-2.7439,1.5618,-3.4181,68.0543,247.0826,341.7936
34.12,-2.5009,1.048,-2.418,69.6325,254.9224,350.6725
34.14,-2.2412,0.5757,-1.3475,70.8114,264.1644,0.9174
34.16,-1.6751,-0.1863,0.9647,71.2632,285.209,24.1822
34.18,-1.3796,-0.4569,2.1849,70.5354,296.0028,35.356
34.2,-1.1117,-0.6435,3.451,69.0958,305.9159,45.2059
34.22,-0.8346,-0.7158,4.7203,67.0743,314.7101,53.559
34.24,-0.5622,-0.6752,5.9959,64.5436,322.2656,60.1847
34.26,-0.0133,-0.3209,8.4238,58.6747,333.24,69.12
34.28,0.2758,-0.0174,9.5504,55.5069,337.3673,72.2781
34.3,0.5261,0.3507,10.6318,52.2805,340.7979,74.4018
34.32,0.7966,0.8095,11.6326,49.0361,344.0409,75.901
34.34,1.0282,1.3017,12.5478,45.8645,346.6501,76.8516
34.36,1.4888,2.5058,14.0985,39.6216,350.9724,77.7704
34.38,1.7221,3.1334,14.7044,36.7533,352.6613,78.03
34.4,1.8621,3.7436,15.2737,34.0242,353.8507,78.2
34.42,1.9908,4.36,15.7517,31.4496,354.9589,78.122
34.44,2.077,4.8884,16.1579,29.2778,355.8556,77.6745
34.46,2.3016,5.8076,16.7056,25.5011,357.7372,76.2846
34.48,2.3432,6.1669,16.9066,24.0228,358.4721,75.2627
34.5,2.3682,6.4184,17.04,23.0053,358.9958,74.2904
34.52,2.3884,6.6113,17.1087,22.3077,359.3502,73.4391
34.54,2.3495,6.6373,17.1308,22.137,359.4485,72.604
34.56,2.3506,6.4783,16.9786,22.7834,359.5891,71.7528
34.58,2.2903,6.1349,16.7899,23.8279,359.2665,71.6074
34.6,2.2027,5.7716,16.5856,25.2508,358.7891,71.4938
34.62,2.119,5.2853,16.2902,27.1115,358.2539,71.4825
34.64,2.0464,4.7352,15.9041,29.3304,357.5703,71.7659
34.66,1.76,3.4949,14.9025,34.5913,355.4452,72.8791
34.68,1.6158,2.8915,14.2872,37.4434,354.2286,73.0367
34.7,1.4296,2.2499,13.55,40.7351,352.6123,73.0739
34.72,1.2508,1.6481,12.7089,44.1585,350.8398,73.2106
34.74,1.0366,1.0659,11.7949,47.6721,348.6105,73.1709
34.76,0.6736,0.0703,9.6409,55.029,342.7849,72.0193
34.78,0.4786,-0.2785,8.4827,58.6737,339.3754,69.9651
34.8,0.3132,-0.5355,7.2334,62.353,335.3337,66.9958
34.82,0.1372,-0.6996,5.9427,65.8745,329.9294,62.8955
34.84,-0.0389,-0.7455,4.6241,69.0847,322.8127,57.0473
34.86,-0.3935,-0.549,2.0052,74.4453,302.879,36.4483
34.88,-0.5594,-0.3676,0.7064,76.1499,288.7767,21.4528
34.9,-0.7423,-0.1272,-0.5533,76.4379,272.0156,4.7626
34.92,-0.9261,0.1888,-1.7563,75.4568,256.7818,349.776
34.94,-1.1155,0.585,-2.8541,73.9317,245.2885,337.5864
34.96,-1.4919,1.494,-4.7557,70.2185,229.8615,318.9815
34.98,-1.6707,1.9803,-5.5736,68.099,224.9551,312.7708
35,-1.8366,2.4707,-6.3015,65.8608,221.4191,308.3335
35.02,-1.9872,2.9589,-6.9307,63.7481,218.89,305.1649
35.04,-2.1197,3.4243,-7.4596,61.9001,216.931,302.5404
35.06,-2.33,4.22,-8.2532,58.8987,214.0486,298.2981
35.08,-2.4087,4.5307,-8.5297,57.7152,212.9789,296.6935
35.1,-2.4731,4.769,-8.7323,56.7665,212.1151,295.2692
35.12,-2.524,4.9294,-8.8676,56.0978,211.4441,294.0496
35.14,-2.5653,5.0059,-8.9408,55.7019,211.1113,293.4118
35.16,-2.6167,4.928,-8.8978,55.7166,211.6046,294.2959
35.18,-2.6281,4.7635,-8.766,56.1904,212.3237,295.3673
35.2,-2.6284,4.5169,-8.555,57.0326,213.3306,296.7009
35.22,-2.6184,4.2002,-8.2729,58.1503,214.5419,298.0711
35.24,-2.5934,3.8208,-7.9139,59.564,216.0491,299.6488
35.26,-2.4978,2.9249,-6.948,62.9507,220.6033,305.0455
35.28,-2.4219,2.4361,-6.343,64.6491,224.0083,309.5357
35.3,-2.3242,1.9362,-5.6485,66.465,228.2309,315.0208
35.32,-2.2117,1.4287,-4.8564,68.3166,233.4551,321.2453
35.34,-2.0853,0.9293,-3.9657,70.2436,239.8931,328.1987
35.36,-1.7934,0.0087,-1.9508,73.2491,257.8409,347.0103
35.38,-1.6311,-0.3805,-0.8478,73.8856,269.3256,359.0404
35.4,-1.4797,-0.7234,0.3185,73.7882,281.7315,11.7821
35.42,-1.3253,-0.9882,1.5378,72.9139,293.9847,23.8864
35.44,-1.1521,-1.1638,2.7734,71.3806,305.1129,34.2945
35.46,-0.8558,-1.2616,5.271,66.6187,320.3496,49.6664
35.48,-0.6865,-1.144,6.4839,63.8083,325.7998,55.3882
35.5,-0.5136,-0.918,7.6691,60.8662,330.3999,59.9714
35.52,-0.335,-0.6048,8.8075,57.8402,334.3355,63.7135
35.54,-0.1483,-0.1949,9.8995,54.6851,337.8549,66.7426
35.56,0.2197,0.8631,11.8886,48.1993,343.4967,70.9438
35.58,0.3522,1.4806,12.7978,44.8153,345.6354,72.5809
35.6,0.5327,2.1612,13.5929,41.5193,347.4123,73.848
35.62,0.6648,2.8651,14.3362,38.2913,348.9384,74.5952
35.64,0.7749,3.5907,15.0026,35.0875,350.3967,74.7348
35.66,0.9584,5.1196,16.1016,28.7257,353.0351,73.5411
35.68,1.0059,5.8152,16.4857,26.0635,353.9723,72.5345
35.7,1.0456,6.513,16.8154,23.4371,354.8474,71.363
35.72,1.0569,7.1081,17.0636,21.2313,355.4343,70.2308
35.74,1.08,7.6287,17.2316,19.384,355.8832,69.432
35.76,1.0253,8.3028,17.4498,16.9849,356.1133,68.6406
35.78,1.0266,8.4774,17.4627,16.4488,356.2483,68.4327
35.8,0.9858,8.5232,17.4509,16.3252,356.1809,68.4362
35.82,0.9438,8.4189,17.3926,16.7261,355.9709,68.6609
35.84,0.9242,8.2211,17.2775,17.5447,355.714,69.0275
35.86,0.8096,7.3722,16.9017,20.6256,354.7966,70.0061
35.88,0.7775,6.8533,16.6335,22.5531,354.3577,70.5503
35.9,0.6878,6.2378,16.3238,24.832,353.73,70.8176
35.92,0.6115,5.5367,15.9285,27.5095,353.0542,70.9211
35.94,0.5124,4.7799,15.457,30.4923,352.2266,70.8566
35.96,0.3265,3.2049,14.2274,37.1368,350.0388,70.524
35.98,0.248,2.3937,13.4477,40.8434,348.3997,70.4657
36,0.1121,1.6021,12.5935,44.8276,345.9021,70.1103
36.02,0.0078,0.8729,11.6176,48.9637,343.0381,69.3598
36.04,-0.083,0.2315,10.5519,53.0129,340.2211,68.2819
36.06,-0.1716,-0.6526,8.1204,60.9492,333.145,64.8798
36.08,-0.1713,-0.887,6.7878,64.7761,328.5109,61.8495
36.1,-0.198,-1.0241,5.449,68.3466,322.7107,57.1345
36.12,-0.1977,-1.0445,4.0678,71.6765,314.8457,50.299
36.14,-0.1922,-0.9295,2.6948,74.4409,304.1346,40.527
36.16,-0.1979,-0.3328,0.0357,77.324,274.1304,11.2703
36.18,-0.2197,0.0887,-1.2017,77.2472,257.835,354.548
36.2,-0.2468,0.5692,-2.3772,76.2853,243.1612,338.94
36.22,-0.2816,1.0688,-3.4893,74.5739,231.2922,326.0544
36.24,-0.3196,1.5855,-4.5348,72.2418,222.5873,316.7345
36.26,-0.4132,2.6529,-6.3414,67.1155,212.4016,305.6941
36.28,-0.4595,3.1744,-7.0923,64.7334,209.3082,301.9132
36.3,-0.5092,3.6642,-7.7346,62.5153,207.0922,299.1093
36.32,-0.5559,4.1248,-8.2693,60.5496,205.4653,297.003
36.34,-0.6018,4.538,-8.6957,58.8654,204.251,295.3585
36.36,-0.6806,5.169,-9.2764,56.429,202.5157,292.4821
36.38,-0.7149,5.3651,-9.4475,55.6837,201.8342,291.0809
36.4,-0.7467,5.473,-9.549,55.181,201.4081,290.1671
36.42,-0.7755,5.4978,-9.5863,54.9074,201.4079,290.161
36.44,-0.8012,5.4457,-9.5533,54.9343,201.7325,290.7712
36.46,-0.8622,5.0572,-9.2383,56.1916,203.194,292.6519
36.48,-0.8936,4.7306,-8.9594,57.4123,204.2003,293.4665
36.5,-0.9193,4.3297,-8.6051,58.9355,205.4968,294.483
36.52,-0.9427,3.8649,-8.1658,60.6875,207.294,296.1501
36.54,-0.9618,3.3527,-7.6371,62.6266,209.7244,298.6908
36.56,-0.985,2.2673,-6.2898,66.7356,217.5533,307.9668
36.58,-0.9859,1.727,-5.4567,68.8734,223.2351,314.4529
36.6,-0.9841,1.2112,-4.5125,70.9354,230.6302,322.6409
36.62,-0.9779,0.7384,-3.4744,72.6089,240.1379,333.2874
36.64,-0.9654,0.3347,-2.3422,73.747,252.1565,346.6071
36.66,-0.931,-0.2975,0.2259,73.5924,281.4191,17.571
36.68,-0.9441,-0.4833,1.5339,72.2019,293.9541,30.2254
36.7,-0.9045,-0.5875,2.9016,70.0423,305.1943,41.0648
36.72,-0.8642,-0.6064,4.2887,67.2645,314.0965,49.3791
36.74,-0.7969,-0.5194,5.6594,64.0883,321.1828,55.7794
36.76,-0.6452,-0.0586,8.3243,56.996,331.9792,63.4152
36.78,-0.5002,0.3289,9.5534,53.3422,336.4751,65.3259
36.8,-0.3555,0.8243,10.7182,49.6244,340.2082,66.5194
36.82,-0.1842,1.393,11.7751,46.0039,343.1903,67.0932
36.84,0.0203,2.0322,12.7271,42.462,345.8175,67.5534
36.86,0.4114,3.3451,14.315,35.8631,349.5569,68.6796
36.88,0.6174,3.9966,14.9588,32.8859,351.1952,69.0563
36.9,0.8234,4.6413,15.5222,30.1478,352.6931,69.2806
36.92,1.0029,5.2338,15.9946,27.7444,353.9019,69.4716
36.94,1.2268,5.7955,16.3586,25.6611,355.15,69.7351
36.96,1.54,6.6623,16.9012,22.4609,356.9136,70.1165
36.98,1.7175,6.9438,17.0377,21.4874,357.6387,70.324
37,1.8277,7.1729,17.1799,20.6384,358.1772,70.4938
37.02,1.9675,7.3003,17.231,20.1697,358.735,70.4969
37.04,2.0326,7.2973,17.2674,20.0994,359.1302,70.2121
37.06,2.2164,7.0018,17.1343,21.1232,359.9387,69.4439
37.08,2.2959,6.6719,16.9559,22.2224,0.1483,69.3933
37.1,2.3371,6.2821,16.7337,23.6287,0.187,69.5284
37.12,2.3728,5.8039,16.4124,25.4653,0.3444,68.9202
37.14,2.4207,5.2853,15.9862,27.6563,0.4981,68.5173
37.16,2.3208,4.071,14.9299,32.8662,359.7331,68.7348
37.18,2.2503,3.3674,14.2511,35.9901,359.093,68.777
37.2,2.1554,2.6475,13.4875,39.3628,358.2007,68.7908
37.22,2.0346,1.9358,12.6377,42.8845,357.1631,68.6286
37.24,1.9257,1.254,11.6737,46.6434,356.0328,68.1373
37.26,1.6254,0.0506,9.4955,54.5465,353.1807,66.0049
37.28,1.4629,-0.4084,8.2866,58.6787,351.4332,64.2993
37.3,1.3084,-0.7528,6.9824,62.7961,348.9962,62.3375
37.32,1.1377,-0.9457,5.637,66.7773,344.4386,58.8948
37.34,0.9832,-0.9821,4.2686,70.3575,340.379,54.5697
37.36,0.5606,-0.7627,1.6478,77.1078,328.176,38.8275
37.38,0.3209,-0.5291,0.3723,79.7303,315.5685,25.226
37.4,0.088,-0.1956,-0.8806,81.3366,296.2127,5.3214
37.42,-0.1676,0.2156,-2.0492,81.5774,273.395,341.9018
37.44,-0.435,0.6629,-3.1395,80.5738,252.7207,320.2517
37.46,-0.9649,1.6468,-5.0575,76.439,229.4624,295.373
37.48,-1.2204,2.147,-5.8611,74.1666,223.5421,288.4708
37.5,-1.4682,2.6512,-6.5383,72.0366,219.4441,283.2331
37.52,-1.7014,3.1359,-7.1154,69.984,216.4391,278.9578
37.54,-1.9187,3.5876,-7.5975,68.0706,214.0976,275.2462
37.56,-2.3072,4.3503,-8.2991,64.8217,212.2408,272.2761
37.58,-2.4695,4.641,-8.5002,63.7011,211.8515,271.3984
37.6,-2.6071,4.859,-8.6041,62.9733,211.524,270.4086
37.62,-2.7229,4.9975,-8.6242,62.5686,211.4015,269.6707
37.64,-2.817,5.0537,-8.5733,62.4438,211.5183,269.2927
37.66,-2.952,4.9106,-8.2927,62.9282,212.4286,269.7993
37.68,-2.9986,4.7144,-8.0645,63.4986,214.0103,271.982
37.7,-3.026,4.445,-7.7725,64.3754,216.2599,275.2931
37.72,-3.0298,4.1025,-7.4048,65.595,218.8382,278.886
37.74,-3.0063,3.7014,-6.9571,67.0675,221.8728,282.8129
37.76,-2.8772,2.7721,-5.8377,70.0578,230.8118,294.204
37.78,-2.765,2.2624,-5.1683,71.5133,236.9586,301.7946
37.8,-2.6227,1.7376,-4.4176,72.8675,244.4017,310.631
37.82,-2.4461,1.2188,-3.5917,73.9823,253.5549,321.3428
37.84,-2.2346,0.7202,-2.7095,74.4924,264.025,333.8766
37.86,-1.7511,-0.1528,-0.702,74.013,286.7624,0.8252
37.88,-1.4835,-0.5043,0.4209,73.2407,297.9479,12.8652
37.9,-1.1832,-0.7669,1.585,71.9914,308.5403,23.8237
37.92,-0.8853,-0.9386,2.7852,70.1859,317.6614,33.181
37.94,-0.5789,-0.9999,3.9957,67.8837,325.1051,41.2102
37.96,-0.0031,-0.8631,6.4145,62.2798,335.6556,52.8109
37.98,0.2739,-0.6578,7.6193,59.2299,339.9733,56.6095
38,0.5823,-0.3432,8.7665,55.9746,343.9254,59.5591
38.02,0.8649,0.0271,9.8749,52.677,347.2241,61.5288
38.04,1.1014,0.4877,10.9704,49.1882,349.9987,62.6087
38.06,1.6759,1.6066,12.8556,42.2843,355.0901,62.7606
38.08,1.9208,2.2652,13.6951,38.8584,357.1559,62.2067
38.1,2.1581,2.9661,14.4283,35.5266,358.9457,61.4315
38.12,2.3755,3.6696,15.0529,32.4551,0.3996,60.7755
38.14,2.5616,4.3816,15.581,29.5717,1.5488,60.281
38.16,2.8565,5.6747,16.3775,24.7811,3.1499,59.5481
38.18,2.9223,6.248,16.7068,22.6782,3.6728,59.178
38.2,3.0387,6.7576,16.9342,20.9514,4.239,58.9526
38.22,3.1245,7.1866,17.1181,19.477,4.6839,58.7039
38.24,3.1893,7.4833,17.2528,18.4255,5.0566,58.2249
38.26,3.2376,7.8594,17.4454,17.1853,5.8077,56.5568
38.28,3.2281,7.8731,17.4995,17.1124,6.0403,55.8047
38.3,3.2435,7.7817,17.4781,17.4531,6.3004,55.2213
38.32,3.2017,7.587,17.4508,18.1126,6.335,54.6852
38.34,3.1917,7.2079,17.3112,19.3347,6.3851,54.2701
38.36,2.9526,6.2418,16.9652,22.5487,5.3184,55.4368
38.38,2.8,5.5657,16.6338,24.9271,4.1752,57.0948
38.4,2.5379,4.8515,16.2534,27.5669,2.5057,59.0255
38.42,2.3045,4.1026,15.7018,30.6501,0.7025,61.357
38.44,2.0017,3.316,15.0391,34.1412,358.4001,63.4464
38.46,1.288,1.7984,13.3959,41.7722,352.95,66.5532
38.48,0.9265,1.1005,12.4104,45.8594,349.6736,67.4605
38.5,0.5427,0.4164,11.3221,49.9801,345.8169,67.767
38.52,0.1634,-0.1609,10.1448,54.0824,341.4322,66.9843
38.54,-0.1871,-0.5915,8.8721,58.0265,336.7108,65.0011
38.56,-0.9073,-1.171,6.1464,65.3896,323.041,56.0079
38.58,-1.2124,-1.2548,4.694,68.2677,313.4105,48.4524
38.6,-1.5864,-1.2055,3.3054,70.1464,302.1899,38.4724
38.62,-1.9172,-0.9981,1.9269,71.2186,290.4763,26.8413
38.64,-2.2377,-0.684,0.5867,71.4727,278.5465,14.1869
38.66,-2.8542,0.2104,-1.9931,69.3471,256.5795,351.0433
38.68,-3.0867,0.7232,-3.0972,67.5411,248.716,342.6824
38.7,-3.3065,1.2859,-4.1772,65.409,242.0056,335.1746
38.72,-3.4935,1.8661,-5.167,63.1571,236.6748,329.0465
38.74,-3.6435,2.4487,-6.0679,60.8149,232.3875,324.1652
38.76,-3.8205,3.5896,-7.5757,56.2781,226.1415,317.4238
38.78,-3.8529,4.1223,-8.1726,54.2425,223.8861,315.1768
38.8,-3.8513,4.6107,-8.665,52.548,221.974,313.0875
38.82,-3.8238,5.0339,-9.0603,51.1912,220.2992,311.0117
38.84,-3.7726,5.3784,-9.3696,50.1803,218.7716,308.8876
38.86,-3.6098,5.8104,-9.7688,49.0854,216.2159,305.2202
38.88,-3.5025,5.8952,-9.8734,48.8657,215.2656,304.1197
38.9,-3.3849,5.8864,-9.9153,48.9218,214.6038,303.6316
38.92,-3.2647,5.7929,-9.8965,49.2544,214.2251,303.5984
38.94,-3.1178,5.5875,-9.8034,49.9561,214.0668,303.8932
38.96,-2.8248,4.9289,-9.3796,52.3857,214.7558,305.6979
38.98,-2.669,4.4885,-9.029,54.1304,215.5346,306.8542
39,-2.505,3.9838,-8.5834,56.2552,216.5695,307.9297
39.02,-2.3348,3.4261,-8.0414,58.6252,218.0186,309.3558
39.04,-2.156,2.832,-7.406,61.1705,219.9996,311.2843
39.06,-1.7812,1.6027,-5.8473,66.3884,226.6702,318.3985
39.08,-1.5892,1.0035,-4.9146,68.9273,232.0972,324.2052
39.1,-1.3927,0.4388,-3.879,71.3418,239.4557,331.7334
39.12,-1.1949,-0.0777,-2.7487,73.4036,249.2879,341.605
39.14,-0.9862,-0.5255,-1.5478,74.8309,261.7434,354.0684
39.16,-0.6086,-1.1802,1.0806,74.8511,291.5362,23.7835
39.18,-0.4248,-1.3878,2.44,73.3512,304.6029,36.7914
39.2,-0.2394,-1.4942,3.8147,71.0917,314.9662,47.313
39.22,-0.0499,-1.493,5.1833,68.3491,323.0101,55.6003
39.24,0.1158,-1.4248,6.5261,65.3809,328.7835,61.7066
39.26,0.5058,-0.9383,9.0562,58.988,337.8307,70.4254
39.28,0.6916,-0.5455,10.23,55.6901,341.2472,73.2666
39.3,0.8729,-0.0691,11.3267,52.3172,344.2091,75.2953
39.32,1.0298,0.4819,12.3471,48.897,346.7466,76.6414
39.34,1.2159,1.1111,13.2611,45.4762,349.0317,77.5733
39.36,1.4368,2.3972,14.852,39.0639,352.5358,77.9484
39.38,1.55,3.0709,15.4901,36.0575,353.8816,77.6318
39.4,1.5902,3.6546,16.0426,33.4992,354.7687,76.9963
39.42,1.6212,4.2862,16.5182,30.9807,355.6164,76.2528
39.44,1.6084,4.8265,16.9019,28.8416,356.2656,75.2589
39.46,1.6307,5.6833,17.3589,25.7499,357.1433,73.8421
39.48,1.5633,5.9508,17.4862,24.8188,357.0868,73.6244
39.5,1.5213,6.1782,17.5354,24.1975,356.9085,74.0035
39.52,1.4435,6.216,17.5112,24.1263,356.5698,74.5943
39.54,1.3626,6.1952,17.4463,24.4194,355.9489,75.6851
39.56,1.1888,5.7737,17.1098,26.289,354.8143,77.6378
39.58,1.0837,5.4166,16.8831,27.71,354.2043,78.2651
39.6,0.9891,4.9799,16.59,29.4523,353.5158,78.963
39.62,0.8603,4.458,16.2415,31.5335,352.593,79.5352
39.64,0.7353,3.8748,15.8169,33.9304,351.5294,80.0984
39.66,0.413,2.5883,14.6844,39.6425,348.5293,80.9753
39.68,0.2408,1.9769,14.0513,42.5038,346.7726,81.3629
39.7,0.0972,1.3511,13.2639,45.7635,344.6643,81.8236
39.72,-0.0549,0.7773,12.3892,49.3134,341.7607,82.0604
39.74,-0.1896,0.2383,11.3952,53.1329,338.2893,81.6689
39.76,-0.4525,-0.4968,9.205,60.1415,331.3884,79.0956
39.78,-0.5394,-0.7143,8.0077,63.5316,327.4873,76.0277
39.8,-0.6322,-0.8329,6.7946,66.6548,323.2505,71.5078
39.82,-0.705,-0.8652,5.5374,69.5873,317.9309,65.3272
39.84,-0.7673,-0.7865,4.2762,72.2471,311.9934,57.2649
39.86,-0.88,-0.3622,1.7218,76.3317,291.7873,33.3232
39.88,-0.9142,-0.0499,0.4469,77.3341,276.8393,17.1356
39.9,-0.9192,0.3384,-0.8118,77.3417,260.2769,359.8031
39.92,-0.9054,0.8032,-2.0123,76.4709,244.8839,343.623
39.94,-0.8782,1.3043,-3.1592,74.8655,231.7377,329.4464
39.96,-0.7843,2.3593,-5.2533,70.1892,213.3106,308.9121
39.98,-0.7239,2.9219,-6.1644,67.481,207.6296,302.5334
40,-0.6576,3.4998,-6.958,64.9751,203.3145,297.2185
40.02,-0.5935,4.0601,-7.6454,62.6336,199.9246,292.665
40.04,-0.5265,4.5881,-8.2458,60.3923,197.212,288.8701
40.06,-0.3976,5.4936,-9.1939,56.346,193.7279,284.233
40.08,-0.338,5.8522,-9.5269,54.7803,192.6592,282.7705
40.1,-0.2847,6.1325,-9.7608,53.6811,191.7841,281.4005
40.12,-0.2328,6.3312,-9.911,52.9826,191.154,280.4724
40.14,-0.1831,6.442,-9.9787,52.6319,190.8086,280.1828
40.16,-0.0926,6.388,-9.8909,53.0389,190.5429,280.2154
40.18,-0.0514,6.2148,-9.7349,53.8245,190.6043,280.5684
40.2,-0.0163,5.9456,-9.5084,54.8945,191.0473,281.6519
40.22,0.0099,5.6023,-9.2125,56.2766,191.8592,283.3886
40.24,0.0265,5.1805,-8.8297,58.0205,192.9721,285.3623
40.26,0.0216,4.1437,-7.7706,62.4366,196.6514,290.716
40.28,-0.0001,3.5565,-7.0896,65.0029,199.5966,294.4559
40.3,-0.0328,2.9401,-6.3109,67.725,203.4723,298.9482
40.32,-0.0767,2.3132,-5.4332,70.4626,208.8725,305.0413
40.34,-0.1322,1.6931,-4.4603,73.06,216.528,313.463
40.36,-0.2795,0.5629,-2.2229,77.1231,241.9533,339.7515
40.38,-0.3695,0.0807,-0.9813,77.8232,260.0656,358.1104
40.4,-0.4568,-0.3158,0.3169,77.2891,278.7796,16.8533
40.42,-0.5461,-0.6225,1.6552,75.6364,294.746,32.5931
40.44,-0.6296,-0.8328,3.0139,73.1811,306.7802,44.184
40.46,-0.7586,-0.8867,5.7206,67.0758,322.6538,58.3807
40.48,-0.776,-0.74,7.011,63.7369,327.9369,62.5939
40.5,-0.8136,-0.4768,8.2737,60.2243,331.8797,65.6263
40.52,-0.7875,-0.0722,9.4526,56.6596,335.3159,68.0094
40.54,-0.7314,0.4402,10.5567,53.0212,338.2692,69.8614
40.56,-0.5846,1.6328,12.5095,46.0027,342.6824,72.4942
40.58,-0.4432,2.3021,13.3329,42.6889,344.5512,73.7959
40.6,-0.3549,3.0021,14.1067,39.3962,346.0002,74.8738
40.62,-0.2122,3.6956,14.7564,36.37,347.3858,75.9737
40.64,-0.0937,4.3778,15.3357,33.4218,348.5735,77.0525
40.66,0.1922,5.7015,16.2375,28.2036,350.4232,78.645
40.68,0.326,6.2556,16.5489,26.1576,351.2493,78.9191
40.7,0.3943,6.7994,16.8493,24.0612,351.8802,78.9403
40.72,0.4758,7.227,17.067,22.4164,352.5103,78.4862
40.74,0.5489,7.5716,17.2357,21.0923,353.1183,77.6059
40.76,0.6576,7.9559,17.4433,19.3681,354.0275,75.3892
40.78,0.7032,7.9475,17.4653,19.2144,354.3178,74.3636
40.8,0.7124,7.8778,17.4634,19.3174,354.4543,73.3329
40.82,0.7215,7.6851,17.3889,20.0044,354.5408,72.451
40.84,0.725,7.3266,17.2304,21.1894,354.4897,71.8602
40.86,0.6824,6.408,16.7588,24.5151,354.0365,71.3468
40.88,0.6809,5.8124,16.4148,26.7543,353.7345,71.0851
40.9,0.6305,5.1488,16.0264,29.2014,353.263,70.8243
40.92,0.5764,4.4443,15.5468,31.8914,352.6331,70.639
40.94,0.4929,3.6989,14.9883,34.853,351.7406,70.5328
40.96,0.3055,2.1387,13.5153,41.7894,348.9015,69.9234
40.98,0.1746,1.3981,12.6321,45.5734,346.7081,69.4369
41,0.0647,0.7276,11.6089,49.5148,344.0031,68.8334
41.02,-0.0369,0.1522,10.486,53.4385,340.9965,68.0085
41.04,-0.1346,-0.3364,9.257,57.3787,337.409,66.3235
41.06,-0.3261,-0.9527,6.6171,64.9978,328.0995,59.9989
41.08,-0.384,-1.0894,5.1905,68.5815,321.1536,54.4821
41.1,-0.4555,-1.0819,3.7541,71.7363,311.8195,46.6977
41.12,-0.5114,-0.9354,2.3086,74.2772,299.6613,35.674
41.14,-0.5778,-0.6806,0.8875,75.9246,284.4077,20.9795
41.16,-0.7497,0.1168,-1.8072,75.6085,251.0297,347.5794
41.18,-0.8524,0.6371,-3.0458,73.818,238.121,334.4994
41.2,-0.9693,1.2081,-4.1915,71.4442,228.7628,324.6607
41.22,-1.0924,1.8101,-5.237,68.9078,222.1527,317.1657
41.24,-1.2194,2.4246,-6.183,66.233,217.5434,311.6925
41.26,-1.4717,3.6484,-7.7367,61.0559,212.1856,305.1198
41.28,-1.5869,4.2197,-8.3422,58.8177,210.5254,302.6552
41.3,-1.692,4.7385,-8.8509,56.8364,209.1952,300.3781
41.32,-1.79,5.1906,-9.2713,55.0938,208.1565,298.3573
41.34,-1.8793,5.5612,-9.6149,53.6079,207.32,296.5199
41.36,-2.0246,6.0476,-10.0773,51.3957,206.5872,294.7741
41.38,-2.0809,6.161,-10.1737,50.8529,206.618,294.705
41.4,-2.1249,6.1804,-10.1818,50.745,206.8143,294.7932
41.42,-2.1578,6.1122,-10.1109,51.0225,207.1276,295.0161
41.44,-2.1841,5.9412,-9.9576,51.6797,207.6102,295.4016
41.46,-2.2137,5.2966,-9.4353,54.0253,209.0819,296.51
41.48,-2.2157,4.8516,-9.0809,55.5299,210.2681,297.7702
41.5,-2.2063,4.3447,-8.6479,57.2474,211.9933,300.0507
41.52,-2.1863,3.7824,-8.1216,59.185,214.2917,303.1075
41.54,-2.1553,3.1849,-7.4885,61.3627,217.2059,306.7308
41.56,-2.0573,1.9515,-5.8915,66.1446,225.5957,315.9267
41.58,-1.9874,1.3636,-4.9312,68.4862,231.7106,322.4474
41.6,-1.9066,0.8262,-3.87,70.5375,239.7864,331.3197
41.62,-1.8094,0.3497,-2.7278,72.1033,249.8873,342.6056
41.64,-1.699,-0.0562,-1.5112,73.0021,261.8369,355.8526
41.66,-1.4348,-0.6541,1.1581,72.5372,288.6782,24.4472
41.68,-1.3264,-0.8039,2.4696,71.1029,299.6547,36.0915
41.7,-1.1697,-0.854,3.842,69.0191,309.6635,46.3193
41.72,-1.0029,-0.7996,5.2141,66.3826,318.1333,54.7003
41.74,-0.861,-0.6544,6.585,63.309,324.7378,61.3184
41.76,-0.4696,-0.0268,9.1315,56.6446,334.3395,70.3409
41.78,-0.2368,0.3996,10.2954,53.2766,338.057,73.4342
41.8,-0.057,0.8899,11.4231,49.8394,340.988,75.7447
41.82,0.1561,1.4473,12.4482,46.4495,343.7122,77.4423
41.84,0.3549,2.0353,13.3812,43.1749,345.9595,78.5297
41.86,0.7436,3.3261,14.9787,36.9637,349.8301,79.8373
41.88,0.9379,3.9223,15.6151,34.2426,351.3542,80.0539
41.9,1.0501,4.508,16.1954,31.7078,352.5453,80.1082
41.92,1.1765,5.0342,16.6744,29.4714,353.5754,80.0212
41.94,1.3107,5.5031,17.0563,27.5367,354.5607,80.0339
41.96,1.4259,6.2046,17.6148,24.8034,355.5472,80.4035
41.98,1.4267,6.4209,17.8017,23.9995,355.826,80.6122
42,1.487,6.5415,17.8781,23.609,356.2264,80.5331
42.02,1.5037,6.5469,17.8993,23.6041,356.3633,80.7485
42.04,1.481,6.4508,17.8738,24.0028,356.2102,81.1559
42.06,1.3988,5.9757,17.5806,25.8055,355.5217,81.9191
42.08,1.3027,5.581,17.342,27.2667,354.8634,82.0881
42.1,1.2013,5.1387,17.0336,28.9408,354.1792,82.1016
42.12,1.0903,4.6038,16.6502,30.9749,353.426,81.7873
42.14,0.9273,4.0224,16.2348,33.1891,352.4484,81.2179
42.16,0.6436,2.6624,15.1327,38.5362,350.5495,78.6795
42.18,0.4648,1.9462,14.4515,41.629,349.1824,77.2012
42.2,0.262,1.2666,13.6571,44.8669,347.298,75.8317
42.22,0.0386,0.6251,12.7534,48.2561,345.0277,74.4404
42.24,-0.1802,0.0482,11.7244,51.699,342.4538,72.6703
42.26,-0.6191,-0.8669,9.3745,58.7078,335.3174,67.725
42.28,-0.7951,-1.1181,8.0397,62.0921,330.3291,64.5028
42.3,-0.9861,-1.2273,6.6617,65.2859,324.2014,59.8663
42.32,-1.1287,-1.2056,5.2245,68.2662,316.9862,53.4333
42.34,-1.2542,-1.0753,3.7656,70.8461,307.7595,44.7747
42.36,-1.4563,-0.5028,0.8721,74.0251,282.5886,20.3671
42.38,-1.5278,-0.1021,-0.5362,74.2352,267.8174,5.4996
42.4,-1.5996,0.3509,-1.8723,73.5989,253.877,350.8242
42.42,-1.6558,0.8479,-3.1401,72.1419,241.9301,337.9593
42.44,-1.6949,1.3882,-4.3236,69.9839,232.6171,328.1147
42.46,-1.7293,2.5809,-6.3456,65.0455,220.7722,315.4413
42.48,-1.7247,3.187,-7.1761,62.7274,216.8454,310.7479
42.5,-1.706,3.7652,-7.9011,60.5684,213.6144,306.4807
42.52,-1.678,4.2957,-8.5286,58.5923,210.8925,302.611
42.54,-1.6383,4.7727,-9.0686,56.7521,208.6761,299.4876
42.56,-1.5288,5.533,-9.8787,53.6604,205.4613,295.055
42.58,-1.4662,5.794,-10.1511,52.5763,204.2578,293.3423
42.6,-1.4011,5.9632,-10.3423,51.8162,203.3916,292.1851
42.62,-1.3328,6.0426,-10.446,51.4423,202.8813,291.7
42.64,-1.2685,6.0272,-10.4559,51.5048,202.5802,291.4064
42.66,-1.1382,5.6941,-10.2112,53.02,202.3827,290.5437
42.68,-1.084,5.398,-9.972,54.2574,202.6253,290.5248
42.7,-1.0306,5.0151,-9.65,55.8239,203.1701,290.9206
42.72,-0.9794,4.5554,-9.2559,57.6179,204.1029,291.834
42.74,-0.9314,4.028,-8.7854,59.6252,205.4868,293.3331
42.76,-0.8473,2.8192,-7.5809,64.0969,210.6416,299.7004
42.78,-0.8125,2.1829,-6.8212,66.4695,214.9734,305.0291
42.8,-0.79,1.5456,-5.9241,69.0722,220.5899,310.8798
42.82,-0.7739,0.9309,-4.8978,71.7916,227.8437,317.2908
42.84,-0.76,0.3625,-3.7667,74.3253,237.6292,325.7545
42.86,-0.7473,-0.6095,-1.2901,76.9926,267.455,353.8314
42.88,-0.738,-0.9729,0.0177,76.433,284.1873,10.4848
42.9,-0.7357,-1.22,1.3713,74.6237,298.2439,25.2031
42.92,-0.7162,-1.3356,2.7509,72.0993,309.6668,37.1684
42.94,-0.7117,-1.3366,4.1693,69.1349,318.1409,45.5941
42.96,-0.5788,-0.9794,6.9089,62.576,331.0175,56.9913
42.98,-0.493,-0.6445,8.2247,59.0305,335.365,60.6305
43,-0.3775,-0.1932,9.4643,55.3806,338.8101,63.6775
43.02,-0.2467,0.347,10.635,51.6971,341.5775,66.2549
43.04,-0.1293,0.9197,11.7386,48.0672,344.0107,68.2229
43.06,0.2558,2.1681,13.6311,41.3849,348.1754,71.2978
43.08,0.3688,2.8032,14.4957,38.2016,349.7362,72.3785
43.1,0.579,3.426,15.199,35.3712,351.308,73.2444
43.12,0.7164,4.0393,15.8341,32.7492,352.4719,73.8135
43.14,0.8741,4.6276,16.3571,30.4293,353.5539,74.1337
43.16,1.0463,5.6373,17.1959,26.4848,355.0549,74.4161
43.18,1.112,6.0489,17.4946,24.9666,355.636,74.5329
43.2,1.1491,6.3473,17.7224,23.8108,356.0533,74.4004
43.22,1.1928,6.5521,17.8686,23.0131,356.4538,74.2718
43.24,1.1841,6.6742,17.9617,22.5311,356.6098,74.0007
43.26,1.1402,6.6057,17.9458,22.7096,356.5218,73.5911
43.28,1.1516,6.4165,17.8094,23.391,356.4969,73.3238
43.3,1.0701,6.0893,17.6362,24.5119,356.2683,72.7309
43.32,1.0124,5.6791,17.3877,25.9496,356.0395,71.9191
43.34,0.9384,5.2262,17.0927,27.5944,355.7565,71.0809
43.36,0.713,4.0332,16.285,31.9617,354.617,68.9564
43.38,0.5326,3.335,15.7862,34.5541,353.6097,67.6329
43.4,0.4352,2.5995,15.1481,37.5635,352.5251,66.3786
43.42,0.2741,1.8621,14.4445,40.7316,351.0046,65.075
43.44,0.1287,1.1189,13.6052,44.1407,349.4152,63.6076
43.46,-0.2431,-0.1999,11.5902,51.2768,344.8475,61.0157
43.48,-0.4421,-0.731,10.4026,54.9291,341.3263,59.7851
43.5,-0.5797,-1.1367,9.0847,58.6227,337.4076,57.9031
43.52,-0.7163,-1.4131,7.6895,62.2797,332.6443,54.9219
43.54,-0.8598,-1.5629,6.2451,65.7839,326.6222,50.5411
43.56,-1.0257,-1.4466,3.1981,71.9804,309.3077,35.7397
43.58,-1.1046,-1.212,1.6679,74.1721,296.1237,23.7502
43.6,-1.1733,-0.875,0.1626,75.398,280.2328,8.5044
43.62,-1.2444,-0.4581,-1.2879,75.4392,263.2447,351.7249
43.64,-1.3249,0.0344,-2.6618,74.252,248.0578,336.5538
43.66,-1.5092,1.251,-5.1718,69.4096,227.5007,315.9837
43.68,-1.5812,1.8952,-6.1793,66.7422,222.0103,310.4592
43.7,-1.6646,2.5783,-7.1138,63.8978,217.9026,306.2944
43.72,-1.7423,3.2491,-7.9279,61.2167,214.8741,302.963
43.74,-1.8164,3.889,-8.6192,58.7649,212.5933,300.1965
43.76,-1.9409,5.0205,-9.6688,54.6632,209.3976,295.7021
43.78,-1.9926,5.4822,-10.0463,53.0057,208.2739,293.8922
43.8,-2.0356,5.8629,-10.3362,51.6408,207.452,292.576
43.82,-2.0705,6.1542,-10.5426,50.5458,207.0119,292.0729
43.84,-2.0963,6.3514,-10.6635,49.8254,206.8087,291.9526
43.86,-2.1306,6.4314,-10.6444,49.7002,206.7004,291.6674
43.88,-2.1378,6.3262,-10.531,50.1969,206.8057,291.5937
43.9,-2.1384,6.0875,-10.317,51.1277,207.2022,292.0328
43.92,-2.1277,5.7708,-10.0491,52.3058,207.9484,293.1563
43.94,-2.1096,5.3646,-9.7004,53.7828,209.0348,294.8497
43.96,-2.0436,4.3111,-8.7405,57.6813,212.4892,299.5858
43.98,-1.9937,3.6908,-8.1132,60.0377,215.0467,302.6819
44,-1.9348,3.0233,-7.3747,62.9106,218.2501,306.1379
44.02,-1.8623,2.3375,-6.5256,65.5628,222.6837,310.9086
44.04,-1.7759,1.6511,-5.5656,68.187,228.4505,316.8444
44.06,-1.5604,0.3832,-3.3235,72.7868,246.4666,334.9481
44.08,-1.4349,-0.163,-2.0706,74.1961,259.2515,347.8526
44.1,-1.2894,-0.6199,-0.75,74.6848,273.9724,2.8076
44.12,-1.1367,-0.9904,0.6296,74.2268,288.8648,17.572
44.14,-0.97,-1.262,2.0448,72.9392,302.63,30.6365
44.16,-0.6127,-1.4998,4.8859,68.2761,322.5005,49.4149
44.18,-0.4093,-1.4558,6.2569,65.347,329.0722,55.6659
44.2,-0.192,-1.3066,7.5798,62.2742,334.2885,60.482
44.22,0.0274,-1.0488,8.8429,59.1164,338.4409,64.1278
44.24,0.2557,-0.6781,10.0395,55.8849,342.0702,66.9314
44.26,0.7027,0.2634,12.1687,49.5522,347.5077,70.9181
44.28,0.9123,0.8262,13.1002,46.4503,349.5768,72.4494
44.3,1.1477,1.4289,13.9075,43.4733,351.4526,73.8353
44.32,1.3314,2.0563,14.6478,40.6027,352.9726,74.8166
44.34,1.5292,2.6919,15.2789,37.9186,354.4521,75.6649
44.36,1.8018,3.8706,16.2894,33.1241,356.4289,76.5899
44.38,1.9054,4.4057,16.6722,31.0607,357.2209,76.7368
44.4,2.002,4.8559,16.9729,29.3289,357.9124,76.5499
44.42,2.0707,5.1923,17.1998,27.9883,358.4423,76.0724
44.44,2.0954,5.4784,17.3736,26.8892,358.8389,75.3905
44.46,2.0778,5.7159,17.5385,25.8342,359.3637,73.4171
44.48,2.0085,5.6883,17.5446,25.8348,359.387,72.2038
44.5,2.0104,5.558,17.4438,26.3321,359.5501,71.0623
44.52,1.9564,5.2825,17.2773,27.237,359.4844,69.9517
44.54,1.8684,4.9285,17.067,28.4205,359.2565,69.0152
44.56,1.6354,3.9416,16.4063,32.0631,358.196,67.4029
44.58,1.4796,3.3357,15.971,34.3617,357.3999,66.6888
44.6,1.3316,2.695,15.4357,36.9363,356.4889,65.9057
44.62,1.1836,2.0107,14.8188,39.8285,355.3231,64.9097
44.64,1.0067,1.2902,14.1181,43.0038,353.777,63.8324
44.66,0.5831,-0.061,12.3941,49.688,350.1367,61.4071
44.68,0.3511,-0.642,11.454,52.8571,347.5909,60.0861
44.7,0.1508,-1.1702,10.3454,56.2806,344.5722,58.4525
44.72,-0.0632,-1.5967,9.1746,59.6272,341.0201,56.0138
44.74,-0.2388,-1.9101,7.9083,62.9117,336.9666,52.7696
44.76,-0.6687,-2.1445,5.2825,68.7008,324.8312,42.9803
44.78,-0.8579,-2.0508,3.9153,71.1146,316.6202,35.9051
44.8,-1.0385,-1.8648,2.5325,73.1006,306.0649,26.526
44.82,-1.2153,-1.5823,1.1579,74.4277,293.3613,14.8805
44.84,-1.3888,-1.2087,-0.1821,75.0942,279.838,2.139
44.86,-1.7136,-0.2479,-2.731,73.1166,253.1058,337.5094
44.88,-1.8652,0.3228,-3.8889,71.0757,243.405,328.7936
44.9,-2.0042,0.9284,-4.9534,68.7471,235.9604,321.9925
44.92,-2.1305,1.5589,-5.9076,66.32,230.3885,316.8042
44.94,-2.2415,2.1969,-6.7524,63.9472,226.094,312.6103
44.96,-2.421,3.4063,-8.1161,59.6844,219.9169,305.646
44.98,-2.4894,3.9495,-8.6474,57.7987,217.6746,302.8459
45,-2.5415,4.4324,-9.0921,56.1158,215.8586,300.4713
45.02,-2.5817,4.8414,-9.4531,54.6592,214.4227,298.5528
45.04,-2.6119,5.1686,-9.7291,53.4922,213.3295,297.0982
45.06,-2.6396,5.5581,-10.0272,52.1915,212.0789,295.4066
45.08,-2.6392,5.6163,-10.0497,52.0772,211.813,295.0096
45.1,-2.6292,5.5881,-10.0009,52.2686,211.7822,294.9861
45.12,-2.6118,5.4785,-9.8923,52.701,211.9903,295.3818
45.14,-2.5814,5.2459,-9.6832,53.5555,212.5502,296.3525
45.16,-2.5008,4.5505,-9.0608,56.1197,214.604,299.1926
45.18,-2.4466,4.0903,-8.616,57.8767,216.2088,301.0808
45.2,-2.3805,3.5717,-8.0774,59.8595,218.3725,303.5504
45.22,-2.3018,3.0077,-7.4437,62.0056,221.2407,306.9096
45.24,-2.2094,2.4092,-6.7096,64.6201,224.8873,310.9414
45.26,-1.9738,1.2,-4.9382,69.0772,236.4258,323.5073
45.28,-1.835,0.6339,-3.8971,71.0201,244.9071,332.5241
45.3,-1.6854,0.1148,-2.765,72.4391,255.427,343.6621
45.32,-1.5219,-0.3469,-1.5501,73.2447,267.7184,356.3784
45.34,-1.343,-0.7318,-0.2666,73.2853,281.0696,9.8962
45.36,-0.96,-1.2146,2.4561,70.7568,305.7671,34.488
45.38,-0.7663,-1.3063,3.8601,68.4473,315.3208,43.6195
45.4,-0.5342,-1.2907,5.2433,65.7458,323.2216,50.7882
45.42,-0.3043,-1.17,6.619,62.7185,329.6771,56.2528
45.44,-0.0569,-0.9692,7.9424,59.5294,335.0078,60.1779
45.46,0.4688,-0.2623,10.4272,52.7799,343.6538,64.6699
45.48,0.7401,0.231,11.5524,49.3241,347.0754,65.731
45.5,1.0083,0.7937,12.5845,45.9205,349.9659,66.3105
45.52,1.265,1.3928,13.5155,42.6637,352.3363,66.4441
45.54,1.5373,2.0577,14.3339,39.4633,354.5257,66.3667
45.56,1.9895,3.4031,15.6944,33.6319,357.9955,65.4281
45.58,2.1932,4.0625,16.2219,31.0195,359.385,64.8208
45.6,2.3402,4.6778,16.6796,28.651,0.5062,64.1295
45.62,2.5112,5.2257,17.0236,26.6162,1.583,63.4415
45.64,2.6889,5.729,17.2797,24.7947,2.6626,62.8326
45.66,2.8294,6.4065,17.6582,22.3761,3.8527,61.4883
45.68,2.9173,6.6017,17.7075,21.7672,4.3328,61.0689
45.7,2.9525,6.6585,17.7278,21.561,4.6573,60.6046
45.72,2.9535,6.6282,17.7093,21.7197,4.8135,60.1578
45.74,2.9844,6.4912,17.6129,22.2666,4.9293,59.8723
45.76,2.968,5.8019,17.2302,24.5935,4.7999,59.6855
45.78,2.8724,5.2969,16.9802,26.3668,4.3641,59.4777
45.8,2.8452,4.738,16.6307,28.3786,4.1868,59.3803
45.82,2.7582,4.0765,16.2184,30.8118,3.8197,59.073
45.84,2.6739,3.3882,15.7218,33.4904,3.4872,58.8202
45.86,2.4011,1.8073,14.4873,39.8548,2.1773,57.9113
45.88,2.2455,0.9847,13.7324,43.4705,1.0991,57.2076
45.9,2.0542,0.1706,12.8955,47.2114,359.6676,56.3649
45.92,1.842,-0.5424,11.9666,50.8944,358.0971,55.3917
45.94,1.5962,-1.1753,10.946,54.6294,356.4525,54.0295
45.96,1.126,-2.1088,8.5756,62.1054,351.7081,50.3997
45.98,0.8601,-2.3656,7.286,65.5491,347.6989,48.2091
46,0.5714,-2.4802,5.9592,68.678,342.2809,44.7686
46.02,0.2787,-2.4623,4.6017,71.5806,335.5601,39.5148
46.04,-0.018,-2.3256,3.2508,74.2833,327.2741,31.898
46.06,-0.6213,-1.8132,0.5594,78.1091,300.9424,6.7176
46.08,-0.9354,-1.4349,-0.7275,78.5628,283.4276,349.7972
46.1,-1.2479,-1.0036,-1.9512,78.0897,266.5384,332.8884
46.12,-1.5585,-0.541,-3.1014,76.8861,252.2438,317.9722
46.14,-1.8662,-0.0574,-4.1691,74.9307,241.5231,306.6107
46.16,-2.445,0.9522,-5.9996,70.4418,229.0265,292.2287
46.18,-2.7118,1.4639,-6.7336,68.3066,225.3877,287.1891
46.2,-2.9644,1.9772,-7.3449,66.3119,223.0503,283.6692
46.22,-3.1967,2.4644,-7.8519,64.4664,221.3905,280.8536
46.24,-3.4074,2.9174,-8.2591,62.8204,220.3438,278.901
46.26,-3.7587,3.6625,-8.7877,60.2353,219.358,276.5367
46.28,-3.8963,3.9359,-8.9224,59.3556,219.1342,275.7448
46.3,-4.0107,4.1369,-8.9823,58.7272,219.1552,275.5217
46.32,-4.102,4.2612,-8.9759,58.3251,219.4175,275.9667
46.34,-4.167,4.3044,-8.9079,58.1633,219.867,276.9124
46.36,-4.2346,4.141,-8.5744,58.5524,221.8378,281.2843
46.38,-4.2345,3.9344,-8.3021,59.1375,223.3792,284.5922
46.4,-4.2095,3.6486,-7.9556,59.9978,225.2307,288.2562
46.42,-4.159,3.2903,-7.5242,61.1082,227.4906,292.3262
46.44,-4.0817,2.8718,-7.0031,62.4281,230.3737,297.1185
46.46,-3.8406,1.9014,-5.6642,65.4978,238.5556,308.9907
46.48,-3.675,1.3875,-4.8345,67.0883,244.4026,316.5743
46.5,-3.4761,0.8814,-3.8932,68.6231,251.615,325.2726
46.52,-3.2368,0.3933,-2.8563,70.1888,260.5951,335.3024
46.54,-2.9667,-0.0552,-1.7287,70.9881,270.8884,346.6852
46.56,-2.3078,-0.7849,0.7153,70.7441,293.3336,11.0952
46.58,-1.9419,-1.0472,2.0101,69.6422,303.8572,22.3592
46.6,-1.5424,-1.2435,3.3123,68.0399,313.0986,32.1637
46.62,-1.1237,-1.3475,4.6224,66.0236,321.1611,40.6475
46.64,-0.6724,-1.3686,5.894,63.7673,328.0117,47.6755
46.66,0.24,-1.1064,8.4335,58.5034,339.2857,58.274
46.68,0.7022,-0.8376,9.5128,55.9412,343.6609,62.0846
46.7,1.1361,-0.5004,10.5957,53.1474,347.2639,65.3356
46.72,1.5699,-0.0966,11.5966,50.3677,350.3517,68.1406
46.74,1.9777,0.3663,12.5162,47.5976,353.0055,70.4117
46.76,2.7499,1.4119,14.0856,42.2266,357.6829,73.5481
46.78,3.0723,1.9808,14.7448,39.5876,359.5568,74.3127
46.8,3.3806,2.5434,15.3064,37.1001,1.3961,74.531
46.82,3.6293,3.1163,15.7968,34.7339,2.9184,74.2528
46.84,3.8496,3.6573,16.2021,32.488,4.346,73.7058
46.86,4.1559,4.5612,16.7659,28.8976,6.3252,71.9652
46.88,4.2713,4.9239,16.928,27.4988,7.057,70.8574
46.9,4.2996,5.2044,17.0461,26.4693,7.4162,69.6998
46.92,4.3494,5.4013,17.0751,25.761,7.809,68.5386
46.94,4.3559,5.48,17.0721,25.4142,8.0907,67.2138
46.96,4.3108,5.3483,16.916,25.9011,8.45,64.0024
46.98,4.2363,5.06,16.7537,26.7718,8.4588,62.5536
47,4.152,4.7264,16.5406,27.9,8.3946,61.3522
47.02,4.067,4.2932,16.2291,29.4511,8.2483,60.4233
47.04,3.884,3.7916,15.862,31.378,7.681,59.627
47.06,3.527,2.6736,14.811,36.2544,6.4816,58.5666
47.08,3.2849,2.0397,14.1384,39.2061,5.3414,58.7589
47.1,2.985,1.3832,13.3782,42.3987,3.6453,59.3354
47.12,2.6844,0.7566,12.512,45.766,1.6707,59.9598
47.14,2.3508,0.1515,11.5594,49.3169,359.393,60.1839
47.16,1.7208,-0.8415,9.373,56.7221,354.6753,58.4514
47.18,1.3938,-1.1831,8.1697,60.4275,351.7491,57.0427
47.2,1.0457,-1.4213,6.8878,64.0825,347.5457,55.2183
47.22,0.7015,-1.5053,5.5503,67.5238,341.9353,52.4406
47.24,0.3677,-1.4236,4.1752,70.6521,334.5473,47.7051
47.26,-0.3312,-0.8872,1.4836,75.7034,312.8763,28.7003
47.28,-0.672,-0.4836,0.1814,77.2588,297.5294,13.739
47.3,-1.0215,-0.0325,-1.0776,77.6722,279.598,356.2942
47.32,-1.3591,0.4641,-2.2981,76.7071,262.3136,339.9674
47.34,-1.6823,0.9899,-3.4521,74.6263,248.9902,327.6103
47.36,-2.2831,2.0854,-5.4475,69.6541,233.0287,311.6898
47.38,-2.5565,2.6287,-6.2908,67.021,228.5185,306.9442
47.4,-2.8094,3.1647,-7.0213,64.4048,225.7053,304.3741
47.42,-3.0328,3.6803,-7.627,62.0711,223.7909,302.5612
47.44,-3.2275,4.1542,-8.1039,60.1378,222.3096,300.6708
47.46,-3.5425,4.9169,-8.7406,57.2291,220.3522,297.4018
47.48,-3.6622,5.1904,-8.9368,56.113,219.9633,296.8564
47.5,-3.7572,5.3792,-9.0579,55.2678,219.8689,296.9038
47.52,-3.8268,5.476,-9.1027,54.7625,220.0162,297.3823
47.54,-3.8714,5.4753,-9.0706,54.637,220.3459,298.0705
47.56,-3.8863,5.1921,-8.7702,55.3914,221.9267,301.1128
47.58,-3.8556,4.9145,-8.4923,56.273,223.1669,303.3039
47.6,-3.7995,4.559,-8.1332,57.4697,224.756,305.8981
47.62,-3.717,4.1309,-7.6878,58.9316,226.7608,308.9218
47.64,-3.6085,3.6417,-7.1492,60.5947,229.3395,312.649
47.66,-3.2763,2.5187,-5.7591,64.5084,236.9614,322.6524
47.68,-3.0946,1.9554,-4.9617,66.2752,241.9443,328.9708
47.7,-2.8578,1.3766,-4.0384,68.0561,248.4402,336.7986
47.72,-2.5891,0.82,-3.0144,69.7477,256.4371,345.6607
47.74,-2.2987,0.3023,-1.8957,71.1077,266.0998,355.7339
47.76,-1.6252,-0.5366,0.506,71.921,288.5204,19.2876
47.78,-1.2603,-0.8367,1.7623,71.2454,299.5,31.0062
47.8,-0.8913,-1.0577,3.0409,69.9777,309.3581,41.4806
47.82,-0.5206,-1.1976,4.316,68.2318,317.8224,50.4303
47.84,-0.1508,-1.2423,5.5773,66.1064,324.8961,57.9705
47.86,0.5516,-1.0802,7.9912,61.1452,335.2368,69.2485
47.88,0.8755,-0.8458,9.1447,58.376,339.3222,73.3286
47.9,1.1911,-0.5415,10.2252,55.5278,342.7506,76.4264
47.92,1.4745,-0.1559,11.2459,52.6306,345.5882,78.8738
47.94,1.7426,0.3247,12.1913,49.6608,348.0391,80.8457
47.96,2.1485,1.4413,13.8513,43.7672,351.9032,82.9015
47.98,2.2754,2.0315,14.5597,40.9125,353.364,82.9481
48,2.4142,2.6957,15.1742,38.0297,354.9417,82.698
48.02,2.5174,3.3238,15.6955,35.4309,356.1498,82.1916
48.04,2.5383,3.9191,16.1527,33.0439,356.8579,81.6365
48.06,2.5493,4.9563,16.8091,29.1617,357.8543,80.5985
48.08,2.4556,5.3844,17.0508,27.6775,357.9368,80.0653
48.1,2.4327,5.7326,17.1849,26.491,358.1967,79.458
48.12,2.3345,5.9945,17.2774,25.6145,358.153,78.8276
48.14,2.1992,6.1464,17.32,25.138,357.9106,78.4456
48.16,1.9724,6.2159,17.2138,25.1124,357.279,78.0983
48.18,1.8027,6.0866,17.1034,25.6672,356.6523,77.7673
48.2,1.679,5.883,16.9267,26.486,356.1491,77.6896
48.22,1.4981,5.5895,16.724,27.6083,355.2863,77.8103
48.24,1.3384,5.2349,16.4486,29.01,354.4464,77.9765
48.26,0.9942,4.3605,15.7182,32.6603,352.1379,79.1434
48.28,0.8399,3.8697,15.2408,34.8498,350.8037,79.9689
48.3,0.6597,3.3566,14.7281,37.2743,349.1734,80.57
48.32,0.5073,2.8147,14.149,39.8205,347.675,80.6502
48.34,0.3346,2.2635,13.5516,42.4234,346.2077,80.1147
48.36,0.0695,1.0905,12.1859,47.8996,343.5831,78.0733
48.38,-0.0986,0.5415,11.4157,50.9906,341.0688,76.4978
48.4,-0.2215,0.0346,10.553,54.1328,338.3359,74.5876
48.42,-0.3503,-0.3951,9.6366,57.2572,335.3123,72.1634
48.44,-0.457,-0.7608,8.6647,60.2894,332.1392,69.3181
48.46,-0.6617,-1.3302,6.602,65.9538,324.3701,61.4036
48.48,-0.7307,-1.4842,5.5208,68.5874,319.4599,56.1959
48.5,-0.8169,-1.5343,4.4319,70.8714,312.9873,49.7315
48.52,-0.8752,-1.494,3.3313,72.8437,305.2464,41.8755
48.54,-0.9401,-1.3837,2.2515,74.2906,295.8649,32.4757
48.56,-1.0083,-0.9652,0.141,75.7005,274.3362,10.5855
48.58,-1.0418,-0.6643,-0.8492,75.5511,263.4969,359.3713
48.6,-1.0562,-0.316,-1.8152,74.8311,253.3807,349.1644
48.62,-1.065,0.0562,-2.7332,73.756,244.4378,340.0011
48.64,-1.0656,0.4339,-3.609,72.3148,236.8627,332.2663
48.66,-1.0344,1.2295,-5.2175,69.0973,225.2664,319.7646
48.68,-0.9943,1.5992,-5.881,67.5921,221.2506,315.2086
48.7,-0.9485,1.9725,-6.5129,65.958,217.8087,311.581
48.72,-0.8927,2.3315,-7.0728,64.3755,215.0225,308.7617
48.74,-0.8298,2.6708,-7.5481,62.9727,212.7262,306.3718
48.76,-0.6873,3.2533,-8.2287,60.9351,209.2451,302.3693
48.78,-0.6066,3.4765,-8.4492,60.2378,207.9341,300.9331
48.8,-0.5178,3.6413,-8.6043,59.7334,206.8491,299.8508
48.82,-0.4262,3.7397,-8.688,59.4471,205.9891,299.1621
48.84,-0.3317,3.7663,-8.702,59.4266,205.3186,298.7052
48.86,-0.1433,3.6006,-8.5223,60.2239,204.6951,298.5475
48.88,-0.0465,3.4121,-8.3072,61.0736,204.9124,299.2716
48.9,0.0419,3.1686,-8.0116,62.189,205.54,300.4418
48.92,0.1261,2.8768,-7.6221,63.5841,206.6558,302.2548
48.94,0.2051,2.5391,-7.1396,65.2346,208.3011,304.5351
48.96,0.3418,1.7471,-5.8958,69.166,213.8346,311.2352
48.98,0.3969,1.3037,-5.1374,71.8125,218.4707,316.0348
49,0.4263,0.8646,-4.2536,74.0399,225.5511,323.1835
49.02,0.4469,0.445,-3.2696,76.1474,235.6218,332.9553
49.04,0.4552,0.0634,-2.1915,77.6099,249.9021,347.1854
49.06,0.4445,-0.5398,0.2013,77.5256,286.1752,23.248
49.08,0.4227,-0.7361,1.4996,75.7804,301.7473,38.2101
49.1,0.4047,-0.8527,2.8267,73.2402,313.0755,49.1132
49.12,0.3803,-0.913,4.1662,70.2289,321.1895,56.8927
49.14,0.3563,-0.9059,5.4993,67.0089,327.211,62.4939
49.16,0.3519,-0.6174,8.0694,60.2961,335.7516,69.3188
49.18,0.3763,-0.3347,9.2671,56.9606,338.9068,71.2104
49.2,0.3742,0.0469,10.4126,53.5623,341.3577,72.4943
49.22,0.4275,0.5167,11.4454,50.3029,343.5625,73.6358
49.24,0.4332,1.0519,12.4159,47.0541,345.2865,74.4903
49.26,0.5263,2.166,14.0281,41.2035,348.1179,75.8005
49.28,0.554,2.7378,14.7109,38.5458,349.0981,76.3835
49.3,0.5675,3.2766,15.2959,36.1074,349.8113,76.795
49.32,0.5738,3.7883,15.7908,33.952,350.3758,77.0889
49.34,0.5834,4.2659,16.1964,32.0512,350.8939,77.2553
49.36,0.4857,5.0334,16.794,29.0842,351.4223,77.1614
49.38,0.449,5.3074,16.964,28.0497,351.571,77.1308
49.4,0.3765,5.4882,17.0807,27.4071,351.5416,76.9675
49.42,0.3077,5.5853,17.1255,27.035,351.4545,76.6585
49.44,0.2108,5.5801,17.1239,26.9719,351.2346,76.0869
49.46,0.0093,5.289,16.9487,27.8031,350.8754,73.7629
49.48,-0.0806,5.0193,16.7716,28.6268,350.8711,71.8709
49.5,-0.2463,4.6375,16.548,29.8726,350.4975,69.6133
49.52,-0.3794,4.187,16.2463,31.399,350.1605,67.1995
49.54,-0.527,3.6714,15.8687,33.252,349.6006,64.6776
49.56,-0.8667,2.4803,14.8387,38.0394,346.9824,60.254
49.58,-1.0659,1.8338,14.1638,40.79,345.5556,58.42
49.6,-1.2386,1.2007,13.3638,43.7552,343.7798,57.0385
49.62,-1.4204,0.5997,12.4425,46.9352,341.4645,56.0225
49.64,-1.5831,0.0379,11.4017,50.3151,338.6332,54.9902
49.66,-1.7879,-0.8937,8.9321,57.5054,331.0863,51.9497
49.68,-1.8441,-1.1945,7.6661,60.738,326.3623,49.9083
49.7,-1.8447,-1.3986,6.262,64.0375,320.4131,46.4516
49.72,-1.7973,-1.4604,4.8234,67.1761,313.6233,41.2713
49.74,-1.7394,-1.4246,3.3743,70.0165,305.1809,33.6043
49.76,-1.5635,-0.9897,0.5028,73.9487,281.6655,10.6685
49.78,-1.4485,-0.6243,-0.891,74.592,267.1194,356.0528
49.8,-1.3457,-0.1848,-2.2106,74.1931,252.7757,341.5802
49.82,-1.2358,0.3122,-3.4613,72.9431,240.326,328.8675
49.84,-1.1245,0.8522,-4.6226,71.1714,230.351,318.3368
49.86,-0.9036,2.022,-6.6427,66.7967,217.0527,304.0946
49.88,-0.7953,2.6248,-7.486,64.5654,212.7531,299.4344
49.9,-0.6916,3.2062,-8.2176,62.467,209.4155,295.5839
49.92,-0.59,3.7532,-8.8462,60.53,206.7028,292.2719
49.94,-0.4906,4.248,-9.3803,58.7724,204.4604,289.3842
49.96,-0.3038,5.0457,-10.1804,55.8858,201.131,285.0297
49.98,-0.2151,5.3332,-10.4513,54.826,199.8975,283.4455
50,-0.1302,5.5455,-10.6379,54.0327,199.0158,282.6268
50.02,-0.051,5.6735,-10.7375,53.5514,198.4456,282.4683
50.04,0.0221,5.7115,-10.7521,53.4411,198.0354,282.4562
50.06,0.1347,5.5189,-10.5376,54.3241,197.7894,283.0668
50.08,0.183,5.2682,-10.2881,55.3299,198.1071,284.019
50.1,0.2185,4.9486,-9.9694,56.6264,198.7637,285.4258
50.12,0.2454,4.5505,-9.5633,58.2256,199.8615,287.4406
50.14,0.2637,4.0798,-9.0655,60.1034,201.5037,290.1843
50.16,0.269,2.9543,-7.7576,64.7729,206.7525,297.131
50.18,0.2513,2.3303,-6.9338,67.9985,210.471,301.1553
50.2,0.2199,1.7031,-5.9991,70.6337,216.6803,308.0742
50.22,0.175,1.0795,-4.9566,73.1612,225.1889,316.9642
50.24,0.1166,0.4812,-3.8159,75.2127,237.193,329.2776
50.26,-0.0425,-0.5487,-1.2471,76.6188,270.9297,2.5077
50.28,-0.1364,-0.9309,0.1527,75.5393,288.0845,18.7339
50.3,-0.2198,-1.2153,1.5781,73.4522,301.9771,31.6413
50.32,-0.3014,-1.3751,3.026,70.67,312.3185,41.0462
50.34,-0.3584,-1.4006,4.4631,67.5068,320.4466,48.0806
50.36,-0.4179,-1.1061,7.237,60.7135,330.7223,56.4891
50.38,-0.4014,-0.7907,8.5335,57.2763,334.4537,59.3467
50.4,-0.3523,-0.3923,9.7481,53.9131,337.7162,61.4986
50.42,-0.2878,0.0814,10.8824,50.6117,340.5363,63.1595
50.44,-0.1754,0.6408,11.9165,47.3832,343.088,64.7971
50.46,0.0511,1.822,13.689,41.438,346.7103,67.5495
50.48,0.1997,2.4527,14.4237,38.6873,348.3085,68.8195
50.5,0.302,3.0662,15.0829,36.119,349.5956,69.6427
50.52,0.4141,3.6741,15.6541,33.7623,350.8028,70.4282
50.54,0.518,4.2305,16.1268,31.5981,351.8312,70.9757
50.56,0.7132,5.2206,16.8621,27.9915,353.7145,71.196
50.58,0.8095,5.6083,17.1177,26.5854,354.5092,70.9813
50.6,0.8452,5.8795,17.3205,25.5686,354.9889,70.5943
50.62,0.8916,6.0504,17.4589,24.9119,355.3296,70.3984
50.64,0.8852,6.0951,17.5468,24.6265,355.3521,70.3228
50.66,0.9189,5.8925,17.5081,25.1239,355.463,70.1867
50.68,0.9026,5.5982,17.374,26.1086,355.428,69.7557
50.7,0.8686,5.2047,17.1724,27.4878,355.2523,69.435
50.72,0.8415,4.7524,16.8858,29.209,355.0114,69.3976
50.74,0.7892,4.1765,16.5109,31.4027,354.4756,69.5395
50.76,0.6508,2.8478,15.4849,36.7692,352.7189,70.5609
50.78,0.5578,2.1097,14.8263,39.9272,351.4049,71.0957
50.8,0.463,1.3837,14.0779,43.2742,349.88,71.5389
50.82,0.3643,0.6602,13.2272,46.8592,347.9817,71.6075
50.84,0.2343,-0.0356,12.2914,50.6641,345.5401,71.1558
50.86,0.0972,-1.1812,10.0717,58.2724,340.2356,69.4132
50.88,-0.0063,-1.6048,8.8563,61.9616,336.4902,67.5499
50.9,-0.0662,-1.9215,7.542,65.6096,331.9268,64.5937
50.92,-0.1301,-2.0956,6.1879,68.9901,326.194,59.9846
50.94,-0.2156,-2.1437,4.8091,72.0817,318.7573,53.0737
50.96,-0.2807,-2.0588,3.3911,74.7619,308.4061,43.1219
50.98,-0.4845,-1.5509,0.5884,77.2495,277.844,13.4405
51,-0.5881,-1.1658,-0.7795,76.8425,261.2473,356.7249
51.02,-0.7176,-0.7222,-2.0886,75.4128,247.1902,342.3538
51.04,-0.8499,-0.2188,-3.338,73.2583,236.4557,331.2643
51.06,-1.129,0.9243,-5.5907,67.9578,223.2494,317.1739
51.08,-1.2664,1.5373,-6.5784,65.1429,219.3138,312.8242
51.1,-1.3939,2.1651,-7.465,62.3961,216.4135,309.5362
51.12,-1.5144,2.7893,-8.2437,59.7736,214.257,307.0234
51.14,-1.6233,3.3987,-8.9168,57.3214,212.6888,305.2241
51.16,-1.8094,4.506,-9.9464,53.0893,210.6379,302.7887
51.18,-1.8858,4.9736,-10.3163,51.3862,209.9637,301.8503
51.2,-1.9528,5.367,-10.5941,50.0029,209.4297,301.0169
51.22,-2.0091,5.6746,-10.7938,48.9298,209.0159,300.2886
51.24,-2.0571,5.8893,-10.9177,48.1715,208.7545,299.82
51.26,-2.1221,6.029,-10.9551,47.6485,208.7528,299.9178
51.28,-2.1426,5.9543,-10.872,47.9252,208.9637,300.2148
51.3,-2.1592,5.7667,-10.7052,48.6321,209.3407,300.6128
51.32,-2.1704,5.4776,-10.4667,49.7099,209.9164,301.2122
51.34,-2.1777,5.1026,-10.1645,51.0536,210.7458,302.0805
51.36,-2.178,4.1132,-9.3221,54.6305,213.4351,304.8392
51.38,-2.1743,3.5203,-8.7657,56.8197,215.4458,306.6538
51.4,-2.1692,2.879,-8.1129,59.2089,218.0695,308.9146
51.42,-2.1624,2.2074,-7.3558,61.7106,221.6268,312.011
51.44,-2.1489,1.5286,-6.4841,64.3125,226.3496,315.9608
51.46,-2.0891,0.272,-4.3716,69.2347,240.6939,328.2462
51.48,-2.0327,-0.2474,-3.1702,71.0466,250.9911,337.859
51.5,-1.9625,-0.6954,-1.893,72.1697,263.2145,349.2887
51.52,-1.8742,-1.0684,-0.5608,72.5099,276.5492,1.4476
51.54,-1.7697,-1.3694,0.8137,72.0151,289.9969,13.1279
51.56,-1.5023,-1.7405,3.6159,68.8313,312.8645,31.2874
51.58,-1.3434,-1.7804,4.9994,66.3963,321.2586,37.496
51.6,-1.1287,-1.7093,6.3084,63.7194,327.8643,42.3124
51.62,-0.9154,-1.5402,7.5572,60.8538,332.7372,46.3031
51.64,-0.6763,-1.2528,8.7387,57.9095,336.9785,49.9879
51.66,-0.1077,-0.4254,10.8969,51.9471,343.8747,55.8434
51.68,0.2086,0.068,11.7649,49.2695,346.6485,58.1667
51.7,0.4995,0.6316,12.6196,46.4371,348.9278,60.4617
51.72,0.8031,1.2127,13.3907,43.7392,350.995,62.6072
51.74,1.1217,1.7754,14.0754,41.1821,352.9377,64.4068
51.76,1.7013,2.9,15.2317,36.4138,356.1892,66.8636
51.78,1.9728,3.4436,15.702,34.2007,357.72,67.4307
51.8,2.2134,3.9214,16.1005,32.2839,359.0431,67.3526
51.82,2.4771,4.3728,16.4041,30.5482,0.4462,67.1521
51.84,2.6887,4.7457,16.6613,29.0663,1.4979,66.8777
51.86,3.0269,5.2733,16.9425,27.0303,2.966,66.1967
51.88,3.131,5.395,16.996,26.5537,3.3056,65.9745
51.9,3.2607,5.4485,16.9645,26.3268,3.6805,65.9812
51.92,3.3302,5.4158,16.8958,26.4681,3.803,66.0988
51.94,3.4006,5.2731,16.7289,26.9175,3.882,66.282
51.96,3.4524,4.6966,16.2231,29.1691,3.5249,66.9293
51.98,3.4012,4.2949,15.9086,30.7715,3.0322,67.1933
52,3.3779,3.7867,15.4869,32.7814,2.5723,67.5708
52.02,3.2848,3.2177,15.0223,35.0647,1.8064,68.0597
52.04,3.1767,2.6043,14.4638,37.6454,0.8962,68.6081
52.06,2.8226,1.258,13.0784,43.8668,358.1027,68.9259
52.08,2.587,0.605,12.2499,47.2739,356.2509,69.0625
52.1,2.337,-0.0423,11.3029,50.9104,354.0049,68.8351
52.12,2.044,-0.6144,10.2789,54.6735,351.2574,68.061
52.14,1.7658,-1.0897,9.1425,58.459,348.2052,66.7789
52.16,1.1412,-1.7255,6.6792,65.8543,339.6483,61.2947
52.18,0.8137,-1.8368,5.3733,69.165,333.3236,56.7341
52.2,0.4585,-1.8011,4.0479,72.0441,324.7383,49.7871
52.22,0.0934,-1.6177,2.7188,74.3052,313.5286,39.9499
52.24,-0.3006,-1.3126,1.428,75.6496,299.6657,27.2537
52.26,-1.1007,-0.4539,-1.0346,75.3379,270.1479,358.7306
52.28,-1.5037,0.0423,-2.1765,73.9492,257.9053,346.1881
52.3,-1.8927,0.555,-3.2589,71.9293,248.3493,336.3199
52.32,-2.2681,1.0822,-4.2646,69.4268,241.4117,329.4412
52.34,-2.6183,1.6212,-5.1749,66.803,236.4565,324.4801
52.36,-3.2291,2.6971,-6.678,61.9691,230.1513,317.3525
52.38,-3.4868,3.2061,-7.2798,59.7851,228.1875,314.9681
52.4,-3.7127,3.6853,-7.7804,57.8066,226.7701,313.2628
52.42,-3.9048,4.1223,-8.1841,56.1139,225.6662,311.7208
52.44,-4.0656,4.5058,-8.4968,54.685,224.8346,310.5283
52.46,-4.2867,5.0738,-8.8795,52.5286,224.0826,309.9401
52.48,-4.3471,5.24,-8.9484,51.9254,224.0696,310.3217
52.5,-4.3778,5.3174,-8.9306,51.7186,224.2333,310.8875
52.52,-4.3792,5.3037,-8.8394,51.8708,224.556,311.6059
52.54,-4.3558,5.2002,-8.672,52.4275,225.1607,312.7662
52.56,-4.2147,4.6906,-8.0604,54.4514,227.2814,316.5473
52.58,-4.1057,4.316,-7.6391,55.8559,228.9122,319.2674
52.6,-3.9653,3.8709,-7.1288,57.4997,231.0656,322.6655
52.62,-3.7964,3.3678,-6.5162,59.3724,233.8409,326.6563
52.64,-3.5976,2.8251,-5.7901,61.4308,237.4792,331.4293
52.66,-3.0679,1.7044,-3.9478,65.7793,248.6308,344.765
52.68,-2.7936,1.1954,-2.9298,67.5343,255.8209,352.8656
52.7,-2.4677,0.7059,-1.7776,68.8985,264.9875,3.1854
52.72,-2.1143,0.2745,-0.5456,69.643,275.5295,14.8915
52.74,-1.746,-0.0722,0.7621,69.5867,286.8153,27.2176
52.76,-0.953,-0.4563,3.4894,67.2197,307.6425,49.8639
52.78,-0.5468,-0.5119,4.8688,65.1662,316.1819,58.7852
52.8,-0.1621,-0.4733,6.244,62.6682,323.4146,66.0125
52.82,0.2236,-0.3487,7.5744,59.8689,329.4171,71.6564
52.84,0.5905,-0.132,8.861,56.8611,334.4367,75.9281
52.86,1.2881,0.5971,11.2325,50.3271,342.804,81.0017
52.88,1.6005,1.0906,12.2932,47.014,346.0054,82.2713
52.9,1.89,1.6387,13.2484,43.7805,348.7198,82.977
52.92,2.1372,2.2602,14.1188,40.644,350.9441,83.4069
52.94,2.366,2.904,14.8666,37.6783,352.8045,83.5647
52.96,2.7478,4.1512,16.0643,32.3224,355.8631,83.1192
52.98,2.8399,4.7234,16.5324,29.9122,356.9756,82.4024
53,2.9274,5.2439,16.915,27.7866,358.0259,81.5003
53.02,2.9645,5.6816,17.2067,26.0451,358.8433,80.3871
53.04,3.0185,6.0665,17.3954,24.5862,359.5595,79.2059
53.06,2.9029,6.4977,17.6123,22.9576,0.0269,76.577
53.08,2.809,6.5554,17.6279,22.6787,0.0002,75.304
53.1,2.6982,6.5,17.5906,22.8118,359.8096,74.0435
53.12,2.5338,6.353,17.4956,23.3284,359.4472,72.8027
53.14,2.3557,6.0484,17.306,24.2454,358.9674,71.546
53.16,1.953,5.1958,16.7489,27.3012,357.5467,69.4117
53.18,1.7798,4.6441,16.3199,29.3848,356.7627,68.5206
53.2,1.5235,4.0202,15.8373,31.8249,355.5599,67.9147
53.22,1.2648,3.36,15.2369,34.5407,354.1368,67.5113
53.24,1.0195,2.6936,14.5129,37.5566,352.5972,67.2892
53.26,0.4639,1.3498,12.7189,44.37,347.9498,67.1855
53.28,0.159,0.7321,11.6674,48.0354,344.9251,66.7721
53.3,-0.0547,0.1764,10.4666,51.8826,341.7205,65.9807
53.32,-0.2773,-0.3002,9.185,55.775,337.8029,64.4214
53.34,-0.4701,-0.6752,7.8149,59.6318,333.2932,61.7895
53.36,-0.8181,-1.0443,4.918,66.7946,320.8754,51.8605
53.38,-0.9505,-1.027,3.4133,69.8488,312.0515,43.9432
53.4,-1.076,-0.8665,1.9176,72.1371,300.518,33.5305
53.42,-1.1752,-0.5571,0.4478,73.5602,286.9886,20.7198
53.44,-1.2664,-0.1275,-0.9582,74.0568,272.4661,6.3838
53.46,-1.4154,0.9297,-3.5673,72.1442,245.8325,339.2384
53.48,-1.4711,1.5042,-4.7517,70.2809,235.5916,327.9972
53.5,-1.5165,2.0821,-5.847,68.0859,227.5003,318.686
53.52,-1.5436,2.658,-6.8536,65.5508,221.4187,311.8682
53.54,-1.5591,3.2268,-7.7446,62.9498,216.9959,306.8891
53.56,-1.5533,4.2875,-9.149,58.4762,210.9086,299.0738
53.58,-1.5368,4.7531,-9.674,56.6357,208.8405,296.2247
53.6,-1.51,5.1615,-10.0905,55.0752,207.2943,294.1343
53.62,-1.4769,5.5012,-10.3964,53.8613,206.0938,292.4517
53.64,-1.4366,5.7627,-10.6033,53.0205,205.0717,290.8762
53.66,-1.3321,6.0345,-10.7671,52.1963,203.9287,289.6693
53.68,-1.2771,6.0251,-10.734,52.2869,203.701,289.6202
53.7,-1.2158,5.9291,-10.6359,52.6925,203.5962,289.7762
53.72,-1.1371,5.7015,-10.4398,53.6029,203.7153,290.357
53.74,-1.0652,5.3905,-10.1823,54.7834,204.0852,291.1782
53.76,-0.9257,4.5115,-9.4354,58.0153,205.8853,294.0993
53.78,-0.8595,3.9676,-8.9333,59.9498,207.7827,297.0857
53.8,-0.7976,3.3729,-8.3247,62.1421,210.3824,300.7394
53.82,-0.7419,2.7344,-7.601,64.6214,213.7124,304.6479
53.84,-0.6961,2.0672,-6.7608,67.2778,218.1603,309.1664
53.86,-0.6182,0.7445,-4.766,72.3178,232.4036,323.0558
53.88,-0.5928,0.1353,-3.6186,74.1865,243.5106,334.1113
53.9,-0.5677,-0.4112,-2.3901,75.2224,256.954,347.4747
53.92,-0.5453,-0.8721,-1.0802,75.4242,272.3812,2.6161
53.94,-0.5405,-1.2437,0.3034,74.6493,287.7593,17.1497
53.96,-0.4851,-1.696,3.1001,70.793,311.0391,38.2897
53.98,-0.4638,-1.7596,4.5047,68.1103,318.8027,45.3413
54,-0.3977,-1.6992,5.8516,65.256,325.0317,50.64
54.02,-0.3163,-1.5389,7.1576,62.2601,330.228,54.5568
54.04,-0.218,-1.2516,8.4188,59.1375,334.7177,57.687
54.06,-0.0033,-0.4545,10.6896,52.9774,340.9822,62.0507
54.08,0.1296,0.0814,11.7036,49.8922,343.4272,64.0717
54.1,0.2522,0.5991,12.6157,47.0165,345.4517,65.5887
54.12,0.4096,1.1894,13.4409,44.2077,347.4117,66.8839
54.14,0.5414,1.7631,14.1803,41.5647,349.0468,67.8471
54.16,0.7984,2.9176,15.377,36.6394,351.8233,69.1215
54.18,0.9435,3.462,15.8324,34.4806,353.084,69.5253
54.2,1.0242,3.9711,16.2198,32.5615,353.8346,69.9287
54.22,1.1156,4.4108,16.5178,30.9736,354.5197,70.2734
54.24,1.2088,4.7729,16.7372,29.6782,355.1274,70.4508
54.26,1.3391,5.2469,17.0117,27.9672,356.0873,70.1618
54.28,1.4108,5.3551,17.0577,27.5687,356.5241,69.7432
54.3,1.4528,5.3283,17.0479,27.5965,356.7435,69.2936
54.32,1.4726,5.2283,16.9973,27.9118,356.8032,69.0088
54.34,1.5268,5.0075,16.8456,28.5972,356.9061,68.763
54.36,1.5192,4.3194,16.3817,31.0793,356.5134,68.5165
54.38,1.5129,3.8415,16.0422,32.8656,356.1625,68.5492
54.4,1.462,3.3044,15.6394,34.8795,355.6257,68.3037
54.42,1.4204,2.7207,15.1611,37.202,355.0724,67.9175
54.44,1.4158,2.0885,14.5725,39.7846,354.5519,67.5247
54.46,1.1791,0.7441,13.2204,45.5863,352.2163,66.5699
54.48,1.0587,0.0893,12.36,48.8383,350.5232,66.0486
54.5,0.9439,-0.4863,11.3984,52.1805,348.5262,65.3834
54.52,0.8136,-0.9737,10.3355,55.6067,345.9695,64.2658
54.54,0.6688,-1.402,9.1805,59.1036,342.8519,62.6115
54.56,0.3808,-1.9102,6.6955,65.7702,334.573,57.0693
54.58,0.24,-2.0276,5.388,68.8978,329.0807,52.2051
54.6,0.1028,-2.0357,4.0554,71.7733,322.1985,45.4385
54.62,-0.0377,-1.9402,2.7275,74.2642,313.5189,36.4798
54.64,-0.2091,-1.744,1.4209,76.0913,301.827,24.7812
54.66,-0.5904,-1.0677,-1.1702,77.2617,271.1895,353.5404
54.68,-0.7704,-0.6721,-2.3104,76.6124,257.3753,338.7143
54.7,-0.9764,-0.2134,-3.4405,75.1615,245.4879,325.9291
54.72,-1.1834,0.2821,-4.5044,73.1187,236.5438,316.3948
54.74,-1.3868,0.8119,-5.4884,70.7795,230.0398,309.3663
54.76,-1.77,1.919,-7.1878,65.8697,221.9384,300.5156
54.78,-1.9422,2.4718,-7.8954,63.4827,219.5343,298.0526
54.8,-2.096,3.0111,-8.5037,61.2058,217.8311,296.5298
54.82,-2.2294,3.5225,-9.0043,59.173,216.4975,295.364
54.84,-2.3405,3.9902,-9.4017,57.4182,215.3987,294.3567
54.86,-2.4974,4.7353,-9.9304,54.7591,213.7448,292.9027
54.88,-2.546,4.9867,-10.0713,53.9024,213.1072,292.3874
54.9,-2.5765,5.1449,-10.1446,53.3477,212.5832,291.9308
54.92,-2.5931,5.2085,-10.1502,53.1,212.2495,291.7724
54.94,-2.5963,5.1793,-10.0959,53.1381,212.2041,292.1349
54.96,-2.5625,4.8349,-9.7672,54.2545,212.9435,294.2166
54.98,-2.5284,4.5245,-9.4881,55.3611,213.6691,295.4471
55,-2.4828,4.1298,-9.1321,56.7882,214.6901,296.8594
55.02,-2.4267,3.6579,-8.694,58.5198,216.0873,298.5101
55.04,-2.3621,3.12,-8.1693,60.4975,218.0192,300.6025
55.06,-2.2077,1.9175,-6.8507,64.8891,224.1806,306.9728
55.08,-2.1146,1.2945,-6.0561,67.0879,228.9666,311.9586
55.1,-2.0132,0.6907,-5.1577,69.0533,235.4108,318.9702
55.12,-1.8989,0.139,-4.1504,70.8641,243.662,327.6899
55.14,-1.7728,-0.3537,-3.0387,72.45,253.7234,337.5439
55.16,-1.4823,-1.1216,-0.6117,73.7333,278.5936,1.7802
55.18,-1.3189,-1.4069,0.6461,73.1359,290.8737,14.1689
55.2,-1.14,-1.6268,1.9188,71.8783,301.7928,25.2604
55.22,-0.9502,-1.7751,3.2041,70.1406,311.3187,34.5274
55.24,-0.7595,-1.8617,4.4891,68.0995,319.4868,41.6538
55.26,-0.346,-1.7308,6.9917,63.2114,332.2939,51.5012
55.28,-0.1034,-1.4982,8.1624,60.43,337.2525,55.048
55.3,0.1049,-1.1764,9.302,57.4512,341.1566,57.7969
55.32,0.3447,-0.7804,10.3558,54.5006,344.3091,60.0333
55.34,0.5889,-0.2935,11.3475,51.4627,347.0816,61.7096
55.36,1.0792,0.7423,13.1247,45.6496,351.6805,63.7564
55.38,1.3116,1.3043,13.9058,42.8336,353.6407,64.1057
55.4,1.5392,1.8473,14.6046,40.2691,355.4567,64.2276
55.42,1.7523,2.4476,15.2298,37.6776,357.1274,64.0304
55.44,1.9735,2.9956,15.7383,35.4392,358.6658,63.665
55.46,2.2891,4.0121,16.5331,31.5598,0.9847,62.8858
55.48,2.4593,4.456,16.7947,30.0248,1.929,62.757
55.5,2.5785,4.8285,17.0018,28.7417,2.5848,62.5843
55.52,2.6946,5.0694,17.1162,27.8933,3.1584,62.4635
55.54,2.7761,5.2867,17.2017,27.1755,3.683,62.3764
55.56,2.9527,5.437,17.1486,26.7925,4.3068,62.7423
55.58,3.0321,5.3275,17.0394,27.1739,4.5366,62.9522
55.6,3.0801,5.1551,16.9079,27.8214,4.6623,63.1638
55.62,3.1506,4.8787,16.7093,28.8571,4.7666,63.2433
55.64,3.1523,4.5448,16.5124,29.9527,4.6991,63.2949
55.66,3.1632,3.5254,15.861,33.5935,4.4802,63.1927
55.68,3.1318,2.965,15.4698,35.6929,4.206,63.2124
55.7,3.0775,2.3859,14.9927,37.9713,3.787,63.3047
55.72,2.9904,1.7072,14.4311,40.6669,3.1144,63.4847
55.74,2.8494,1.0636,13.8176,43.4382,2.0794,63.5595
55.76,2.5732,-0.2523,12.2807,49.8398,359.757,62.1174
55.78,2.3977,-0.844,11.3917,53.112,358.4996,60.7766
55.8,2.1538,-1.4099,10.4368,56.5021,356.6134,59.3072
55.82,1.9243,-1.8588,9.3809,59.8014,354.425,57.7671
55.84,1.6631,-2.2067,8.2491,63.103,351.5439,55.5416
55.86,1.0278,-2.5313,5.8282,69.2717,342.7305,48.3969
55.88,0.7017,-2.4865,4.5307,72.1242,336.2062,42.6873
55.9,0.3222,-2.3543,3.242,74.653,327.1932,34.5363
55.92,-0.0593,-2.1356,1.9282,76.6836,314.5865,22.8949
55.94,-0.4412,-1.835,0.6206,77.8517,298.6022,7.9222
55.96,-1.2488,-1.0191,-1.8349,76.7958,265.8385,337.0271
55.98,-1.6487,-0.5254,-2.9594,75.0811,253.5222,324.9135
56,-2.0434,0.0064,-4.0046,72.8296,244.462,315.9601
56.02,-2.4253,0.5709,-4.9578,70.2915,238.2129,309.9186
56.04,-2.7874,1.1555,-5.8096,67.7085,233.8757,305.6279
56.06,-3.4464,2.3244,-7.1906,62.7899,228.6521,300.0671
56.08,-3.7356,2.8722,-7.7258,60.633,226.9924,297.9358
56.1,-3.9964,3.3738,-8.1704,58.6832,225.8254,296.3004
56.12,-4.2303,3.8194,-8.5233,56.9791,225.0097,295.0419
56.14,-4.4364,4.2016,-8.7925,55.5403,224.4859,294.1304
56.16,-4.7729,4.742,-9.1057,53.4272,224.1892,293.5405
56.18,-4.9035,4.8912,-9.1606,52.7426,224.4485,294.1074
56.2,-5.0064,4.955,-9.1503,52.324,224.9514,295.2101
56.22,-5.0784,4.9349,-9.0733,52.1922,225.6891,296.8116
56.24,-5.1242,4.8327,-8.9273,52.3723,226.6349,298.7838
56.26,-5.1201,4.3455,-8.3737,53.7417,229.1426,303.4893
56.28,-5.0644,3.9918,-7.9828,54.874,230.8062,306.4042
56.3,-4.9718,3.5725,-7.506,56.2141,232.881,309.9833
56.32,-4.8406,3.0979,-6.9381,57.7707,235.4182,314.1216
56.34,-4.6702,2.5811,-6.2702,59.5215,238.5401,318.851
56.36,-4.2054,1.4783,-4.6114,63.8691,247.5742,330.1844
56.38,-3.9124,0.9321,-3.6064,65.9307,254.0828,337.1801
56.4,-3.5769,0.4157,-2.4925,67.8436,262.2404,345.1728
56.42,-3.1989,-0.0496,-1.3013,69.226,272.0799,354.9645
56.44,-2.7907,-0.4581,-0.0588,69.7835,282.9032,6.2181
56.46,-1.8853,-1.0848,2.5385,68.7549,304.7214,28.4203
56.48,-1.3894,-1.2883,3.8532,67.3746,314.5579,37.8439
56.5,-0.8952,-1.4006,5.1654,65.4627,322.9404,45.7696
56.52,-0.4026,-1.4305,6.449,63.2583,329.7649,52.0539
56.54,0.096,-1.3711,7.6783,60.8873,335.5402,57.0976
56.56,1.0747,-0.958,9.9602,55.7669,344.5435,64.8432
56.58,1.5331,-0.6515,10.9854,53.1493,348.1113,67.6019
56.6,1.9903,-0.2283,11.9309,50.4238,351.3534,69.8974
56.62,2.4177,0.2117,12.7886,47.81,354.142,71.4856
56.64,2.7648,0.712,13.598,45.0352,356.6187,72.5403
56.66,3.4286,1.7952,14.9501,39.7345,0.9936,72.7515
56.68,3.6888,2.3119,15.4419,37.4887,2.6871,72.2396
56.7,3.9207,2.8375,15.8862,35.3039,4.151,71.5229
56.72,4.0441,3.272,16.2605,33.4983,5.0877,70.6697
56.74,4.1845,3.6617,16.5129,32.0374,5.8858,70.0155
56.76,4.2825,4.1513,16.8196,30.1267,6.544,68.799
56.78,4.2708,4.2852,16.8894,29.6777,6.6377,68.153
56.8,4.2301,4.3111,16.8983,29.5679,6.6637,67.3694
56.82,4.1597,4.2495,16.861,29.7653,6.5991,66.429
56.84,4.0873,4.0538,16.7235,30.5084,6.5287,65.3406
56.86,3.7224,3.3549,16.3365,32.8764,5.6335,62.9936
56.88,3.5363,2.8925,16.0313,34.6099,5.1708,61.7294
56.9,3.2805,2.3195,15.659,36.7541,4.4247,60.4156
56.92,2.9737,1.7186,15.2072,39.1142,3.3756,59.2742
56.94,2.6473,1.0849,14.6365,41.817,1.9794,58.4032
56.96,1.8792,-0.0821,13.1709,47.6782,357.7603,57.4572
56.98,1.4745,-0.6276,12.2275,50.9329,354.9962,57.0195
57,1.0249,-1.0585,11.2118,54.1169,351.6301,56.6576
57.02,0.5744,-1.4181,10.0804,57.3558,347.5537,55.8942
57.04,0.1048,-1.6779,8.8873,60.4881,342.677,54.1513
57.06,-0.7265,-1.8903,6.262,66.3465,330.2379,46.5317
57.08,-1.1497,-1.8304,4.9152,68.7152,321.9398,40.2202
57.1,-1.524,-1.6621,3.5159,70.6115,311.8501,31.7594
57.12,-1.9037,-1.3941,2.1313,71.7468,300.0273,21.3334
57.14,-2.27,-1.0242,0.7786,72.071,287.6041,9.954
57.16,-2.8939,-0.0764,-1.824,70.5463,264.1351,347.3594
57.18,-3.1602,0.4715,-3.0302,68.9181,254.589,337.8048
57.2,-3.3789,1.0543,-4.1668,66.8943,246.7772,329.9917
57.22,-3.5576,1.6632,-5.2104,64.6695,240.567,323.7726
57.24,-3.6929,2.2858,-6.1539,62.3869,235.611,318.774
57.26,-3.8372,3.5009,-7.734,58.1202,228.0744,310.618
57.28,-3.854,4.0534,-8.3779,56.2708,225.0361,306.9025
57.3,-3.8371,4.553,-8.932,54.5937,222.4426,303.7372
57.32,-3.7891,4.9913,-9.3965,53.1226,220.2978,301.2472
57.34,-3.7153,5.3536,-9.7681,52.3826,218.1169,298.5063
57.36,-3.4909,5.8369,-10.2536,50.8539,215.2128,295.3355
57.38,-3.3499,5.9391,-10.3772,50.5783,214.1418,294.3997
57.4,-3.1955,5.9442,-10.4225,50.6847,213.2751,293.7707
57.42,-3.0365,5.8597,-10.3941,51.1278,212.6053,293.369
57.44,-2.8484,5.6652,-10.2804,51.982,212.0967,293.1764
57.46,-2.4617,5.0152,-9.8088,54.7081,211.9518,293.8628
57.48,-2.256,4.5735,-9.4339,56.5537,212.4519,295.0233
57.5,-2.0424,4.0637,-8.9605,58.7011,213.3553,296.6136
57.52,-1.8184,3.4969,-8.3883,61.1043,214.8069,298.8024
57.54,-1.5889,2.8832,-7.7132,63.6869,217.0206,301.8189
57.56,-1.1199,1.5714,-6.0396,69.285,224.5517,310.4174
57.58,-0.889,0.9116,-5.0438,72.005,231.0489,317.3672
57.6,-0.6588,0.2694,-3.9589,74.365,240.37,327.1674
57.62,-0.4362,-0.3306,-2.778,76.237,253.3272,340.2699
57.64,-0.222,-0.8768,-1.5129,77.2857,269.8547,356.2385
57.66,0.174,-1.7727,1.2709,75.9162,304.7186,27.8152
57.68,0.3235,-2.0433,2.6153,73.9118,316.3878,37.6905
57.7,0.4835,-2.2362,4.0086,71.3658,325.5973,44.7332
57.72,0.6521,-2.293,5.3711,68.5207,332.7595,49.5234
57.74,0.8071,-2.2368,6.6893,65.5288,338.178,52.5654
57.76,1.0966,-1.781,9.1154,59.4526,345.9951,55.9057
57.78,1.2448,-1.4126,10.1891,56.4652,348.8759,56.9668
57.8,1.3869,-0.9655,11.1722,53.4741,351.2269,57.8579
57.82,1.4765,-0.5164,12.0657,50.713,352.866,58.3626
57.84,1.6079,0.0113,12.8515,48.0164,354.5154,58.9953
57.86,1.802,1.0443,14.171,43.1076,356.9738,59.5827
57.88,1.8988,1.5272,14.6946,41.0185,358.019,59.6722
57.9,1.9121,1.9828,15.1643,39.0938,358.6429,59.5866
57.92,1.9425,2.4245,15.549,37.3439,359.231,59.5425
57.94,1.986,2.8318,15.8415,35.8056,359.786,59.4024
57.96,1.9659,3.3851,16.2353,33.7705,0.3177,59.1388
57.98,1.8941,3.5671,16.356,33.123,0.2945,58.7733
58,1.876,3.6391,16.378,32.9134,0.3423,58.3774
58.02,1.8428,3.6613,16.3575,32.9075,0.3621,57.9891
58.04,1.7661,3.6034,16.3147,33.1248,0.2062,57.4009
58.06,1.6039,3.1819,15.983,34.787,359.7831,55.8521
58.08,1.5049,2.8566,15.7263,36.0563,359.4125,55.0285
58.1,1.391,2.4526,15.4187,37.6286,358.9229,54.1902
58.12,1.2794,2.0134,15.0405,39.3975,358.4467,53.4602
58.14,1.1422,1.4975,14.5802,41.4862,357.5845,52.7522
58.16,0.8345,0.407,13.4044,46.3656,355.1336,51.8104
58.18,0.7319,-0.1574,12.6412,49.2688,353.7512,51.3079
58.2,0.5279,-0.6658,11.854,52.0585,351.7236,50.9346
58.22,0.3538,-1.1582,10.9308,55.0342,349.3849,50.668
58.24,0.1968,-1.55,9.92,58.0305,346.7235,50.3272
58.26,-0.1058,-2.0882,7.6988,63.9813,339.9235,47.8148
58.28,-0.2228,-2.2207,6.495,66.8062,335.3415,45.6079
58.3,-0.358,-2.2807,5.2692,69.4762,329.4003,41.8831
58.32,-0.4733,-2.2368,4.0303,71.9858,322.6844,36.4314
58.34,-0.5791,-2.1332,2.7723,74.3222,314.102,28.5619
58.36,-0.8199,-1.6931,0.3054,77.2712,289.1852,4.9166
58.38,-0.9436,-1.3664,-0.8885,77.5037,274.0208,350.357
58.4,-1.0672,-0.978,-2.0391,76.8687,259.5454,336.2728
58.42,-1.197,-0.5335,-3.1251,75.5226,247.5085,324.5215
58.44,-1.3224,-0.0451,-4.1436,73.6849,238.3087,315.5383
58.46,-1.5696,1.0091,-5.9271,69.4423,226.3779,303.8095
58.48,-1.6827,1.5346,-6.6986,67.2425,222.4891,299.8749
58.5,-1.7862,2.0408,-7.3883,65.1013,219.5272,296.8864
58.52,-1.8779,2.5148,-7.9917,63.116,217.2363,294.4972
58.54,-1.9574,2.9488,-8.5081,61.3354,215.4646,292.5337
58.56,-2.0834,3.6656,-9.2686,58.4858,212.9756,289.5689
58.58,-2.1277,3.9312,-9.5216,57.4588,212.1123,288.4499
58.6,-2.1609,4.1262,-9.6934,56.7035,211.5422,287.7862
58.62,-2.1831,4.2412,-9.7853,56.2714,211.1599,287.2955
58.64,-2.1949,4.2744,-9.8026,56.1702,210.9388,286.87
58.66,-2.1949,4.1111,-9.6338,56.7674,211.2266,287.1186
58.68,-2.1842,3.9006,-9.4333,57.5251,211.9421,288.2074
58.7,-2.1638,3.6262,-9.1662,58.5052,212.9083,289.5825
58.72,-2.1348,3.2842,-8.8169,59.7655,214.216,291.2995
58.74,-2.0934,2.8805,-8.3815,61.3195,215.883,293.2343
58.76,-1.9785,1.9404,-7.2329,65.0952,220.928,298.5964
58.78,-1.9051,1.4447,-6.5185,67.1409,224.783,302.8365
58.8,-1.8177,0.9543,-5.7188,69.0934,229.9734,308.8978
58.82,-1.7165,0.49,-4.8319,70.8002,236.6946,317.012
58.84,-1.5961,0.0541,-3.8558,72.3091,245.0274,326.702
58.86,-1.3238,-0.7296,-1.6271,74.57,267.7249,350.8501
58.88,-1.1689,-1.0639,-0.4073,74.6494,281.0791,4.2529
58.9,-1.0173,-1.3306,0.8711,73.8679,294.1115,17.3151
58.92,-0.8476,-1.5376,2.16,72.2592,305.0639,28.8373
58.94,-0.6647,-1.682,3.4579,70.1555,314.0612,38.1992
58.96,-0.3212,-1.7156,6.1233,64.9308,328.0739,50.6208
58.98,-0.1087,-1.5893,7.4049,62.0657,333.7733,54.3163
59,0.0823,-1.3584,8.6651,59.0394,338.511,56.81
59.02,0.2969,-1.0457,9.8335,56.0077,342.3231,58.7869
59.04,0.5035,-0.6807,10.9202,53.0779,345.2642,60.3432
59.06,0.9784,0.3106,12.8046,47.2988,350.1673,63.1247
59.08,1.1875,0.8323,13.6198,44.638,352.1154,64.1414
59.1,1.4173,1.3968,14.3341,42.0808,354.0061,65.0817
59.12,1.6298,1.952,14.9659,39.7075,355.6573,65.863
59.14,1.7947,2.4659,15.5264,37.558,356.9677,66.3269
59.16,2.1169,3.4167,16.3947,33.7632,359.3061,66.8082
59.18,2.1885,3.8171,16.7503,32.1956,0.0578,66.6433
59.2,2.3672,4.1649,16.9544,30.9579,1.0307,66.5531
59.22,2.4611,4.4224,17.1159,30.034,1.5887,66.2972
59.24,2.4836,4.607,17.2411,29.3382,1.892,65.9664
59.26,2.5321,4.7165,17.2567,28.9786,2.2369,65.135
59.28,2.5485,4.6354,17.187,29.3043,2.3901,64.5026
59.3,2.5133,4.4336,17.0615,29.966,2.2904,63.7303
59.32,2.4737,4.1296,16.864,30.9606,2.2369,62.9863
59.34,2.4095,3.7408,16.6135,32.334,1.9514,62.1543
59.36,2.2577,2.7701,15.8713,35.9657,1.1258,61.089
59.38,2.1372,2.1843,15.3761,38.2586,0.3494,60.7925
59.4,2.0224,1.6012,14.7763,40.6898,359.4492,60.7254
59.42,1.8674,0.9745,14.0716,43.4828,358.2004,60.6081
59.44,1.6873,0.3658,13.2615,46.4453,356.5782,60.7154
59.46,1.2649,-0.7329,11.3281,52.8506,351.9346,60.843
59.48,1.0464,-1.1754,10.2051,56.2234,348.9356,60.4472
59.5,0.8667,-1.532,8.9711,59.7118,345.7287,59.4791
59.52,0.6807,-1.7898,7.6684,63.225,341.8035,57.5147
59.54,0.5143,-1.9391,6.2933,66.7338,337.0685,54.5536
59.56,0.1539,-1.9148,3.453,73.2328,322.1136,42.6041
59.58,-0.0122,-1.7433,2.0013,75.8777,310.0862,31.6865
59.6,-0.1851,-1.466,0.5788,77.7786,294.3897,16.4288
59.62,-0.3662,-1.101,-0.8111,78.4777,275.1624,357.5118
59.64,-0.5493,-0.642,-2.1524,77.7065,256.4932,339.3099
59.66,-0.9728,0.5321,-4.6093,73.2917,231.2977,314.1308
59.68,-1.1435,1.1522,-5.6392,70.6976,224.5637,307.1852
59.7,-1.3273,1.8095,-6.6291,67.7511,219.8047,302.4675
59.72,-1.5013,2.4611,-7.5163,64.8265,216.4611,299.1082
59.74,-1.6561,3.0982,-8.2939,62.1051,213.9595,296.318
59.76,-1.9165,4.2466,-9.5262,57.439,210.3762,291.2538
59.78,-2.0183,4.7317,-10.0025,55.486,209.1089,289.1826
59.8,-2.1017,5.1532,-10.3883,53.7613,208.3294,288.0839
59.82,-2.1659,5.5031,-10.6781,52.3713,207.805,287.3887
59.84,-2.2125,5.7702,-10.8729,51.3835,207.4021,286.757
59.86,-2.259,6.0236,-11.0182,50.5502,206.88,285.6574
59.88,-2.2603,6.0083,-10.9864,50.647,206.8165,285.4741
59.9,-2.2506,5.9073,-10.8938,51.0454,206.892,285.5137
59.92,-2.226,5.6853,-10.717,51.8226,207.1769,285.9247
59.94,-2.1908,5.3848,-10.4848,52.8916,207.6839,286.7501
59.96,-2.0849,4.5284,-9.8032,55.9612,209.4493,289.2528
59.98,-2.013,3.9862,-9.3359,57.9876,210.7021,290.6448
60,-1.9287,3.3836,-8.7786,60.3018,212.3193,292.1678
60.02,-1.8345,2.734,-8.1312,62.7957,214.4172,293.9275
60.04,-1.7322,2.058,-7.3933,65.4203,217.2049,296.2677
60.06,-1.5014,0.7019,-5.6555,70.5099,226.3802,304.5995
60.08,-1.3726,0.0685,-4.6522,72.8504,233.6941,311.567
60.1,-1.2392,-0.5137,-3.5631,74.8956,243.6157,320.9969
60.12,-1.1072,-1.0388,-2.3979,76.4461,256.4457,332.9442
60.14,-0.9642,-1.4954,-1.1879,77.2555,271.7017,346.9928
60.16,-0.7056,-2.2071,1.3009,75.9495,300.6923,14.163
60.18,-0.5891,-2.4479,2.5468,74.2392,311.3753,24.2393
60.2,-0.4513,-2.5837,3.7599,72.196,319.9269,32.0057
60.22,-0.331,-2.6116,4.9613,69.8707,326.7722,37.7674
60.24,-0.2024,-2.5307,6.1106,67.3783,332.1054,42.2209
60.26,-0.0086,-2.0183,8.2881,61.7699,339.3983,49.5135
60.28,0.1034,-1.5887,9.2906,58.717,342.2145,52.8527
60.3,0.2273,-1.1231,10.2208,55.6987,344.3939,55.7947
60.32,0.3485,-0.5738,11.1095,52.4999,346.371,58.449
60.34,0.4638,0.0458,11.9674,49.219,348.2385,60.2822
60.36,0.7224,1.4368,13.5358,42.6322,351.7112,62.1624
60.38,0.858,2.1575,14.2324,39.3853,352.9409,63.0896
60.4,0.974,2.9139,14.8861,36.162,353.9648,63.6504
60.42,1.0988,3.6681,15.4857,33.1647,354.9105,63.8352
60.44,1.2417,4.4116,16.017,30.2762,355.9486,63.8867
60.46,1.5285,5.8538,16.9253,25.027,358.1558,63.6362
60.48,1.6772,6.5219,17.2952,22.6768,359.1124,63.39
60.5,1.8048,7.1386,17.6107,20.5691,359.9317,62.9685
60.52,1.919,7.6833,17.8869,18.7664,0.7477,62.1465
60.54,2.0037,8.1181,18.1133,17.3026,1.5552,60.9248
60.56,2.1987,8.782,18.4351,15.0669,3.139,58.4588
60.58,2.2013,8.9115,18.5405,14.5763,3.4711,57.3205
60.6,2.2776,8.9494,18.5563,14.4301,3.8932,56.556
60.62,2.3091,8.8758,18.5372,14.7045,4.1099,56.0689
60.64,2.2986,8.6711,18.4828,15.3688,4.1094,55.9212
60.66,2.2265,7.7714,18.1607,18.2519,3.5091,56.7479
60.68,2.1979,7.2133,17.9057,20.0921,3.1573,57.3953
60.7,2.1159,6.5535,17.5916,22.3021,2.5512,58.2725
60.72,2.0167,5.798,17.1906,24.8933,1.7372,59.2725
60.74,1.8505,4.9545,16.7213,27.8374,0.5769,60.4312
60.76,1.5838,3.1541,15.4165,34.6873,358.0439,62.9122
60.78,1.4087,2.2417,14.6056,38.5292,356.4761,63.9172
60.8,1.2099,1.3646,13.6973,42.521,354.6812,64.6934
60.82,1.0016,0.5132,12.6696,46.755,352.5239,64.9734
60.84,0.806,-0.2323,11.5275,51.162,349.5845,64.7283
60.86,0.4061,-1.3928,8.9726,59.8024,342.6251,62.3478
60.88,0.2174,-1.7538,7.5798,63.9029,338.2186,59.8056
60.9,0.051,-1.9638,6.1314,67.7043,332.4608,55.738
60.92,-0.1371,-2.0327,4.6675,71.1193,324.7208,49.1857
60.94,-0.3148,-1.9467,3.2027,74.0077,314.6434,39.784
60.96,-0.7039,-1.4625,0.3511,77.3807,285.1718,10.2753
60.98,-0.92,-1.1009,-1.0051,77.3654,267.7047,352.4991
61,-1.1271,-0.6623,-2.3141,76.2016,252.1925,336.7361
61.02,-1.3492,-0.1733,-3.5437,74.1986,240.2149,324.3086
61.04,-1.5665,0.3613,-4.6915,71.79,231.507,314.8402
61.06,-1.991,1.5341,-6.6856,66.3971,221.5711,303.8701
61.08,-2.1857,2.1468,-7.5095,63.8407,218.5517,300.1199
61.1,-2.3699,2.7511,-8.221,61.373,216.4624,297.5229
61.12,-2.5335,3.3297,-8.8332,59.0781,214.883,295.4761
61.14,-2.6789,3.8637,-9.3468,57.0148,213.6882,293.8167
61.16,-2.915,4.7442,-10.1021,53.6904,212.0395,291.1442
61.18,-3.0075,5.0726,-10.3515,52.4687,211.496,290.1074
61.2,-3.0834,5.3164,-10.5209,51.5508,211.1282,289.3707
61.22,-3.1424,5.4744,-10.6172,50.9153,211.0259,289.1928
61.24,-3.1852,5.5397,-10.6389,50.6116,211.1331,289.4038
61.26,-3.2265,5.3902,-10.4768,51.0939,211.6695,290.0731
61.28,-3.2267,5.1407,-10.2629,51.9792,212.2896,290.8549
61.3,-3.2103,4.8189,-9.9891,53.1285,213.0928,291.8956
61.32,-3.1764,4.4122,-9.6357,54.6036,214.1368,293.1911
61.34,-3.1253,3.9299,-9.1973,56.3463,215.5718,295.0272
61.36,-2.9646,2.7835,-8.042,60.5691,219.9176,300.3865
61.38,-2.8559,2.1477,-7.3155,62.934,223.0906,304.0614
61.4,-2.7302,1.497,-6.4864,65.3609,227.2225,308.7206
61.42,-2.5866,0.851,-5.5582,67.751,232.6366,314.6834
61.44,-2.433,0.2312,-4.5228,70.0163,239.7552,322.2431
61.46,-2.0842,-0.8679,-2.1749,73.413,260.4023,342.8741
61.48,-1.8963,-1.2922,-0.8809,73.9597,273.8393,356.3228
61.5,-1.6979,-1.6178,0.474,73.6187,287.7726,10.0598
61.52,-1.4829,-1.8349,1.8639,72.425,300.7546,22.6223
61.54,-1.2517,-1.9629,3.2598,70.5165,311.5432,33.1117
61.56,-0.781,-1.8946,6.0606,65.1447,327.4182,48.1969
61.58,-0.5269,-1.6916,7.4412,62.0134,333.6092,52.9461
61.6,-0.2276,-1.3929,8.7637,58.704,338.9788,56.3591
61.62,0.0721,-0.9838,10.0347,55.2475,343.2607,58.6478
61.64,0.3813,-0.4684,11.2341,51.7068,346.808,60.3616
61.66,1.0768,0.7856,13.4154,44.5588,352.941,61.989
61.68,1.4158,1.4462,14.2922,41.3917,355.4764,61.9896
61.7,1.7474,2.1698,15.1314,38.1161,357.8205,61.572
61.72,2.0821,2.9232,15.8614,34.9673,359.9899,60.8343
61.74,2.396,3.6628,16.4779,32.054,1.8577,60.1128
61.76,2.9325,5.0679,17.3994,26.9613,4.808,58.6046
61.78,3.1545,5.6682,17.7248,24.9222,5.9101,58.0406
61.8,3.3867,6.179,17.9563,23.1908,6.9168,57.7745
61.82,3.5724,6.603,18.1314,21.779,7.6535,57.5963
61.84,3.7874,6.8951,18.2061,20.8104,8.4731,57.3668
61.86,4.0442,7.1732,18.2649,19.9077,9.5565,56.5518
61.88,4.1334,7.1166,18.2281,20.1071,9.9422,56.1609
61.9,4.2243,6.9364,18.1328,20.6728,10.3161,55.8412
61.92,4.2906,6.5993,17.9775,21.7006,10.5662,55.518
61.94,4.3111,6.1759,17.7807,23.0979,10.6838,55.3423
61.96,4.2841,5.0003,17.2019,27.0339,10.6599,54.9098
61.98,4.2285,4.2721,16.8045,29.5232,10.5534,54.6097
62,4.1273,3.4877,16.3324,32.2934,10.2208,54.5085
62.02,3.9972,2.6226,15.7582,35.4008,9.6812,54.6223
62.04,3.7927,1.7119,15.1025,38.8447,8.7608,54.7906
62.06,3.2678,-0.1156,13.433,46.6703,4.9721,55.188
62.08,2.9314,-0.9238,12.4151,50.7138,2.8455,55.3496
62.1,2.5706,-1.5895,11.2736,54.7409,0.3504,55.1727
62.12,2.185,-2.1356,9.9982,58.8303,357.1421,54.5943
62.14,1.804,-2.4979,8.6316,62.7417,353.2419,53.5773
62.16,0.9769,-2.8195,5.7083,70.2082,341.4662,47.0017
62.18,0.5715,-2.7683,4.1824,73.4809,332.7771,40.3564
62.2,0.1461,-2.5986,2.6604,76.236,320.5489,29.6256
62.22,-0.2915,-2.3155,1.1558,78.0994,303.738,13.9007
62.24,-0.7387,-1.9269,-0.318,78.5364,283.5474,354.5792
62.26,-1.6767,-0.9087,-3.0232,75.6756,250.1544,320.7243
62.28,-2.1445,-0.3093,-4.2532,72.9495,240.4214,310.7336
62.3,-2.5946,0.338,-5.3762,69.9862,233.914,303.6317
62.32,-3.0268,1.0085,-6.3825,66.985,229.4919,298.2997
62.34,-3.4351,1.6894,-7.2716,64.0717,226.537,294.3909
62.36,-4.1611,3.0051,-8.6803,58.7685,222.953,288.0525
62.38,-4.4782,3.601,-9.218,56.4486,221.9587,285.6308
62.4,-4.7644,4.1436,-9.6561,54.3293,221.4987,284.1628
62.42,-5.0159,4.6181,-9.9957,52.5209,221.2873,283.0382
62.44,-5.1943,4.9986,-10.2581,51.5113,220.666,282.1973
62.46,-5.062,5.3812,-10.5958,50.3222,218.9585,280.4683
62.48,-4.9551,5.4355,-10.6503,50.2931,218.3069,280.4113
62.5,-4.834,5.401,-10.6268,50.5786,217.6934,280.5625
62.52,-4.6787,5.2683,-10.5229,51.1653,217.5352,281.1949
62.54,-4.4889,5.0144,-10.3272,52.2033,217.2457,281.581
62.56,-4.0705,4.2502,-9.7212,55.1985,217.2635,282.9501
62.58,-3.8299,3.7462,-9.303,57.1416,217.7202,284.3464
62.6,-3.5668,3.1696,-8.8005,59.3626,218.5145,286.0645
62.62,-3.2818,2.5279,-8.2057,61.8638,219.6562,287.8653
62.64,-2.977,1.8372,-7.5109,64.5615,221.2975,289.8044
62.66,-2.296,0.3823,-5.777,70.6497,227.4426,295.3551
62.68,-1.9904,-0.2654,-4.8279,73.3038,233.0694,301.0347
62.7,-1.6569,-0.8832,-3.7664,75.723,242.0449,310.5284
62.72,-1.3271,-1.4424,-2.6348,77.5092,254.6116,323.6232
62.74,-0.9941,-1.9183,-1.4229,78.6627,270.7245,339.4644
62.76,-0.3569,-2.6403,1.1217,78.1382,306.1119,12.4807
62.78,-0.0645,-2.8647,2.4084,76.4215,319.2107,24.9118
62.8,0.2149,-3.0188,3.6504,74.1508,327.9757,33.916
62.82,0.4716,-3.0888,4.8741,71.6163,334.252,40.5934
62.84,0.7235,-3.0594,6.0718,68.9919,339.558,45.6209
62.86,1.1884,-2.7408,8.3486,63.5957,347.814,51.673
62.88,1.4067,-2.4588,9.3851,60.833,350.6461,53.659
62.9,1.583,-2.1193,10.3502,58.092,352.5243,55.3914
62.92,1.7438,-1.7144,11.2279,55.3844,353.9471,56.9931
62.94,1.8983,-1.2548,12.0325,52.7784,355.3166,58.0726
62.96,2.0268,-0.7734,12.756,50.2936,356.5187,58.7606
62.98,2.2139,0.2005,13.9687,45.7525,358.2629,59.6636
63,2.2834,0.6777,14.4537,43.7357,358.8448,60.0824
63.02,2.3289,1.111,14.8657,41.9261,359.2894,60.497
63.04,2.3252,1.4799,15.2094,40.414,359.4927,60.6902
63.06,2.2851,2.0934,15.6926,38.0812,359.8417,60.567
63.08,2.2584,2.3144,15.8257,37.3086,359.9382,60.4426
63.1,2.2197,2.4472,15.8826,36.8635,359.9034,60.2997
63.12,2.1134,2.5116,15.9149,36.6653,359.5921,60.2545
63.14,2.0241,2.5002,15.8753,36.7682,359.2209,60.2939
63.16,1.775,2.2264,15.5975,37.8817,358.0055,60.3588
63.18,1.6336,1.9729,15.3494,38.872,357.2493,60.267
63.2,1.4824,1.6685,15.0373,40.129,356.378,60.2365
63.22,1.3056,1.3281,14.66,41.6156,355.2753,60.1438
63.24,1.1419,0.9337,14.1882,43.3979,354.1081,59.928
63.26,0.781,0.0457,13.0455,47.6572,351.3329,58.8974
63.28,0.5904,-0.4473,12.3546,50.0999,349.5371,58.2256
63.3,0.3943,-0.9042,11.5928,52.6105,347.412,57.6586
63.32,0.1966,-1.3592,10.7328,55.2832,344.826,56.8305
63.34,0.0181,-1.7426,9.7867,58.0496,342.0286,55.6096
63.36,-0.3403,-2.3241,7.6685,63.7507,334.6926,51.3154
63.38,-0.5031,-2.474,6.5011,66.543,329.8008,48.0129
63.4,-0.6584,-2.5149,5.2864,69.1794,323.7511,43.6243
63.42,-0.7976,-2.4692,4.0164,71.6149,315.9948,37.4985
63.44,-0.9343,-2.333,2.7334,73.6839,306.2317,29.2089
63.46,-1.1901,-1.8334,0.14,75.8635,279.5195,5.0722
63.48,-1.2991,-1.4606,-1.128,75.638,264.89,351.3895
63.5,-1.4055,-1.024,-2.3527,74.5509,251.6501,338.8514
63.52,-1.5013,-0.5295,-3.5276,72.782,240.8486,328.6501
63.54,-1.5824,0.0182,-4.6345,70.5323,232.6308,321.0873
63.56,-1.694,1.2041,-6.5881,65.5643,221.8471,311.0745
63.58,-1.7144,1.8045,-7.4205,63.2277,218.0468,307.1218
63.6,-1.7113,2.3782,-8.1659,61.0052,214.8862,303.5689
63.62,-1.684,2.9197,-8.8211,58.9423,212.1928,300.4459
63.64,-1.6317,3.4173,-9.3938,57.056,209.8915,297.7521
63.66,-1.4629,4.255,-10.2982,53.8669,206.1372,293.5598
63.68,-1.354,4.5546,-10.5987,52.8324,204.7076,291.9539
63.7,-1.2307,4.7912,-10.831,52.0332,203.3625,290.4462
63.72,-1.0973,4.9467,-10.9846,51.5507,202.1545,289.0872
63.74,-0.9542,5.0222,-11.0675,51.3523,201.0827,288.0276
63.76,-0.6649,4.9224,-11.0393,51.7372,199.5775,287.179
63.78,-0.5026,4.742,-10.9201,52.4029,199.0613,287.3124
63.8,-0.3523,4.4883,-10.7272,53.3639,198.7812,287.8128
63.82,-0.205,4.1587,-10.4563,54.6489,198.6532,288.3916
63.84,-0.0664,3.7531,-10.1019,56.243,198.7031,289.0442
63.86,0.1807,2.7732,-9.1237,60.3426,199.5383,290.6314
63.88,0.2808,2.2129,-8.4917,62.8029,200.4791,291.6647
63.9,0.3631,1.6251,-7.7666,65.4187,202.1423,293.5244
63.92,0.4201,1.0256,-6.9437,68.1075,204.9214,296.6115
63.94,0.4502,0.4255,-6.0239,70.8705,209.0911,300.9267
63.96,0.4036,-0.7437,-3.8937,76.3729,224.3891,314.6466
63.98,0.3458,-1.2665,-2.7131,78.6081,237.8085,326.6721
64,0.2564,-1.736,-1.4854,79.7156,256.1441,344.0938
64.02,0.1405,-2.1229,-0.21,79.4936,276.588,3.7047
64.04,-0.0006,-2.4212,1.102,78.043,294.4783,20.2255
64.06,-0.2916,-2.6602,3.8057,73.0263,318.8268,39.3216
64.08,-0.4375,-2.6208,5.1295,69.9623,325.7008,43.699
64.1,-0.5711,-2.4448,6.4242,66.6424,330.4281,46.7211
64.12,-0.6579,-2.166,7.646,63.2634,334.1527,48.7682
64.14,-0.7202,-1.8154,8.8019,60.0016,337.1456,49.9512
64.16,-0.7506,-0.8989,10.898,53.7103,341.8928,51.9629
64.18,-0.7225,-0.3718,11.8096,50.7392,343.6954,53.0072
64.2,-0.6555,0.1956,12.6201,47.8581,345.2601,54.6406
64.22,-0.5836,0.7503,13.3426,45.2249,346.366,56.5336
64.24,-0.4975,1.309,13.9994,42.8098,347.3485,58.356
64.26,-0.2685,2.3055,15.0761,38.7451,349.3206,61.9821
64.28,-0.1462,2.7472,15.5182,37.0152,350.2495,63.5464
64.3,-0.0361,3.1336,15.9028,35.5113,351.1533,64.6629
64.32,0.0897,3.4771,16.2189,34.2344,351.9775,65.64
64.34,0.1723,3.7533,16.4733,33.1637,352.5653,66.3792
64.36,0.3219,4.0536,16.7568,32.0078,353.4775,67.0669
64.38,0.3791,4.1289,16.8097,31.7567,353.8007,67.0627
64.4,0.3911,4.0697,16.8006,31.8804,353.8635,66.8457
64.42,0.4014,3.953,16.7301,32.2499,353.8222,66.5551
64.43999,0.3881,3.7266,16.5802,32.9867,353.6439,65.9581
64.46,0.3167,3.0895,16.0809,35.2649,353.0123,64.5324
64.48,0.2628,2.6503,15.7121,36.9176,352.5179,63.6652
64.5,0.1585,2.1086,15.2612,38.9697,351.6426,62.7542
64.52,0.0902,1.6019,14.7118,41.0767,350.7859,62.1833
64.54,-0.0255,1.0166,14.0681,43.5809,349.4342,61.5834
64.56,-0.2607,-0.1409,12.4703,49.2398,345.8017,60.5584
64.58,-0.3723,-0.6747,11.5103,52.3138,343.446,59.9707
64.6,-0.4561,-1.1274,10.4475,55.4717,340.7991,59.1185
64.62,-0.5632,-1.5326,9.3099,58.7797,337.5121,57.5746
64.64,-0.632,-1.8511,8.0821,62.0921,333.7054,55.3349
64.66,-0.7116,-2.1623,5.3874,68.5119,322.8345,47.7712
64.68,-0.7191,-2.1667,4.0672,71.2403,315.4731,41.585
64.7,-0.7178,-2.0403,2.6879,73.7158,305.9944,33.0111
64.72,-0.726,-1.8612,1.3011,75.5927,293.1819,21.0202
64.74,-0.726,-1.5782,-0.0596,76.5942,277.9887,6.5481
64.76,-0.7482,-0.7782,-2.6322,75.4997,247.8743,337.2785
64.78,-0.7681,-0.2848,-3.8121,73.7948,236.5721,326.1096
64.8,-0.7914,0.2558,-4.9101,71.5577,228.2903,318.2173
64.82,-0.8158,0.8246,-5.9164,69.1218,222.2976,312.5244
64.84,-0.8365,1.4115,-6.8153,66.7902,217.7439,307.7803
64.86,-0.8707,2.5354,-8.3252,62.3407,211.3343,300.4039
64.88,-0.8754,3.0598,-8.9412,60.2542,209.1591,298.0958
64.9,-0.8703,3.5468,-9.4592,58.3311,207.4621,296.489
64.92,-0.8543,3.9865,-9.8797,56.6637,206.0715,295.1276
64.93999,-0.8337,4.361,-10.1978,55.318,204.8806,293.8257
64.96,-0.7742,4.8766,-10.5695,53.616,202.9943,291.5336
64.98,-0.7379,5.0029,-10.6417,53.2027,202.3787,290.8591
65,-0.6989,5.0351,-10.6398,53.1248,201.9096,290.3778
65.02,-0.6584,4.9766,-10.5749,53.8634,201.1264,289.2654
65.04,-0.6147,4.8203,-10.4362,54.3458,201.1473,289.5078
65.06,-0.5228,4.2255,-9.9094,56.6706,201.9197,290.7424
65.08,-0.4806,3.8069,-9.5257,58.3487,202.7809,291.7036
65.1,-0.4407,3.3143,-9.0548,60.3214,204.0209,292.9727
65.12,-0.4036,2.7616,-8.4858,62.5668,205.7785,294.7286
65.14,-0.367,2.165,-7.8246,64.9846,208.2383,297.1521
65.16,-0.3067,0.9195,-6.2055,69.9931,216.7198,306.0691
65.18,-0.286,0.3136,-5.2414,72.4065,223.6757,313.404
65.2,-0.2732,-0.2548,-4.1702,74.5174,233.2738,323.351
65.22,-0.265,-0.768,-3.0117,76.1432,245.9081,336.0701
65.24,-0.2725,-1.2253,-1.7705,76.9862,261.3004,351.2852
65.26,-0.3072,-1.8977,0.8826,75.6663,293.0396,22.0235
65.28,-0.3298,-2.1045,2.2627,73.7249,305.641,33.766
65.3,-0.3607,-2.228,3.6468,71.1569,314.853,42.0499
65.32,-0.3693,-2.227,5.0177,68.2914,322.2859,48.0964
65.34,-0.3717,-2.1326,6.3567,65.2685,328.0487,52.0544
65.36,-0.3091,-1.5871,8.8942,58.8587,337.0807,56.5494
65.38,-0.2563,-1.1906,10.0451,55.6671,340.2069,57.7512
65.4,-0.1773,-0.7175,11.1045,52.5304,342.7536,58.8162
65.42,-0.0679,-0.1696,12.0643,49.4594,344.9501,59.9834
65.43999,0.0353,0.3728,12.9264,46.6369,346.5999,60.9337
65.46,0.2613,1.4625,14.3818,41.5833,349.4518,62.739
65.48,0.3807,1.9957,14.9655,39.3278,350.7543,63.4817
65.5,0.5087,2.5114,15.458,37.2893,351.8781,64.1807
65.52,0.5845,2.9772,15.8877,35.47,352.6605,64.9336
65.54,0.6784,3.3546,16.2095,34.0484,353.3016,65.7407
65.56,0.8143,3.9692,16.6626,31.8465,354.2175,67.1938
65.58,0.8797,4.1673,16.7744,31.1825,354.5069,67.7756
65.6,0.9058,4.2737,16.8294,30.8392,354.6548,68.229
65.62,0.9315,4.2965,16.813,30.7756,354.7282,68.4481
65.64,0.9317,4.2352,16.7465,31.0528,354.6478,68.4976
65.66,0.9165,3.795,16.3956,32.7458,354.3027,68.1449
65.68,0.886,3.4324,16.1307,34.0708,353.9628,67.7436
65.7,0.817,3.0074,15.8066,35.6922,353.301,67.543
65.72,0.7496,2.4974,15.3733,37.7157,352.4271,67.352
65.74,0.6643,1.917,14.8325,40.0853,351.4482,67.04
65.76,0.4536,0.7393,13.4699,45.5312,348.6792,66.6228
65.78,0.3335,0.1328,12.6275,48.673,346.8026,66.3136
65.8,0.2131,-0.4556,11.6841,51.9792,344.6203,65.658
65.82,0.1123,-0.9965,10.6414,55.4206,342.1568,64.5915
65.84,0.0092,-1.4658,9.5229,58.8958,339.2837,62.8696
65.86,-0.1613,-2.1014,7.0569,65.7043,331.787,56.8663
65.88,-0.2383,-2.2374,5.7359,68.8318,326.256,52.2405
65.9,-0.2935,-2.2503,4.3549,71.7334,318.8426,45.8685
65.92,-0.3608,-2.1375,2.9726,74.1664,309.1485,37.0658
65.93999,-0.4249,-1.9395,1.5776,76.0863,296.5318,24.7846
65.96,-0.5391,-1.2836,-1.1592,77.1938,264.0881,352.7207
65.98,-0.5969,-0.8482,-2.4673,76.1743,248.6813,337.235
66,-0.6609,-0.3567,-3.7004,74.3976,236.5341,324.8394
66.02,-0.7167,0.1759,-4.8769,72.0541,227.4893,315.5819
66.04,-0.7738,0.752,-5.9556,69.4761,221.1346,309.1093
66.06,-0.8624,1.9714,-7.8095,64.3315,213.0163,300.1805
66.08,-0.8897,2.5784,-8.5771,61.9396,210.2397,296.8463
66.1,-0.9027,3.164,-9.247,59.6486,208.109,294.3722
66.12,-0.8992,3.719,-9.813,57.5688,206.3162,292.3163
66.14,-0.8816,4.2211,-10.2819,55.7453,204.7507,290.3957
66.16,-0.8104,5.0179,-10.9484,53.3167,201.7463,286.3848
66.18,-0.7613,5.3009,-11.1568,52.312,200.7989,285.2893
66.2,-0.7059,5.4979,-11.2815,51.6353,200.0948,284.6322
66.22,-0.6456,5.6031,-11.3287,51.3121,199.6173,284.3497
66.24,-0.5837,5.6087,-11.3002,51.3514,199.3046,284.3093
66.26,-0.4404,5.3156,-11.0163,52.6155,199.0123,284.5573
66.28,-0.3637,5.0182,-10.764,53.7992,199.1014,284.9813
66.3,-0.2844,4.6322,-10.4395,55.2729,199.4348,285.7675
66.32,-0.2011,4.166,-10.0409,57.0216,200.0991,287.074
66.34,-0.1181,3.6277,-9.5558,59.0483,201.2314,289.0932
66.36,0.0384,2.374,-8.2855,63.963,205.0067,294.2218
66.38,0.1098,1.6953,-7.4908,66.7437,208.0665,297.6793
66.4,0.1671,1.0046,-6.581,69.6424,212.4114,302.186
66.42,0.2138,0.328,-5.5652,72.536,218.5432,308.1476
66.43999,0.2428,-0.3153,-4.4449,75.1377,227.6141,316.9438
66.46,0.2482,-1.4296,-1.9306,78.5252,258.4028,346.1781
66.48,0.2237,-1.8651,-0.5602,78.4529,278.4644,4.8975
66.5,0.1984,-2.1846,0.8519,77.1086,296.7692,21.5932
66.52,0.1513,-2.4031,2.2985,74.7877,310.1516,33.3905
66.54,0.108,-2.51,3.7302,71.9276,319.4482,41.388
66.56,0.0678,-2.349,6.4834,65.5732,331.1381,50.9824
66.58,0.0683,-2.0929,7.7793,62.2703,335.2329,53.9866
66.6,0.0976,-1.716,8.9935,58.9522,338.5834,56.2673
66.62,0.1447,-1.2432,10.1438,55.6213,341.4259,58.1312
66.64,0.2044,-0.7043,11.1977,52.3587,343.6634,59.8028
66.66,0.3571,0.5116,13.074,45.9792,347.0042,62.8633
66.68,0.433,1.1315,13.8311,43.2252,348.3558,63.9109
66.7,0.5619,1.8126,14.5179,40.3587,349.9759,64.8451
66.72,0.6256,2.4674,15.1578,37.6448,351.2699,65.1682
66.74,0.7075,3.1108,15.705,35.1483,352.4623,65.3014
66.76,0.8741,4.2735,16.5591,30.8051,354.4816,65.2016
66.78,0.9496,4.783,16.87,29,355.2169,65.1262
66.8,1.0059,5.2091,17.1188,27.4304,355.8055,64.9971
66.82,1.0839,5.5647,17.2722,26.212,356.3676,64.963
66.84,1.1449,5.8434,17.3738,25.2972,356.827,65.0499
66.86,1.2588,6.0682,17.4085,24.5901,357.2663,65.5621
66.88,1.3032,6.0191,17.3523,24.7519,357.3149,65.923
66.9,1.3855,5.8784,17.2265,25.2484,357.4203,66.1636
66.92,1.407,5.5632,17.0655,26.3415,357.33,66.2206
66.93999,1.4472,5.1778,16.8368,27.6745,357.2389,66.3978
66.96,1.476,4.1225,16.1639,31.464,356.576,66.8615
66.98,1.4682,3.4479,15.6931,33.9876,355.9282,67.2274
67,1.4399,2.7656,15.1304,36.7121,355.0794,67.8659
67.02,1.3953,1.9913,14.4628,39.9139,353.9717,68.3987
67.04,1.3367,1.2244,13.689,43.346,352.6229,68.7985
67.06,1.1793,-0.3064,11.8411,50.8906,349.2317,68.7408
67.08,1.0777,-1.0095,10.7609,55.0209,346.4599,68.0113
67.1,0.9787,-1.5723,9.5957,58.9928,343.6361,66.759
67.12,0.896,-2.0495,8.3197,63.0042,340.4684,64.6585
67.14,0.8176,-2.3856,6.9628,66.938,336.4071,61.5663
67.16,0.6009,-2.6528,4.1207,74.061,323.116,49.5394
67.18,0.4685,-2.5497,2.6778,76.8485,311.9528,38.8553
67.2,0.3082,-2.324,1.239,78.7847,295.9709,23.1654
67.22,0.1153,-1.9712,-0.1568,79.4997,276.6244,3.6485
67.24,-0.0964,-1.5495,-1.5064,78.8932,257.3626,343.9513
67.26,-0.5661,-0.5563,-4.0116,74.7412,231.6928,317.2096
67.28,-0.8101,-0.0073,-5.1414,71.9946,224.8229,309.8529
67.3,-1.053,0.5702,-6.1697,69.1668,220.4086,305.0305
67.32,-1.2883,1.1687,-7.0867,66.3982,217.4959,301.7387
67.34,-1.5125,1.7735,-7.8865,63.7936,215.554,299.321
67.36,-1.9117,2.9262,-9.151,59.1552,213.112,295.7051
67.38,-2.08,3.4453,-9.628,57.1976,212.2505,294.2416
67.4,-2.2231,3.9138,-10.0148,55.4415,211.5929,293.256
67.42,-2.342,4.3205,-10.3138,53.9033,211.1097,292.7399
67.43999,-2.4349,4.6546,-10.5308,52.6364,210.76,292.5861
67.46,-2.563,5.0681,-10.7198,51.0263,210.6023,293.4102
67.48,-2.6002,5.135,-10.6945,50.7851,210.7016,294.0346
67.5,-2.6213,5.1069,-10.6009,50.8961,210.9593,294.8486
67.52,-2.6299,4.9813,-10.428,51.408,211.4025,295.8921
67.54,-2.6235,4.7366,-10.1539,52.3276,212.0403,297.0962
67.56,-2.5687,3.9936,-9.3893,55.1471,214.323,300.805
67.58,-2.5218,3.4997,-8.8713,57.0074,216.1407,303.4677
67.6,-2.4594,2.9409,-8.2535,59.1706,218.5212,306.5088
67.62,-2.3843,2.332,-7.5258,61.5386,221.6466,310.2222
67.64,-2.2944,1.6967,-6.6853,64.0345,225.8144,314.9289
67.66,-2.0393,0.4291,-4.623,68.8509,239.2504,329.8745
67.68,-1.9167,-0.1116,-3.484,70.5847,248.4734,339.8352
67.7,-1.7583,-0.6041,-2.1856,71.913,260.4744,352.1566
67.72,-1.5814,-1.0079,-0.7965,72.5262,274.8863,6.7513
67.74,-1.383,-1.2879,0.6642,71.7392,288.698,21.3369
67.76,-0.9308,-1.5106,3.7243,67.7891,311.7005,44.1877
67.78,-0.6839,-1.4757,5.2685,65.03,320.4388,52.0068
67.8,-0.4011,-1.3637,6.7654,62.0045,327.5137,58.0019
67.82,-0.1217,-1.1732,8.2293,58.7698,333.1858,62.3236
67.84,0.1868,-0.8775,9.6272,55.4687,338.1945,65.3024
67.86,0.8295,0.0184,12.1376,48.7667,346.3849,68.2715
67.88,1.1442,0.6111,13.2293,45.4522,349.6627,68.9274
67.9,1.4775,1.2961,14.2006,42.1615,352.6075,69.3968
67.92,1.7486,1.973,15.0532,39.0814,354.7659,69.5645
67.93999,1.9942,2.6554,15.7971,36.1549,356.5233,69.6629
67.96,2.4356,4.0583,16.9678,30.6985,359.5043,69.066
67.98,2.6233,4.69,17.3948,28.3532,0.7872,68.2893
68,2.7209,5.2747,17.7511,26.2546,1.6871,67.3988
68.02,2.8203,5.7733,18.0101,24.4998,2.5179,66.4685
68.04,2.9035,6.155,18.1688,23.1953,3.1433,65.6121
68.06,2.9093,6.6017,18.3118,21.7323,3.5732,64.1857
68.08,2.8853,6.6706,18.2946,21.5597,3.5824,63.7609
68.1,2.8105,6.5743,18.2265,21.8862,3.332,63.4876
68.12,2.7523,6.3883,18.0891,22.5311,3.0807,63.3406
68.14,2.6597,6.0296,17.8718,23.8198,2.6096,63.2686
68.16,2.3861,5.021,17.2805,27.3521,1.1707,63.3459
68.18,2.2161,4.3833,16.87,29.6697,0.2414,63.5563
68.2,2.0416,3.6419,16.3496,32.443,359.1555,63.7518
68.22,1.7858,2.8745,15.7669,35.4128,357.7076,63.9105
68.24,1.5604,2.0936,15.0477,38.7038,356.1572,64.1643
68.26,1.0174,0.5104,13.2445,46.0831,351.7389,64.5287
68.28,0.7283,-0.2188,12.1643,50.0164,348.8247,64.3989
68.3,0.4754,-0.8447,10.9584,54.0045,345.5672,63.9725
68.32,0.2019,-1.363,9.6582,57.9629,341.4819,62.7486
68.34,-0.0491,-1.7152,8.2675,61.8246,336.6593,60.52
68.36,-0.4765,-1.9361,5.2804,68.8924,323.3395,51.5576
68.38,-0.6689,-1.8421,3.7323,71.7867,313.3141,43.3224
68.4,-0.8356,-1.6146,2.1816,73.9663,300.6422,31.9819
68.42,-1.0269,-1.2716,0.6869,75.0989,285.5142,17.8353
68.43999,-1.1925,-0.8327,-0.7776,75.1499,269.3278,2.187
68.46,-1.4984,0.2182,-3.5101,72.157,241.9369,335.036
68.48,-1.6241,0.8117,-4.7469,69.6906,232.8035,326.024
68.5,-1.7297,1.4413,-5.8674,67.0362,226.0435,319.1248
68.52,-1.818,2.0889,-6.8582,64.3408,221.0744,313.8871
68.54,-1.8815,2.7396,-7.7253,61.7265,217.3086,309.8315
68.56,-1.9376,3.9774,-9.0921,57.0627,212.1665,304.2371
68.58,-1.935,4.5264,-9.6,55.1301,210.3486,302.1496
68.6,-1.9136,5.011,-10.0005,53.5208,208.8224,300.2769
68.62,-1.8739,5.4146,-10.3095,52.2109,207.509,298.6051
68.64,-1.8175,5.7297,-10.5302,51.1954,206.4567,297.4517
68.66,-1.6539,6.0636,-10.7315,50.9429,204.761,296.1807
68.68,-1.5636,6.0614,-10.7039,52.0771,203.262,295.0277
68.7,-1.4647,5.9745,-10.5986,52.2717,203.3494,295.6142
68.72,-1.3383,5.7405,-10.3822,53.2311,203.1098,295.598
68.74,-1.2172,5.4145,-10.0974,54.5739,203.1401,295.911
68.76,-0.9626,4.481,-9.2701,58.5245,204.3065,297.8898
68.78,-0.8317,3.891,-8.7122,61.0004,205.5822,299.6513
68.8,-0.6981,3.2391,-8.0495,63.7545,207.5755,302.0647
68.82,-0.5696,2.5447,-7.2666,66.7112,210.5531,305.3983
68.84,-0.4463,1.8325,-6.3604,69.7757,215.0623,310.1315
68.86,-0.2287,0.4335,-4.1919,75.4806,232.2145,327.1925
68.88,-0.1398,-0.2096,-2.9462,77.5844,247.3457,341.8501
68.9,-0.0595,-0.7813,-1.6145,78.5239,267.4016,1.1777
68.92,-0.0063,-1.252,-0.1946,77.8438,288.0433,20.8837
68.93999,0.0464,-1.617,1.2657,75.8885,304.8259,36.4473
68.96,0.1335,-1.9644,4.2782,69.9149,325.9706,53.533
68.98,0.183,-1.961,5.7618,66.4998,332.2412,57.4883
69,0.2579,-1.8308,7.1924,62.9536,336.9696,59.7831
69.02,0.3452,-1.586,8.567,59.4285,341.1117,61.1789
69.04,0.4588,-1.2399,9.8561,55.976,344.6831,61.6896
69.06,0.71,-0.2609,12.1591,49.333,349.5226,61.4232
69.08,0.8689,0.3325,13.1302,46.1663,351.715,61.3256
69.1,1.0094,0.964,14.0008,43.1219,353.514,61.0058
69.12,1.1607,1.6062,14.7459,40.2718,355.0888,60.5734
69.14,1.3028,2.2752,15.3972,37.5718,356.53,60.2213
69.16,1.5392,3.48,16.3908,32.9865,358.7001,59.6318
69.18,1.6407,4.0154,16.7475,31.0887,359.4835,59.4307
69.2,1.7019,4.4548,17.0263,29.5722,0.0317,59.2692
69.22,1.774,4.8308,17.232,28.286,0.5109,59.3793
69.24,1.83,5.1129,17.3584,27.3513,0.8232,59.4764
69.26,1.9111,5.3798,17.4215,26.5325,1.3553,59.5274
69.28,1.9319,5.3584,17.3725,26.6509,1.4197,59.5301
69.3,1.9418,5.2486,17.2719,27.0383,1.3515,59.6405
69.32,1.9064,5.0182,17.1074,27.8119,1.0734,59.892
69.34,1.884,4.6788,16.8761,28.966,0.7267,60.0356
69.36,1.815,3.7325,16.2034,32.3095,359.7646,60.5108
69.38,1.7311,3.1478,15.7605,34.4694,358.9357,60.8512
69.4,1.6604,2.4875,15.2008,37.0281,358.0109,61.2053
69.42,1.5163,1.7812,14.5634,39.8971,356.6786,61.5207
69.43999,1.3901,1.0622,13.8063,43.0698,355.2082,61.9549
69.46,1.0947,-0.343,11.9635,50.1708,351.3099,62.4347
69.48,0.9399,-0.9938,10.8671,54.0574,348.6535,62.1144
69.5,0.7959,-1.5109,9.6859,57.879,345.8355,61.4825
69.52,0.6579,-1.9257,8.4116,61.7628,342.4774,60.0405
69.54,0.5297,-2.2236,7.061,65.674,338.2396,57.5746
69.56,0.3171,-2.4028,4.2025,72.8628,325.3522,48.4225
69.58,0.2084,-2.2663,2.7512,75.8343,315.1257,39.4947
69.6,0.0716,-1.9982,1.3346,78.0736,300.819,26.0213
69.62,-0.0595,-1.6309,-0.0576,79.3007,282.2619,7.8428
69.64,-0.2085,-1.191,-1.4033,79.0867,261.9869,348.0293
69.66,-0.5467,-0.122,-3.9488,75.1151,232.5235,319.3389
69.68,-0.6879,0.4344,-5.0129,72.6615,224.7865,311.3514
69.7,-0.8446,1.0233,-6.0301,69.9519,218.9742,305.0292
69.72,-0.9876,1.6141,-6.9552,67.2248,214.836,300.3976
69.74,-1.1191,2.1982,-7.7756,64.5743,211.9363,297.1904
69.76,-1.3375,3.3074,-9.0824,59.8136,208.4828,293.6199
69.78,-1.4239,3.8051,-9.5633,57.8533,207.4606,292.5695
69.8,-1.4937,4.2463,-9.9354,56.2415,206.6147,291.4983
69.82,-1.5487,4.6165,-10.2103,54.9511,205.9163,290.4602
69.84,-1.5878,4.9097,-10.4008,53.9548,205.3819,289.7426
69.86,-1.621,5.2201,-10.5556,54.0541,203.5182,287.7875
69.88,-1.6163,5.242,-10.5236,53.8494,203.7038,288.4612
69.9,-1.6024,5.1743,-10.4285,54.0134,203.8661,289.1533
69.92,-1.5768,4.9892,-10.2382,54.6023,204.2858,290.212
69.93999,-1.547,4.7085,-9.9732,55.6749,204.9066,291.3397
69.96,-1.4713,3.8866,-9.2055,58.9825,207.015,294.3961
69.98,-1.4263,3.3651,-8.6908,60.9554,208.9924,297.1874
70,-1.3791,2.7816,-8.0775,63.1562,211.6146,300.5086
70.02,-1.3309,2.1535,-7.3583,65.5386,215.1314,304.5641
70.04,-1.2854,1.4971,-6.522,68.0339,219.9695,309.6981
70.06,-1.1923,0.1924,-4.4951,73.0374,235.2996,324.3088
70.08,-1.1428,-0.4042,-3.3179,74.867,247.5198,336.0204
70.1,-1.0831,-0.9345,-2.0485,75.9374,262.6266,350.2557
70.12,-1.0249,-1.3857,-0.6966,75.9985,279.222,5.6801
70.14,-0.9495,-1.7442,0.6957,74.9381,294.4099,19.8531
70.16,-0.768,-2.1656,3.5536,70.572,316.5351,39.8712
70.18,-0.6557,-2.2171,4.9879,67.8403,324.3554,45.9839
70.2,-0.5193,-2.1378,6.403,64.8786,331.1673,50.3071
70.22,-0.3554,-1.956,7.7631,61.8075,336.6559,53.1798
70.24,-0.1791,-1.6688,9.054,58.6361,340.911,55.2428
70.26,0.2361,-0.8357,11.3745,52.3717,347.103,58.1641
70.28,0.468,-0.3372,12.3931,49.39,349.593,59.1572
70.3,0.6927,0.2066,13.3164,46.5049,351.7369,59.8703
70.32,0.9279,0.7891,14.1377,43.7444,353.7771,60.6566
70.34,1.1415,1.3851,14.8581,41.1138,355.4731,61.2218
70.36,1.5455,2.5515,16.0063,36.4073,358.3391,61.852
70.38,1.725,3.0741,16.447,34.3742,359.4886,61.926
70.4,1.8885,3.5326,16.8069,32.636,0.5064,61.8534
70.42,1.9965,3.952,17.1095,31.0749,1.352,61.7088
70.43999,2.1159,4.2713,17.3162,29.8852,2.0191,61.451
70.46,2.2532,4.6562,17.5254,28.4826,2.7007,61.2084
70.48,2.2813,4.6649,17.5257,28.3997,2.7731,61.0533
70.5,2.3179,4.6065,17.4564,28.6045,2.8644,60.9
70.52,2.3053,4.4406,17.3422,29.1522,2.7211,60.784
70.54,2.3133,4.1541,17.1058,30.1906,2.4936,60.8567
70.56,2.1547,3.3105,16.4881,33.2731,1.3427,60.9124
70.58,2.0698,2.7825,16.039,35.3427,0.6582,60.9868
70.6,1.9614,2.206,15.4942,37.6945,359.7529,61.3645
70.62,1.8328,1.5695,14.8523,40.399,358.5244,61.9166
70.64,1.6783,0.9008,14.1015,43.3904,356.9601,62.5555
70.66,1.3548,-0.4214,12.256,50.1565,353.0949,63.2993
70.68,1.198,-0.9863,11.2635,53.4533,350.9253,63.1633
70.7,1.0173,-1.4843,10.1444,56.9301,348.2852,62.5469
70.72,0.858,-1.9052,8.9202,60.5215,345.0878,61.1966
70.74,0.7066,-2.2003,7.6259,64.0936,341.4534,59.1588
70.76,0.3984,-2.4259,4.8759,70.7822,330.1292,51.4871
70.78,0.2436,-2.3307,3.4677,73.7197,322.0059,44.4549
70.8,0.0806,-2.1233,2.0617,76.2664,310.987,34.1798
70.82,-0.0807,-1.8131,0.644,77.9753,295.5197,19.6686
70.84,-0.255,-1.4134,-0.7312,78.579,276.7853,1.7835
70.86,-0.6204,-0.4285,-3.3325,76.1331,243.3683,329.438
70.88,-0.8067,0.1424,-4.5127,73.7799,232.769,318.9833
70.9,-0.9881,0.7394,-5.6026,71.125,225.2136,311.2786
70.92,-1.1592,1.3629,-6.5903,68.3573,219.9664,305.9117
70.93999,-1.3185,1.9903,-7.4703,65.5936,216.2924,302.1945
70.96,-1.584,3.2046,-8.8963,60.5476,211.5618,297.0439
70.98,-1.6904,3.7592,-9.4441,58.3723,209.9793,295.2046
71,-1.774,4.2682,-9.8952,56.4133,208.8771,294.1445
71.02,-1.8402,4.7186,-10.2376,54.7593,208.0426,293.4794
71.04,-1.8878,5.0935,-10.4847,53.454,207.368,292.8415
71.06,-1.9333,5.5851,-10.7262,51.8517,206.5391,292.259
71.08,-1.9339,5.6842,-10.7359,52.0523,206.1261,292.0689
71.1,-1.9186,5.6814,-10.6778,52.7234,205.2998,291.4023
71.12,-1.8938,5.5918,-10.5576,52.954,205.5936,292.1639
71.14,-1.8511,5.3624,-10.3393,53.7654,205.8302,292.8154
71.16,-1.7471,4.627,-9.7142,56.4921,206.9975,294.4845
71.18,-1.6819,4.1271,-9.2819,58.4375,208.1256,295.9582
71.2,-1.6067,3.5533,-8.7611,60.6319,209.7375,297.8981
71.22,-1.5262,2.915,-8.1406,63.0934,211.9277,300.2153
71.24,-1.4381,2.2303,-7.4216,65.7366,214.9026,303.0182
71.26,-1.2511,0.8135,-5.6668,70.9223,225.0989,312.4783
71.28,-1.1511,0.1309,-4.645,73.0475,233.3812,320.4955
71.3,-1.0487,-0.509,-3.5294,74.8075,244.0472,330.8042
71.32,-0.9529,-1.0816,-2.3219,75.9838,257.3383,343.371
71.34,-0.8509,-1.5671,-1.0426,76.6726,273.2974,357.7967
71.36,-0.665,-2.2225,1.6748,74.7497,304.2054,24.9787
71.38,-0.5618,-2.373,3.0587,72.527,315.6907,34.6192
71.4,-0.4544,-2.4319,4.4339,69.8488,324.0965,41.2303
71.42,-0.3292,-2.354,5.7962,66.8591,330.9066,46.1028
71.43999,-0.2054,-2.1818,7.1393,63.6868,336.2934,49.0664
71.46,0.1378,-1.4962,9.674,56.9635,345.01,51.9037
71.48,0.3393,-0.9922,10.8398,53.4717,348.2904,52.4718
71.5,0.5326,-0.4314,11.9129,50.0245,350.6191,53.1564
71.52,0.7679,0.1936,12.8776,46.6663,352.6446,53.9022
71.54,1.0031,0.8637,13.755,43.4762,354.4344,54.3714
71.56,1.4658,2.2448,15.2504,37.5902,357.6669,54.9747
71.58,1.6854,2.8956,15.8598,35.0314,359.0755,55.1147
71.6,1.8635,3.5402,16.4094,32.5799,0.2725,55.1673
71.62,2.0915,4.097,16.8353,30.509,1.4896,55.3075
71.64,2.2621,4.6278,17.2094,28.601,2.4717,55.4104
71.66,2.5389,5.4111,17.6914,25.8487,3.8657,55.7551
71.68,2.5818,5.6302,17.8333,25.0729,4.186,56.0687
71.7,2.6152,5.7877,17.9085,24.5632,4.3412,56.4175
71.72,2.634,5.8034,17.9105,24.4826,4.3302,56.7803
71.74,2.6237,5.7483,17.8692,24.6576,4.1414,57.1633
71.76,2.4925,5.2714,17.5989,26.178,3.3054,57.7509
71.78,2.4047,4.8665,17.3555,27.5152,2.7684,57.7533
71.8,2.2635,4.3793,17.0635,29.1918,2.0328,57.5925
71.82,2.103,3.8152,16.6777,31.2465,1.106,57.5041
71.84,1.8876,3.1529,16.2072,33.6621,359.8455,57.4681
71.86,1.3741,1.6973,14.9425,39.4306,356.4605,57.707
71.88,1.059,0.9446,14.1589,42.6814,354.2706,57.5965
71.9,0.753,0.2297,13.2462,46.121,351.8439,57.2667
71.92,0.4265,-0.4386,12.2213,49.703,348.9783,56.7453
71.93999,0.0997,-1.041,11.0776,53.3902,345.6158,55.953
71.96,-0.1709,-1.524,9.8109,57.0813,341.8354,54.8352
71.98,-0.7375,-2.2303,7.071,64.4328,331.3794,49.3145
72,-0.961,-2.3944,5.6021,67.8073,324.4929,44.2511
72.02,-1.1768,-2.3916,4.1117,70.6916,315.5933,37.0985
72.04,-1.3802,-2.2527,2.6046,72.9496,304.1283,27.1848
72.06,-1.7684,-1.6042,-0.3499,74.5908,274.9899,0.2486
72.08,-1.9504,-1.1209,-1.7576,73.7135,260.6472,346.9158
72.1,-2.1187,-0.561,-3.091,71.9681,248.7359,335.7308
72.12,-2.2655,0.0569,-4.3351,69.7242,239.5528,326.925
72.14,-2.3901,0.7065,-5.4822,67.2255,232.5414,320.053
72.16,-2.5581,2.0444,-7.4622,61.9873,223.2226,310.8704
72.18,-2.5994,2.7001,-8.2841,59.4983,220.0238,307.5915
72.2,-2.6143,3.326,-8.9918,57.2111,217.3966,304.7599
72.22,-2.6007,3.9084,-9.5941,55.1455,215.1846,302.2805
72.24,-2.5636,4.433,-10.0916,53.3497,213.284,300.0608
72.26,-2.4234,5.2623,-10.7936,50.6427,210.201,296.4756
72.28,-2.3255,5.5485,-11.0105,50.0734,208.8987,295.1136
72.3,-2.211,5.7377,-11.1409,50.1558,207.304,293.3985
72.32,-2.082,5.8335,-11.1901,49.8394,206.5813,293.0297
72.34,-1.948,5.8276,-11.1659,49.9058,205.9053,292.864
72.36,-1.6403,5.4891,-10.8915,51.2911,205.1036,293.137
72.38,-1.4851,5.1572,-10.6425,52.6988,204.8878,293.2116
72.4,-1.3292,4.7274,-10.3111,54.4343,204.934,293.5072
72.42,-1.1714,4.2129,-9.8936,56.4912,205.2915,294.1439
72.43999,-1.0156,3.6232,-9.3833,58.81,206.131,295.4076
72.46,-0.7131,2.279,-8.0575,64.1821,209.7307,299.6963
72.48,-0.5791,1.5503,-7.2298,67.22,212.8062,302.5021
72.5,-0.4612,0.814,-6.2904,70.2817,217.3854,306.3762
72.52,-0.3589,0.0953,-5.2491,73.2,224.1805,312.2503
72.54,-0.2703,-0.575,-4.1157,75.6856,234.2963,321.5723
72.56,-0.1574,-1.7035,-1.6032,78.3783,266.8215,351.9694
72.58,-0.1279,-2.1276,-0.2463,78.1026,285.8147,8.8144
72.6,-0.1259,-2.4511,1.1494,76.693,301.9881,22.778
72.62,-0.0954,-2.6542,2.4989,74.5581,313.8067,32.9998
72.64,-0.0847,-2.7528,3.833,71.938,321.8059,40.0951
72.66,-0.0505,-2.5898,6.4597,66.0108,333.1564,49.1887
72.68,-0.0301,-2.3361,7.626,63.1498,337.1268,51.5994
72.7,0.0072,-2.0186,8.757,60.2212,340.1507,53.7276
72.72,0.0358,-1.6307,9.8145,57.2739,342.3195,55.7933
72.74,0.0917,-1.2085,10.7766,54.452,344.2179,57.4611
72.76,0.2241,-0.2017,12.4881,49.0094,347.6051,59.8784
72.78,0.304,0.3267,13.2238,46.475,349.0999,60.4763
72.8,0.3944,0.8431,13.8747,44.1376,350.5276,60.884
72.82,0.4668,1.3561,14.4614,41.883,351.7905,61.0986
72.84,0.5243,1.8201,14.9684,39.9093,352.7492,61.23
72.86,0.6294,2.598,15.7143,36.7291,354.1023,61.5134
72.88,0.6482,2.9033,15.9789,35.5185,354.5484,61.3754
72.9,0.6475,3.1522,16.1789,34.5924,354.8701,61.177
72.92,0.691,3.3058,16.2728,34.0412,355.1718,61.0517
72.93999,0.6923,3.3322,16.3041,33.8955,355.2187,60.8645
72.96,0.63,3.2509,16.2291,34.1499,354.9496,60.2717
72.98,0.569,3.0327,16.0522,34.8834,354.6129,59.7776
73,0.5048,2.7388,15.8063,35.9828,354.1297,59.2629
73.02,0.4182,2.389,15.4856,37.4039,353.5485,58.7544
73.04,0.3259,1.956,15.0724,39.1914,352.7596,58.3395
73.06,0.1125,0.9735,13.9717,43.5523,350.3391,58.2166
73.08,0.0134,0.4429,13.2748,46.0857,348.8317,58.2286
73.1,-0.153,-0.1167,12.5282,48.87,346.8787,58.0226
73.12,-0.1994,-0.6458,11.6179,51.8707,345.0522,57.8186
73.14,-0.2936,-1.1615,10.6422,55.0469,342.5966,57.3097
73.16,-0.4119,-1.9419,8.4241,61.544,336.3824,55.0777
73.18,-0.4342,-2.1729,7.1934,64.7676,332.2878,53.0724
73.2,-0.4278,-2.3024,5.8944,67.9248,327.0602,49.9149
73.22,-0.4398,-2.3162,4.5777,70.8397,320.3767,45.1847
73.24,-0.4282,-2.2395,3.2238,73.5336,311.6255,37.9427
73.26,-0.3813,-1.7903,0.5278,77.3379,285.7346,14.1822
73.28,-0.3651,-1.445,-0.7858,77.8495,268.7931,358.0312
73.3,-0.3591,-1.0335,-2.0547,77.2631,252.2065,341.8825
73.32,-0.356,-0.5646,-3.2624,75.8423,238.3297,328.147
73.34,-0.3639,-0.0547,-4.4087,73.7084,227.933,317.9685
73.36,-0.3989,1.0769,-6.4327,68.7371,215.2458,305.3635
73.38,-0.4215,1.6666,-7.2987,66.233,211.4109,301.3643
73.4,-0.4464,2.2463,-8.0664,63.8139,208.5238,298.2105
73.42,-0.4721,2.802,-8.7376,61.5202,206.4219,295.9418
73.43999,-0.4922,3.332,-9.3106,59.4117,204.8872,294.3691
73.46,-0.527,4.2378,-10.1523,55.9911,202.6847,291.7257
73.48,-0.5394,4.588,-10.4324,54.7345,201.856,290.5085
73.5,-0.5447,4.8604,-10.6262,53.8265,201.135,289.3636
73.52,-0.5458,5.0434,-10.7417,53.2191,200.5936,288.4755
73.54,-0.5427,5.1344,-10.7814,52.9373,200.2221,287.8667
73.56,-0.5265,5.0437,-10.6526,53.3553,200.0427,287.55
73.58,-0.5121,4.839,-10.4584,54.14,200.2591,287.839
73.6,-0.4977,4.551,-10.1957,55.2752,200.7512,288.5543
73.62,-0.4774,4.1772,-9.8569,56.7433,201.454,289.3628
73.64,-0.4576,3.716,-9.4317,58.5563,202.3616,290.1862
73.66,-0.4034,2.5732,-8.2975,63.1314,205.5292,293.0679
73.68,-0.391,1.9625,-7.627,65.496,208.0236,295.5536
73.7,-0.3723,1.3164,-6.828,68.1156,211.6869,299.229
73.72,-0.3558,0.6714,-5.9341,70.6293,216.8836,304.3982
73.74,-0.3472,0.0412,-4.9347,73.0767,224.0009,311.1474
73.76,-0.3478,-1.0849,-2.6666,77.0673,246.6887,331.9537
73.78,-0.3616,-1.5561,-1.4375,77.9225,262.6773,346.8281
73.8,-0.3742,-1.928,-0.1641,77.7347,279.9171,3.1227
73.82,-0.3998,-2.2227,1.1281,76.4745,294.8914,17.2697
73.84,-0.4314,-2.4038,2.4351,74.4748,306.8594,28.3271
73.86,-0.4684,-2.3891,5.0296,69.1963,323.3709,42.5318
73.88,-0.4773,-2.2357,6.2833,66.1985,328.7311,46.8253
73.9,-0.4631,-1.993,7.483,63.1017,332.9377,50.0826
73.92,-0.4351,-1.66,8.6369,59.9577,336.4489,52.4823
73.93999,-0.3756,-1.2245,9.7299,56.75,339.4472,54.554
73.96,-0.2145,-0.2301,11.6697,50.6338,344.1636,57.8424
73.98,-0.1077,0.3323,12.5187,47.6543,345.9939,59.4984
74,0.0137,0.9233,13.2874,44.7879,347.6666,61.0287
74.02,0.1511,1.5611,13.9664,41.9428,349.1792,62.8209
74.04,0.2936,2.209,14.5654,39.2247,350.5382,64.5453
74.06,0.5779,3.4659,15.547,34.4332,352.5292,67.9963
74.08,0.7398,4.0611,15.9511,32.3099,353.4061,69.294
74.1,0.8929,4.5712,16.3161,30.4314,354.2611,70.3084
74.12,1.0318,5.0066,16.6409,28.7415,355.2184,70.7462
74.14,1.1771,5.3698,16.9264,27.2942,356.2726,70.4831
74.16,1.392,5.8656,17.3547,25.2502,358.0885,68.3983
74.18,1.4857,5.9989,17.4697,24.703,358.7745,67.4239
74.2,1.5486,5.997,17.5036,24.5897,359.17,66.8218
74.22,1.5767,5.9109,17.4781,24.8792,359.2301,66.6289
74.24,1.5793,5.7311,17.3817,25.4824,359.0464,66.6424
74.26,1.5308,5.0174,16.954,28.0153,358.1638,67.1028
74.28,1.5008,4.5218,16.6344,29.7613,357.6733,67.3766
74.3,1.4547,3.9626,16.234,31.8086,357.0848,67.6768
74.32,1.3724,3.3361,15.7629,34.1765,356.3353,67.8072
74.34,1.2871,2.6576,15.1975,36.9114,355.4519,67.8948
74.36,1.0307,1.1698,13.7672,43.2854,352.7258,68.2932
74.38,0.8831,0.4289,12.887,46.929,350.4978,68.2515
74.4,0.742,-0.2532,11.8955,50.6823,348.2572,67.8742
74.42,0.5839,-0.8756,10.8043,54.6349,345.4676,66.9557
74.43999,0.4389,-1.3872,9.6114,58.5258,342.4066,65.7881
74.46,0.1757,-2.0318,6.9462,66.1927,333.6729,60.697
74.48,0.0517,-2.1528,5.5319,69.751,327.3024,55.7436
74.5,-0.0661,-2.1556,4.0963,72.988,318.896,48.3222
74.52,-0.1847,-2.0582,2.6541,75.6584,307.307,37.5039
74.54,-0.311,-1.8497,1.2345,77.4533,291.8998,22.5792
74.56,-0.5989,-1.143,-1.4501,77.5499,256.8938,347.2325
74.58,-0.7523,-0.6835,-2.7002,75.9458,242.9593,333.024
74.6,-0.9101,-0.1701,-3.8704,73.7131,233.0781,322.9514
74.62,-1.0712,0.3914,-4.9386,71.2145,226.2792,315.8866
74.64,-1.2225,0.9788,-5.9081,68.6761,221.4277,310.5239
74.66,-1.5124,2.1759,-7.5757,63.5893,215.3537,303.7348
74.68,-1.6116,2.7217,-8.2178,61.4663,213.5954,301.7011
74.7,-1.7122,3.2519,-8.7925,59.401,212.1511,299.9419
74.72,-1.7994,3.7341,-9.276,57.5541,211.0251,298.5032
74.74,-1.8724,4.1586,-9.6753,55.9201,210.1706,297.4427
74.76,-1.9769,4.8001,-10.2194,53.4248,209.254,296.6343
74.78,-2.0121,4.9955,-10.357,53.3124,208.6525,295.7441
74.8,-2.0328,5.1098,-10.4048,53.2656,208.2256,295.2263
74.82,-2.0402,5.1384,-10.3727,53.1722,208.3961,295.6153
74.84,-2.035,5.0834,-10.2738,53.3811,208.6055,296.0681
74.86,-1.988,4.6629,-9.811,55.0633,209.9443,298.5726
74.88,-1.9482,4.3252,-9.465,56.3946,210.9625,300.2639
74.9,-1.8986,3.908,-9.028,57.9918,212.4545,302.6139
74.92,-1.8405,3.4181,-8.4918,59.9089,214.4225,305.3994
74.93999,-1.7766,2.8653,-7.8512,62.1307,216.9319,308.4141
74.96,-1.6345,1.6255,-6.2552,67.0188,224.7403,316.6977
74.98,-1.5548,0.9774,-5.3014,69.4655,230.8543,322.9637
75,-1.4724,0.3375,-4.2471,71.7037,239.1344,331.2523
75.02,-1.3869,-0.2669,-3.0905,73.5166,250.101,341.9388
75.04,-1.3046,-0.81,-1.8377,74.5215,263.535,354.7501
75.06,-1.1185,-1.6442,0.8743,73.8103,292.4709,21.3272
75.08,-1.0108,-1.9184,2.2768,72.1211,304.4355,32.2776
75.1,-0.8898,-2.076,3.6809,69.8798,313.9303,40.8231
75.12,-0.7609,-2.1259,5.0768,67.3534,321.6491,47.1803
75.14,-0.6154,-2.0644,6.4418,64.66,328.1948,51.9011
75.16,-0.2602,-1.6563,9.0003,58.9619,338.2325,57.5962
75.18,-0.0576,-1.331,10.1642,56.0732,341.9034,59.4612
75.2,0.146,-0.9571,11.2418,53.2639,344.8826,60.9223
75.22,0.3457,-0.533,12.2329,50.538,347.4454,62.0685
75.24,0.546,-0.044,13.1328,47.8661,349.7778,62.9953
75.25999,0.9563,0.989,14.6281,42.9722,353.8929,63.8626
75.28,1.1394,1.4689,15.2218,40.8419,355.4461,63.9579
75.3,1.271,1.9432,15.7531,38.8434,356.606,64.1789
75.32,1.4167,2.4229,16.1872,36.9549,357.6271,64.5148
75.34,1.5253,2.7971,16.5332,35.4074,358.4014,64.5452
75.36,1.6946,3.4036,16.9911,33.0098,359.6234,64.2298
75.38,1.7583,3.5656,17.1115,32.3435,0.0206,63.8111
75.4,1.7257,3.6664,17.189,31.9146,0.053,63.2151
75.42,1.7197,3.6727,17.1808,31.8761,0.0842,62.6231
75.43999,1.7,3.5918,17.1165,32.2051,0.0599,61.95
75.46,1.5778,3.0919,16.7188,34.0513,359.5011,60.7655
75.48,1.4854,2.7382,16.4192,35.4811,358.9987,60.271
75.5,1.4058,2.28,16.0212,37.3155,358.4709,59.7833
75.52,1.2996,1.77,15.536,39.4423,357.7298,59.5187
75.54,1.1836,1.2087,14.9639,41.8658,356.8011,59.3795
75.56,0.8091,0.0437,13.5472,47.4485,353.7378,59.2516
75.58,0.5941,-0.5466,12.6758,50.567,351.4211,59.4669
75.6,0.4171,-1.0442,11.6868,53.7473,348.9918,59.7546
75.62,0.2319,-1.493,10.598,57.0596,346.0156,59.4552
75.64,0.0376,-1.8624,9.419,60.4067,342.2875,58.5903
75.66,-0.2978,-2.2394,6.7624,67.0501,332.2033,54.0003
75.68,-0.4241,-2.268,5.4382,69.9163,325.7525,49.628
75.7,-0.5747,-2.1907,4.0365,72.564,316.5982,42.7529
75.72,-0.7196,-1.9947,2.6236,74.6211,304.8477,33.0224
75.74,-0.8501,-1.6894,1.2128,75.9773,290.6177,20.3147
75.75999,-1.1016,-0.8307,-1.517,75.5854,259.0155,350.9204
75.78,-1.2242,-0.2903,-2.7901,73.9352,246.1403,338.9072
75.8,-1.3297,0.3123,-3.9885,71.7377,236.2757,329.5262
75.82,-1.4287,0.9542,-5.0881,69.2931,228.9083,322.2588
75.84,-1.5136,1.6104,-6.0953,66.7168,223.2981,316.5002
75.86,-1.6305,2.9073,-7.821,61.5354,215.7019,308.6522
75.88,-1.6618,3.5166,-8.5253,59.1671,213.0804,305.8304
75.9,-1.6735,4.0813,-9.1306,57.0078,210.9696,303.4792
75.92,-1.6695,4.5896,-9.631,55.0756,209.3364,301.8223
75.93999,-1.65,5.0277,-10.0299,53.4407,208.0833,300.6639
75.96,-1.5781,5.6414,-10.5355,52.8036,205.3779,297.7867
75.98,-1.53,5.8094,-10.6484,52.1315,204.8801,297.4047
76,-1.4738,5.8734,-10.6817,51.8403,204.3277,296.9464
76.02,-1.4161,5.8378,-10.6359,51.9137,204.1192,296.9225
76.04,-1.3556,5.7043,-10.5173,52.4532,204.0277,296.9316
76.06,-1.21,5.0779,-9.9783,55.1236,204.4957,297.5569
76.08,-1.1347,4.6357,-9.5888,56.8917,205.2019,298.4509
76.1,-1.056,4.117,-9.105,58.9322,206.4109,300.0902
76.12,-0.9763,3.5301,-8.5239,61.2112,208.1818,302.3705
76.14,-0.8947,2.8928,-7.8405,63.7022,210.685,305.4069
76.16,-0.7317,1.5329,-6.1597,68.8731,219.4632,315.6515
76.18,-0.6523,0.844,-5.1592,71.3755,226.6744,323.7312
76.2,-0.5816,0.173,-4.0459,73.7162,236.4282,333.7325
76.22,-0.5181,-0.4519,-2.8286,75.5566,249.4931,346.3864
76.24,-0.4709,-1.007,-1.5119,76.4497,265.599,1.5473
76.25999,-0.3823,-1.8256,1.2951,74.9504,298.1311,31.1837
76.28,-0.3477,-2.0588,2.7562,72.73,310.2704,41.9388
76.3,-0.2918,-2.1816,4.2009,70.02,319.3661,49.5555
76.32,-0.2357,-2.1801,5.6324,67.0075,326.3016,54.7643
76.34,-0.1385,-2.036,7.0241,63.7976,332.1956,58.6367
76.36,0.0341,-1.492,9.6291,57.2576,340.1397,62.7851
76.38,0.1681,-1.0555,10.815,53.9919,343.3448,64.1148
76.4,0.3038,-0.5773,11.9165,50.8017,346.0722,64.834
76.42,0.4488,-0.0502,12.9148,47.7634,348.4738,65.1006
76.43999,0.6281,0.5345,13.8019,44.8404,350.7315,65.2056
76.46,0.8754,1.7241,15.3143,39.4448,353.9139,64.883
76.48,0.9628,2.323,15.9359,37.0031,355.0031,64.776
76.5,1.1053,2.8941,16.4157,34.7903,356.0999,64.7357
76.52,1.2049,3.4054,16.8084,32.9007,356.9573,64.6654
76.54,1.2695,3.8819,17.1513,31.1846,357.5759,64.5831
76.56,1.3616,4.5787,17.567,28.7056,358.4257,64.2187
76.58,1.4001,4.8102,17.657,27.9372,358.6723,63.9564
76.6,1.3729,4.9626,17.725,27.4132,358.7154,63.616
76.62,1.3829,4.9971,17.6953,27.3285,358.7719,63.277
76.64,1.3658,4.9456,17.6251,27.5296,358.668,63.03
76.66,1.2579,4.4725,17.2727,29.1977,357.9821,62.7809
76.68,1.2112,4.0595,16.9921,30.6715,357.4977,62.6191
76.7,1.1483,3.6217,16.6555,32.2554,356.9126,62.6548
76.72,1.0473,3.074,16.2355,34.2945,356.0541,62.913
76.74,0.9234,2.4446,15.7279,36.7088,354.8687,63.3353
76.75999,0.6842,1.1047,14.4032,42.3258,351.9192,64.3358
76.78,0.5467,0.4109,13.5574,45.6415,349.9122,64.6312
76.8,0.3953,-0.2196,12.6177,48.9886,347.623,64.7201
76.82,0.263,-0.7752,11.5629,52.4492,345.0137,64.635
76.84,0.1416,-1.3089,10.3564,56.1872,341.6879,64.0424
76.86,-0.0871,-2.008,7.7472,63.4755,333.2158,60.2508
76.88,-0.1537,-2.1653,6.3378,66.9401,327.7979,56.596
76.9,-0.2252,-2.2127,4.8905,70.1951,320.6838,51.0855
76.92,-0.2761,-2.1361,3.4156,73.0665,311.4279,43.1349
76.93999,-0.3208,-1.9496,1.9297,75.3655,299.1544,31.6196
76.96,-0.4625,-1.2787,-0.9007,77.0064,266.6076,359.6411
76.98,-0.5287,-0.8111,-2.2482,76.1274,250.6845,343.8569
77,-0.6091,-0.2845,-3.5224,74.3468,237.8818,330.9055
77.02,-0.6892,0.2931,-4.7108,72.0719,228.2994,320.8608
77.04,-0.7735,0.8925,-5.8084,69.491,221.3498,313.3355
77.06,-0.9195,2.1338,-7.685,64.1661,212.9674,304.1802
77.08,-0.9828,2.7434,-8.4484,61.7232,210.3031,300.8879
77.1,-1.0362,3.3309,-9.0943,59.4772,208.3305,298.3782
77.12,-1.0769,3.8818,-9.6339,57.4339,206.8727,296.5726
77.14,-1.1061,4.3784,-10.0692,55.6612,205.724,295.0968
77.16,-1.1308,5.165,-10.6598,53.0225,204.0161,292.7922
77.18,-1.1268,5.4362,-10.8302,52.145,203.3892,292.0613
77.2,-1.1127,5.6193,-10.9271,51.5587,202.9501,291.7161
77.22,-1.09,5.706,-10.9489,51.2963,202.6671,291.6753
77.24,-1.0616,5.6939,-10.8978,51.3968,202.5176,291.7788
77.25999,-0.987,5.358,-10.5564,52.8082,202.6267,292.4029
77.28,-0.9429,5.0456,-10.2707,54.0438,203.0004,293.1205
77.3,-0.8959,4.642,-9.9059,55.5952,203.6301,294.1162
77.32,-0.8464,4.156,-9.4543,57.4764,204.5365,295.3488
77.34,-0.7961,3.5961,-8.9116,59.6739,205.814,296.8081
77.36,-0.705,2.3091,-7.5159,64.8421,210.1113,300.949
77.38,-0.6621,1.6244,-6.6554,67.6573,213.7723,304.511
77.4,-0.6198,0.938,-5.6875,70.4964,219.1193,309.8019
77.42,-0.5857,0.2657,-4.6035,73.234,226.895,317.3697
77.43999,-0.5581,-0.3693,-3.4115,75.5929,238.1298,327.9897
77.46,-0.5285,-1.4487,-0.7554,77.7539,272.0292,359.5515
77.48,-0.5174,-1.8479,0.665,76.9542,290.4479,16.6239
77.5,-0.509,-2.1329,2.1201,74.9841,305.249,30.2133
77.52,-0.4934,-2.2951,3.5801,72.3186,316.0124,39.85
77.54,-0.4629,-2.3312,5.0252,69.2894,323.9154,46.5998
77.56,-0.3494,-2.0526,7.7896,62.8359,334.7182,54.5985
77.58,-0.2601,-1.7534,9.0825,59.5935,338.9203,56.7929
77.6,-0.154,-1.3457,10.3047,56.3177,342.5311,58.1958
77.62,-0.0251,-0.8663,11.4365,53.0769,345.5923,59.0117
77.64,0.1087,-0.3285,12.4706,49.9169,348.1376,59.4395
77.66,0.4171,0.9323,14.3141,43.6036,352.3907,59.5734
77.68,0.5301,1.4812,15.01,41.0868,353.8293,59.2273
77.7,0.6521,2.1044,15.6689,38.4404,355.1651,58.9795
77.72,0.7585,2.7115,16.2264,36.0358,356.2525,58.7372
77.74,0.8666,3.2753,16.6819,33.8844,357.1708,58.4691
77.75999,0.989,4.2337,17.3466,30.3815,358.2224,58.1981
77.78,1.0515,4.5876,17.544,29.0917,358.546,58.2929
77.8,1.0727,4.8838,17.688,28.0747,358.6331,58.5635
77.82,1.0698,5.042,17.7516,27.5218,358.5483,58.8411
77.84,1.0677,5.111,17.7396,27.3415,358.429,59.064
77.86,1.0328,4.9956,17.5446,27.9988,358.0277,59.7559
77.88,0.974,4.7338,17.3118,28.9941,357.5349,60.2113
77.9,0.9084,4.3868,17.0312,30.3181,356.9151,60.7635
77.92,0.8054,3.9672,16.6879,31.9355,356.05,61.4153
77.93999,0.7311,3.4762,16.251,33.837,355.1139,62.3759
77.96,0.5246,2.283,15.0935,38.6256,352.3725,64.6578
77.98,0.3982,1.6523,14.367,41.4227,350.5107,65.7921
78,0.276,1.0233,13.5404,44.5005,348.4214,66.7894
78.02,0.1722,0.4184,12.6037,47.8178,346.2607,67.2946
78.04,0.0637,-0.1415,11.5757,51.2579,343.8687,67.294
78.06,-0.0623,-1.0701,9.2302,58.4538,338.3206,65.5215
78.08,-0.1084,-1.4016,7.9496,62.0445,334.6829,63.5392
78.1,-0.1482,-1.6533,6.604,65.5775,329.9439,60.3045
78.12,-0.1659,-1.7737,5.2209,68.9879,324.3028,55.459
78.14,-0.1561,-1.786,3.79,72.2148,316.8793,48.4775
78.16,-0.1526,-1.4659,0.9422,77.0676,292.7108,25.1967
78.18,-0.1498,-1.1523,-0.4468,78.1976,275.2816,7.869
78.2,-0.1566,-0.749,-1.7787,78.1143,256.8452,349.3272
78.22,-0.1728,-0.2837,-3.0406,76.9458,240.7254,332.7479
78.24,-0.1885,0.2122,-4.2432,74.9351,228.2397,319.6437
78.25999,-0.24,1.3006,-6.3707,69.7921,213.9621,304.8074
78.28,-0.2757,1.8676,-7.2718,67.2013,209.8846,300.1993
78.3,-0.3147,2.4285,-8.0631,64.7502,206.9576,296.5761
78.32,-0.3571,2.9628,-8.7493,62.4488,204.8929,293.8937
78.34,-0.3983,3.4621,-9.3346,60.365,203.4608,291.9922
78.36,-0.4766,4.2967,-10.1966,57.0569,201.6205,288.9968
78.38,-0.511,4.6123,-10.4833,55.8622,201.0586,287.883
78.4,-0.5405,4.8521,-10.6812,54.9756,200.7376,287.2148
78.42,-0.5634,5.0103,-10.7946,54.4152,200.583,286.8015
78.43999,-0.5838,5.0805,-10.8187,54.2011,200.5809,286.7056
78.46,-0.6026,4.9668,-10.6606,54.6997,200.942,287.1513
78.48,-0.6074,4.7459,-10.44,55.552,201.3971,287.7594
78.5,-0.6069,4.4528,-10.1598,56.6681,202.0508,288.7092
78.52,-0.6035,4.0748,-9.8047,58.0627,203.051,290.1421
78.54,-0.5985,3.6247,-9.3625,59.7596,204.449,292.0699
78.56,-0.594,2.5471,-8.1909,63.9265,208.96,297.6328
78.58,-0.5964,1.953,-7.4514,66.206,212.6309,301.8575
78.6,-0.6053,1.3441,-6.602,68.687,217.565,307.24
78.62,-0.6197,0.7348,-5.6472,71.0164,224.1641,314.1407
78.64,-0.6427,0.1485,-4.584,73.1336,233.073,323.1905
78.66,-0.6941,-0.8948,-2.1113,75.5894,260.59,350.6067
78.68,-0.7404,-1.2749,-0.8322,75.4046,275.7148,5.3128
78.7,-0.7764,-1.5815,0.5621,74.1936,290.6668,19.4311
78.72,-0.8046,-1.7852,1.9982,72.2053,303.3642,30.8288
78.74,-0.8227,-1.8889,3.4444,69.6115,313.0751,39.2643
78.75999,-0.7865,-1.7787,6.2738,63.5103,326.2801,49.8174
78.78,-0.7267,-1.5591,7.6215,60.3033,331.2003,52.8731
78.8,-0.6196,-1.2559,8.892,57.1449,335.4891,54.8754
78.82,-0.5217,-0.8705,10.1071,53.9916,339.0674,56.2376
78.84,-0.3703,-0.4288,11.2027,51.0112,342.0757,57.4677
78.86,-0.0502,0.6046,13.1052,45.3302,346.6729,59.5674
78.88,0.1079,1.1317,13.892,42.7507,348.3307,60.2732
78.9,0.2702,1.7047,14.5952,40.258,350.0607,60.9895
78.92,0.4228,2.2496,15.2026,37.9719,351.5353,61.4252
78.93999,0.5607,2.7581,15.7133,35.9581,352.7834,61.6721
78.96,0.7961,3.6541,16.4823,32.525,354.6899,61.7344
78.98,0.8578,4.0366,16.7667,31.1312,355.3121,61.7343
79,0.916,4.3318,16.9638,30.0501,355.778,61.6634
79.02,0.9806,4.5493,17.0706,29.2782,356.1689,61.5214
79.04,0.9875,4.6721,17.1301,28.8424,356.2974,61.2709
79.06,0.9568,4.648,17.0643,28.8956,356.1612,60.7138
79.08,0.9476,4.5198,16.9274,29.3142,355.9905,60.3929
79.1,0.9113,4.2699,16.7085,30.1961,355.6997,59.9574
79.12,0.8396,3.9144,16.4319,31.4664,355.1864,59.5201
79.14,0.7379,3.4855,16.0991,33.0071,354.428,59.1614
79.16,0.5261,2.4023,15.1506,37.227,352.4573,58.8543
79.18,0.4081,1.7753,14.5459,39.7855,351.2215,58.6297
79.2,0.2939,1.1443,13.8615,42.6284,349.9637,58.238
79.22,0.1733,0.4664,13.0711,45.8257,348.5273,57.702
79.24,0.0262,-0.2125,12.1974,49.2199,346.7177,57.1365
79.25999,-0.1613,-1.4177,10.1165,56.5211,342.3706,55.6825
79.28,-0.2662,-1.9253,8.953,60.3104,338.9586,54.3263
79.3,-0.3265,-2.2961,7.6906,64.0009,335.2081,52.5402
79.32,-0.3808,-2.5465,6.3546,67.6402,330.2632,49.4968
79.34,-0.4034,-2.6321,4.9847,71.0213,324.0209,45.0218
79.36,-0.4588,-2.4702,2.1801,76.438,302.8916,26.852
79.38,-0.4894,-2.1976,0.8049,77.9629,287.6117,12.5356
79.4,-0.5337,-1.8479,-0.5321,78.4583,269.9576,355.2937
79.42,-0.5975,-1.4353,-1.8109,77.8085,253.042,338.6381
79.43999,-0.6576,-0.9724,-3.0536,76.1205,239.2266,325.2243
79.46,-0.7971,0.0917,-5.2707,71.5991,222.1934,308.1535
79.48,-0.8711,0.656,-6.2444,69.1193,217.1431,302.91
79.5,-0.9438,1.2264,-7.1196,66.6832,213.4495,298.9359
79.52,-1.0143,1.7919,-7.8863,64.3911,210.6791,295.8518
79.54,-1.0793,2.337,-8.5528,62.2032,208.6378,293.5109
79.56,-1.1925,3.3043,-9.5775,58.482,205.8689,290.0027
79.58,-1.2394,3.701,-9.9426,57.0245,204.918,288.683
79.6,-1.2771,4.0282,-10.2185,55.8382,204.1992,287.6356
79.62,-1.3062,4.278,-10.4055,54.9613,203.6656,286.8677
79.64,-1.3265,4.4456,-10.5121,54.359,203.3834,286.576
79.66,-1.3406,4.5164,-10.4778,54.1712,203.3739,286.9901
79.68,-1.3366,4.4216,-10.357,54.5675,203.5905,287.458
79.7,-1.3247,4.2041,-10.1186,55.4607,204.0638,288.2829
79.72,-1.3068,3.9106,-9.8167,56.6255,204.7383,289.2991
79.74,-1.2845,3.533,-9.4295,58.0994,205.7194,290.7056
79.75999,-1.226,2.5623,-8.3803,61.9667,209.0018,294.8297
79.78,-1.1896,1.9925,-7.7114,64.2864,211.6045,297.7087
79.8,-1.155,1.3885,-6.9317,66.7406,215.2025,301.486
79.82,-1.1216,0.7657,-6.0447,69.2583,220.1464,306.4828
79.84,-1.0863,0.1414,-5.0567,71.7076,226.8836,313.0338
79.86,-1.018,-1.0234,-2.7693,75.8003,248.6375,333.4397
79.88,-0.9806,-1.5196,-1.4868,76.9544,264.4751,347.6862
79.9,-0.9458,-1.9421,-0.137,77.0232,281.8839,3.166
79.92,-0.9024,-2.2719,1.2365,75.9316,297.5341,17.2118
79.93999,-0.8516,-2.4835,2.6383,73.919,310.1045,28.5696
79.96,-0.7079,-2.5901,5.4057,68.6869,326.7226,42.5155
79.98,-0.6077,-2.4812,6.7343,65.7702,332.3873,46.786
80,-0.493,-2.2505,8.0226,62.7287,337.0057,49.9454
80.02,-0.3593,-1.9355,9.2332,59.6906,340.6108,52.4566
80.04,-0.2047,-1.5281,10.36,56.6358,343.3966,54.9713
80.06,0.1246,-0.5232,12.3552,50.6983,347.4026,59.8606
80.08,0.2979,0.0279,13.2242,47.917,349.022,62.017
80.1,0.4759,0.6058,14.0176,45.2179,350.6123,63.827
80.12,0.6562,1.1916,14.7307,42.6487,352.2104,65.2308
80.14,0.819,1.7526,15.3666,40.2751,353.6033,66.0816
80.16,1.0887,2.804,16.3979,35.9765,355.8796,67.0201
80.18,1.1891,3.2823,16.7874,34.1328,356.6729,67.3404
80.2,1.2735,3.6914,17.0844,32.6004,357.2841,67.4395
80.22,1.3397,4.04,17.3169,31.3489,357.8099,67.2659
80.24,1.3643,4.2661,17.4778,30.5205,358.178,66.7277
80.25999,1.403,4.4607,17.5763,29.8698,358.6853,65.7061
80.28,1.3674,4.372,17.5431,30.2146,358.6241,65.3716
80.3,1.338,4.1928,17.4373,30.8772,358.5116,65.1464
80.32,1.2874,3.8431,17.2222,32.1284,358.2913,65.0078
80.34,1.1918,3.4385,16.9686,33.6019,357.904,64.8384
80.36,0.9921,2.3934,16.1721,37.7246,356.7351,64.8076
80.38,0.8762,1.7961,15.6373,40.2297,355.8447,65.1655
80.4,0.7204,1.1497,15.0106,43.0282,354.5372,65.5936
80.42,0.557,0.5128,14.2854,46.036,353.0286,65.9895
80.43999,0.4031,-0.1065,13.4577,49.2136,351.2599,66.1854
80.46,0.0758,-1.1946,11.523,55.8457,346.6073,65.9681
80.48,-0.0627,-1.6322,10.4072,59.2414,343.5505,65.2925
80.5,-0.2034,-1.9877,9.2312,62.5582,339.9275,63.9214
80.52,-0.3278,-2.2602,7.9856,65.8062,335.4324,61.6068
80.54,-0.431,-2.4091,6.6787,68.8692,329.6501,58.1293
80.56,-0.6161,-2.3512,3.9416,73.948,311.6147,44.5559
80.58,-0.7068,-2.149,2.5581,75.6555,298.9117,33.2867
80.6,-0.79,-1.8248,1.1844,76.6122,284.143,19.3466
80.62,-0.8691,-1.4122,-0.1677,76.5965,268.4003,4.2792
80.64,-0.9392,-0.9268,-1.4835,75.669,253.6501,350.1391
80.66,-1.0635,0.1904,-3.9955,71.783,231.1831,327.7975
80.68,-1.0808,0.7612,-5.0761,69.4865,224.1007,320.3694
80.7,-1.1048,1.3593,-6.1245,66.858,218.3948,314.3381
80.72,-1.1177,1.9647,-7.0791,64.1832,214.1118,309.8221
80.74,-1.1208,2.5642,-7.9256,61.6001,210.9419,306.4665
80.75999,-1.1076,3.6975,-9.263,57.2008,206.5962,301.2027
80.78,-1.0922,4.1988,-9.7728,55.3728,205.0575,299.0977
80.8,-1.0708,4.6394,-10.1897,53.77,203.8401,297.4669
80.82,-1.0444,5.0077,-10.5207,52.4231,202.9126,296.2951
80.84,-1.0122,5.293,-10.7683,51.3742,202.2147,295.4634
80.86,-0.94,5.5849,-11.0065,50.3416,201.2816,294.2775
80.88,-0.9013,5.586,-11.0009,50.3862,201.0941,294.0736
80.9,-0.8619,5.497,-10.9226,50.7794,201.0555,294.0558
80.92,-0.8151,5.2903,-10.7467,51.6023,201.187,294.241
80.93999,-0.7697,4.9913,-10.4923,52.7841,201.5125,294.656
80.96,-0.6816,4.1314,-9.7424,56.1382,202.8442,296.0433
80.98,-0.6407,3.5869,-9.2311,58.2688,204.0497,297.3358
81,-0.6023,2.9847,-8.6201,60.6566,205.8525,299.2726
81.02,-0.5722,2.3357,-7.8932,63.3157,208.4125,301.8101
81.04,-0.5512,1.6571,-7.0479,66.159,212.0353,305.1661
81.06,-0.5334,0.2901,-5.0122,71.8537,224.3278,316.2482
81.08,-0.5378,-0.3588,-3.8337,74.3083,234.5835,325.6487
81.1,-0.551,-0.9542,-2.5574,76.1255,248.6664,338.5336
81.12,-0.5772,-1.466,-1.1869,76.9916,266.3059,354.3448
81.14,-0.6019,-1.8837,0.2423,76.5792,284.8747,10.5623
81.16,-0.6412,-2.3593,3.1663,72.4894,312.0203,33.7269
81.18,-0.6389,-2.4064,4.5933,69.5612,320.1687,40.7693
81.2,-0.5993,-2.3129,5.9728,66.5144,326.5962,45.921
81.22,-0.5553,-2.0984,7.3065,63.3518,331.6381,49.6477
81.24,-0.4817,-1.7954,8.5547,60.2416,335.756,52.4058
81.25999,-0.2608,-0.9201,10.8404,54.0459,342.5349,55.8016
81.28,-0.1111,-0.4032,11.8585,51.0353,345.321,56.8301
81.3,0.0389,0.1474,12.7946,48.1019,347.6527,57.7088
81.32,0.2294,0.7014,13.622,45.3187,349.793,58.2854
81.34,0.4191,1.2768,14.3752,42.656,351.7335,58.6108
81.36,0.7386,2.3876,15.6225,37.8221,354.7806,58.4266
81.38,0.893,2.9431,16.1174,35.6352,356.1168,58.0444
81.4,1.0691,3.4467,16.5086,33.7154,357.3853,57.5364
81.42,1.1866,3.8505,16.8328,32.1869,358.2271,56.8426
81.43999,1.2902,4.2246,17.0872,30.7934,358.9287,56.262
81.46,1.4391,4.6807,17.3772,29.031,359.7305,55.4023
81.48,1.5118,4.7703,17.4034,28.6639,0.0374,54.9416
81.5,1.493,4.7535,17.4006,28.6818,359.9498,54.4972
81.52,1.5449,4.6636,17.3024,28.9948,0.0149,54.4624
81.54,1.5551,4.4356,17.1187,29.7451,359.7935,54.6177
81.56,1.4753,3.6916,16.5565,32.4978,358.711,55.5143
81.58,1.3999,3.1846,16.1631,34.399,357.8716,56.1335
81.6,1.3417,2.6338,15.6776,36.5483,357.0598,56.9859
81.62,1.223,2.0074,15.1085,39.1209,355.8232,57.8125
81.64,1.1028,1.3625,14.4373,41.9116,354.3816,58.8371
81.66,0.8429,0.0201,12.7466,48.4492,350.6433,60.6067
81.68,0.701,-0.6065,11.8222,51.8228,348.3628,61.0053
81.7,0.5654,-1.1789,10.7612,55.4288,345.7227,61.2235
81.72,0.4582,-1.6831,9.5933,59.1102,342.6345,60.6963
81.74,0.341,-2.0861,8.3547,62.8049,338.8483,59.2479
81.75999,0.1503,-2.5263,5.6864,69.9043,328.1343,52.6386
81.78,0.0643,-2.5326,4.2979,72.9825,320.1252,46.34
81.8,-0.033,-2.3977,2.9011,75.5249,309.2373,36.8627
81.82,-0.1489,-2.1594,1.5158,77.2121,294.6272,23.6578
81.84,-0.2745,-1.81,0.1648,77.8305,277.928,7.9911
81.86,-0.5549,-0.9472,-2.3825,76.1646,247.3432,337.6725
81.88,-0.7015,-0.4673,-3.5689,74.2033,236.3625,326.6247
81.9,-0.8497,0.0425,-4.6782,71.8393,228.3918,318.5621
81.92,-0.9896,0.5705,-5.7028,69.3326,222.5506,312.3632
81.93999,-1.128,1.1089,-6.6226,66.8348,218.3075,307.6211
81.96,-1.3801,2.1998,-8.1361,62.0909,213.1966,302.1548
81.98,-1.491,2.728,-8.7244,60.0124,211.6341,300.4744
82,-1.5896,3.2186,-9.2142,58.1351,210.4841,299.207
82.02,-1.6779,3.6604,-9.6052,56.4944,209.6279,298.4119
82.04,-1.7504,4.0405,-9.9152,55.0784,208.9949,297.9659
82.06,-1.8605,4.5701,-10.3053,53.0006,208.2927,297.9278
82.08,-1.9007,4.7063,-10.3953,52.4067,208.1347,298.1532
82.1,-1.9347,4.7458,-10.4258,52.0915,208.1192,298.5282
82.12,-1.9623,4.6994,-10.3975,52.0729,208.2408,299.0764
82.14,-1.9858,4.5761,-10.3144,52.3355,208.5646,299.8545
82.16,-2.0305,4.0408,-9.8832,53.9044,209.9613,302.0307
82.18,-2.0493,3.6735,-9.5427,55.2059,211.0858,303.282
82.2,-2.0655,3.2445,-9.11,56.847,212.544,304.599
82.22,-2.0774,2.7636,-8.5887,58.7321,214.4015,306.1309
82.24,-2.0832,2.2416,-7.9759,60.7926,216.8052,308.1627
82.25999,-2.0651,1.1338,-6.4648,65.2071,223.8406,314.523
82.28,-2.0384,0.5726,-5.5633,67.4237,228.9908,319.4337
82.3,-2.0035,0.0264,-4.5598,69.5446,235.7046,325.8229
82.32,-1.9576,-0.4905,-3.4629,71.4279,244.3456,333.9291
82.34,-1.9007,-0.9541,-2.2754,72.8699,255.2086,344.235
82.36,-1.7509,-1.692,0.2891,73.3453,281.1161,9.2132
82.38,-1.6626,-1.944,1.6559,72.3188,293.7987,21.0964
82.4,-1.569,-2.1025,3.0664,70.5732,305.0631,31.0146
82.42,-1.4306,-2.1582,4.4699,68.348,314.7427,38.7903
82.43999,-1.2842,-2.1229,5.8663,65.7104,322.3746,44.5985
82.46,-0.9025,-1.7809,8.4958,59.9668,333.3472,52.2562
82.48,-0.6845,-1.4557,9.72,56.9716,337.6111,54.7379
82.5,-0.4609,-1.0569,10.8696,54.0132,341.2086,56.4687
82.52,-0.1971,-0.5449,11.9272,51.0029,344.5504,57.9038
82.54,0.0662,0.0392,12.9111,47.9618,347.4536,58.9557
82.56,0.5796,1.2712,14.5944,42.2764,352.2535,59.6788
82.58,0.8443,1.9206,15.3054,39.5105,354.3638,59.5231
82.6,1.0527,2.5566,15.9467,36.8948,356.0742,59.1284
82.62,1.3079,3.1774,16.464,34.4271,357.6952,58.6572
82.64,1.5338,3.7652,16.8961,32.247,359.0219,58.1888
82.66,1.867,4.8302,17.5569,28.3586,1.0328,57.0974
82.68,1.984,5.2261,17.7488,27.063,1.6654,56.6524
82.7,2.148,5.5275,17.8365,26.1035,2.292,56.3623
82.72,2.2121,5.7507,17.9197,25.3872,2.6197,56.2223
82.74,2.2843,5.9061,17.9462,24.9052,2.96,56.1671
82.75999,2.3638,5.7739,17.8285,25.3719,3.185,56.0684
82.78,2.4036,5.5638,17.6898,26.0705,3.221,56.0397
82.8,2.4222,5.2422,17.4926,27.1939,3.1561,56.1633
82.82,2.4085,4.8262,17.2565,28.5709,2.9557,56.387
82.84,2.37,4.2847,16.9473,30.4462,2.548,56.7858
82.86,2.225,3.0416,16.137,34.9621,1.2977,57.9702
82.88,2.1218,2.3411,15.6188,37.6255,0.3608,58.7712
82.9,2.0313,1.5853,14.9646,40.6058,359.2193,59.7388
82.92,1.8154,0.8144,14.3062,43.7272,357.6385,60.6131
82.93999,1.6341,0.0664,13.4978,47.1182,355.9427,61.2216
82.96,1.2157,-1.2923,11.5511,54.3311,351.7518,61.3951
82.98,0.9994,-1.8014,10.4305,57.9925,348.9825,61.145
83,0.7815,-2.2332,9.1956,61.783,345.3694,60.3743
83.02,0.5645,-2.5557,7.8907,65.4732,340.8922,58.6642
83.04,0.3597,-2.7415,6.542,68.9545,335.3505,55.4073
83.06,-0.0644,-2.7232,3.7604,74.8796,318.2817,41.6273
83.08,-0.2887,-2.539,2.3462,76.878,304.3203,29.4049
83.1,-0.5252,-2.2474,0.9557,77.7617,287.0726,13.8613
83.12,-0.762,-1.8654,-0.4117,77.4357,269.4669,357.5231
83.14,-1.0028,-1.3997,-1.7193,76.1638,254.5389,343.2738
83.16,-1.483,-0.3231,-4.1573,71.6889,234.3401,323.6062
83.18,-1.7013,0.2814,-5.2688,68.9198,228.2338,317.9074
83.2,-1.9046,0.9167,-6.285,66.0763,223.8376,313.8674
