time,pos_x,pos_y,pos_z,rot_x,rot_y,rot_z
22.32,-26.3059,17.9534,-2.6842,355.4467,11.9838,2.8104
22.34,-26.3056,17.9538,-2.6842,355.4448,11.9846,2.8094
22.36,-26.3051,17.954,-2.6841,355.4439,11.9862,2.8084
22.38,-26.3049,17.9541,-2.684,355.4436,11.9886,2.8054
22.4,-26.3053,17.954,-2.6841,355.4442,11.9856,2.8069
22.42,-26.3053,17.9541,-2.6841,355.4431,11.9855,2.8067
22.44,-26.3053,17.9538,-2.6839,355.445,11.9858,2.8082
22.46,-26.3054,17.9535,-2.6839,355.4471,11.9848,2.8084
22.48,-26.3051,17.954,-2.6841,355.4438,11.9864,2.8063
22.5,-26.3054,17.9539,-2.6841,355.4437,11.9851,2.8079
22.52,-26.3055,17.9538,-2.6841,355.4444,11.9848,2.808
22.54,-26.3055,17.9538,-2.6841,355.4448,11.9842,2.8078
22.56,-26.3058,17.9538,-2.6842,355.4446,11.9832,2.8083
22.58,-26.3057,17.9536,-2.6841,355.4458,11.9845,2.809
22.6,-26.3052,17.9537,-2.6838,355.4457,11.9869,2.8076
22.62,-26.3055,17.9542,-2.6843,355.4432,11.9841,2.8062
22.64,-26.3057,17.954,-2.6842,355.4444,11.9841,2.8078
22.66,-26.3061,17.9538,-2.6842,355.4449,11.9827,2.8084
22.68,-26.3062,17.9537,-2.684,355.4446,11.9833,2.8087
22.7,-26.3065,17.9542,-2.6836,355.4438,11.9812,2.8068
22.72,-26.3062,17.9536,-2.6834,355.4463,11.9809,2.8072
22.74,-26.3063,17.9539,-2.6837,355.4447,11.9799,2.8064
22.76,-26.3067,17.9537,-2.6842,355.4447,11.9769,2.8089
22.78,-26.306,17.9536,-2.684,355.446,11.9791,2.8072
22.8,-26.3048,17.954,-2.6838,355.4451,11.9851,2.8055
22.82,-26.3051,17.9537,-2.6842,355.4453,11.9839,2.8079
22.84,-26.3048,17.9543,-2.6845,355.4428,11.9863,2.8063
22.86,-26.3052,17.9541,-2.6844,355.4434,11.9854,2.8077
22.88,-26.3045,17.9539,-2.6838,355.446,11.9912,2.8059
22.9,-26.305,17.954,-2.6842,355.4435,11.9894,2.8073
22.92,-26.3055,17.9537,-2.6844,355.446,11.9857,2.8081
22.94,-26.3054,17.9538,-2.6844,355.4448,11.9871,2.8078
22.96,-26.3056,17.954,-2.6845,355.4435,11.9869,2.8075
22.98,-26.3056,17.9539,-2.6845,355.4431,11.9879,2.8077
23,-26.3057,17.954,-2.6846,355.443,11.9884,2.8074
23.02,-26.3052,17.9542,-2.6844,355.4443,11.9899,2.8061
23.04,-26.3045,17.954,-2.6841,355.4436,11.99,2.8065
23.06,-26.3021,17.9536,-2.6843,355.4444,11.9893,2.8057
23.08,-26.3008,17.9543,-2.6848,355.4448,11.9904,2.8036
23.1,-26.3045,17.9541,-2.6844,355.4449,11.9894,2.8048
23.12,-26.3068,17.9542,-2.6839,355.4431,11.9811,2.8079
23.14,-26.3059,17.9533,-2.6834,355.4466,11.9801,2.8095
23.16,-26.3041,17.9541,-2.6842,355.4421,11.9824,2.8063
23.18,-26.3031,17.9543,-2.6848,355.4423,11.9843,2.8039
23.2,-26.3037,17.9543,-2.6844,355.4422,11.9844,2.8049
23.22,-26.3043,17.9542,-2.6841,355.4428,11.9826,2.8049
23.24,-26.3045,17.9534,-2.684,355.4464,11.9809,2.8079
23.26,-26.3041,17.9537,-2.6844,355.4456,11.9818,2.8064
23.28,-26.304,17.9537,-2.6845,355.445,11.9844,2.8066
23.3,-26.3049,17.9536,-2.6841,355.4459,11.9848,2.8079
23.32,-26.3043,17.9538,-2.6842,355.4447,11.9868,2.8078
23.34,-26.3034,17.9542,-2.6847,355.443,11.9879,2.8051
23.36,-26.3035,17.9539,-2.6849,355.4449,11.9867,2.8072
23.38,-26.3036,17.954,-2.6847,355.4447,11.9889,2.8065
23.4,-26.3042,17.9541,-2.6847,355.443,11.9884,2.8082
23.42,-26.3042,17.9541,-2.6849,355.4433,11.9878,2.8074
23.44,-26.3037,17.9541,-2.685,355.4436,11.9903,2.8066
23.46,-26.3038,17.9541,-2.6849,355.4438,11.9907,2.8074
23.48,-26.3042,17.9542,-2.685,355.4435,11.9887,2.8071
23.5,-26.3048,17.9541,-2.685,355.443,11.987,2.8079
23.52,-26.3045,17.954,-2.685,355.4438,11.9877,2.8078
23.54,-26.3047,17.9537,-2.6852,355.4441,11.9858,2.8093
23.56,-26.3045,17.954,-2.6852,355.4431,11.986,2.8075
23.58,-26.3037,17.9538,-2.6848,355.4443,11.9886,2.808
23.6,-26.3037,17.954,-2.6849,355.4436,11.9862,2.8077
23.62,-26.3036,17.9538,-2.6849,355.4449,11.9847,2.8073
23.64,-26.3037,17.9537,-2.6847,355.4453,11.9854,2.8074
23.66,-26.3042,17.954,-2.6847,355.4452,11.9804,2.8065
23.68,-26.3043,17.954,-2.6847,355.4439,11.9809,2.8077
23.7,-26.304,17.9538,-2.6844,355.4458,11.9815,2.806
23.72,-26.304,17.954,-2.6844,355.4448,11.9812,2.8053
23.74,-26.3045,17.954,-2.6844,355.4449,11.9792,2.8057
23.76,-26.305,17.9541,-2.6843,355.4444,11.9776,2.8054
23.78,-26.3051,17.9541,-2.6842,355.4444,11.9769,2.8051
23.8,-26.3047,17.9538,-2.684,355.4449,11.9764,2.8063
23.82,-26.3043,17.9539,-2.684,355.4449,11.9766,2.8046
23.84,-26.3043,17.9539,-2.684,355.4449,11.9748,2.8042
23.86,-26.3041,17.9539,-2.6839,355.4443,11.9767,2.8037
23.88,-26.3036,17.9537,-2.6838,355.4474,11.9793,2.8034
23.9,-26.3039,17.9538,-2.684,355.4467,11.9785,2.8043
23.92,-26.3041,17.9538,-2.684,355.4458,11.9806,2.8042
23.94,-26.3049,17.954,-2.6845,355.4434,11.9784,2.8049
23.96,-26.3045,17.9537,-2.6843,355.4455,11.9792,2.806
23.98,-26.3045,17.9537,-2.6843,355.4457,11.9787,2.8068
24,-26.3048,17.954,-2.6844,355.4453,11.9782,2.806
24.02,-26.3046,17.9541,-2.6843,355.4442,11.9802,2.8069
24.04,-26.3044,17.9541,-2.6843,355.4444,11.9811,2.8074
24.06,-26.3037,17.9544,-2.6844,355.4431,11.9837,2.8065
24.08,-26.3037,17.9543,-2.6848,355.4436,11.9827,2.806
24.1,-26.303,17.9542,-2.6846,355.4442,11.9894,2.8061
24.12,-26.303,17.9541,-2.6846,355.4445,11.9874,2.807
24.14,-26.3026,17.954,-2.6845,355.4439,11.9889,2.8069
24.16,-26.3024,17.954,-2.6845,355.445,11.9896,2.8062
24.18,-26.302,17.9541,-2.6847,355.4449,11.9913,2.8055
24.2,-26.3024,17.9544,-2.6851,355.4419,11.9911,2.8064
24.22,-26.3022,17.9541,-2.685,355.444,11.9932,2.8062
24.24,-26.3022,17.954,-2.6851,355.4442,11.9944,2.8062
24.26,-26.3024,17.954,-2.6852,355.444,11.9936,2.8067
24.28,-26.3027,17.9541,-2.6855,355.4426,11.9934,2.8069
24.3,-26.3031,17.9544,-2.6855,355.4403,11.993,2.8056
24.32,-26.3034,17.9545,-2.6855,355.4406,11.9916,2.8063
24.34,-26.3034,17.9539,-2.6853,355.4455,11.9895,2.8077
24.36,-26.3034,17.9542,-2.6854,355.4432,11.99,2.8056
24.38,-26.3034,17.954,-2.6851,355.4445,11.9905,2.8063
24.4,-26.3036,17.954,-2.685,355.4443,11.9894,2.8074
24.42,-26.3038,17.954,-2.6852,355.4435,11.9884,2.8076
24.44,-26.3039,17.9542,-2.6852,355.4432,11.9883,2.8066
24.46,-26.304,17.9541,-2.685,355.4441,11.9884,2.806
24.48,-26.3045,17.954,-2.6848,355.4442,11.9865,2.807
24.5,-26.3045,17.9541,-2.6849,355.4436,11.984,2.8059
24.52,-26.3043,17.9541,-2.6847,355.4443,11.9854,2.8062
24.54,-26.3046,17.954,-2.6847,355.4445,11.9831,2.8069
24.56,-26.3054,17.9538,-2.6845,355.4453,11.9792,2.8078
24.58,-26.3051,17.954,-2.6844,355.4456,11.9801,2.8073
24.6,-26.3048,17.9541,-2.6844,355.4442,11.9775,2.8069
24.62,-26.3047,17.9541,-2.6843,355.4438,11.9782,2.8061
24.64,-26.3049,17.9538,-2.6841,355.4449,11.9766,2.8068
24.66,-26.3048,17.954,-2.684,355.4447,11.9775,2.8057
24.68,-26.3048,17.9539,-2.684,355.4454,11.9767,2.8056
24.7,-26.3042,17.954,-2.6841,355.4447,11.9774,2.8052
24.72,-26.3042,17.9538,-2.684,355.4456,11.9784,2.8059
24.74,-26.3042,17.9541,-2.684,355.4441,11.9797,2.8053
24.76,-26.3046,17.954,-2.684,355.4442,11.9781,2.8055
24.78,-26.3048,17.9538,-2.6841,355.445,11.9772,2.8064
24.8,-26.3044,17.9537,-2.684,355.4464,11.9785,2.8061
24.82,-26.3047,17.954,-2.6842,355.4445,11.9774,2.8057
24.84,-26.3047,17.954,-2.6842,355.4441,11.9788,2.8062
24.86,-26.3047,17.9539,-2.6842,355.4446,11.9786,2.8067
24.88,-26.3039,17.9541,-2.684,355.4442,11.9816,2.8051
24.9,-26.3038,17.9542,-2.6842,355.443,11.9824,2.8057
24.92,-26.304,17.9539,-2.6841,355.4448,11.9828,2.8063
24.94,-26.3042,17.954,-2.6842,355.4445,11.9818,2.807
24.96,-26.3039,17.9542,-2.6842,355.4443,11.9828,2.805
24.98,-26.3038,17.9538,-2.6842,355.4453,11.9835,2.8075
25,-26.3036,17.9537,-2.6843,355.4459,11.9856,2.808
25.02,-26.3035,17.954,-2.6845,355.4447,11.9869,2.8072
25.04,-26.3037,17.9539,-2.6847,355.4453,11.9864,2.8071
25.06,-26.3035,17.9537,-2.6847,355.447,11.9875,2.8077
25.08,-26.3036,17.954,-2.6849,355.4446,11.9879,2.8062
25.1,-26.3032,17.954,-2.6848,355.4447,11.9939,2.8064
25.12,-26.3033,17.9541,-2.6849,355.4444,11.9913,2.8054
25.14,-26.3032,17.9542,-2.6848,355.4442,11.9904,2.8055
25.16,-26.3033,17.9542,-2.6848,355.4435,11.9893,2.8051
25.18,-26.3035,17.9541,-2.6848,355.4447,11.9887,2.8053
25.2,-26.3047,17.9541,-2.6849,355.4437,11.9858,2.8069
25.22,-26.3044,17.954,-2.6846,355.444,11.9854,2.8067
25.24,-26.304,17.9542,-2.6845,355.4443,11.9841,2.8059
25.26,-26.3035,17.9538,-2.6842,355.4456,11.9858,2.8065
25.28,-26.304,17.9538,-2.6844,355.4454,11.984,2.8069
25.3,-26.3038,17.9542,-2.6845,355.4432,11.9849,2.8066
25.32,-26.3041,17.954,-2.6847,355.4438,11.9833,2.8075
25.34,-26.3037,17.9547,-2.6847,355.4418,11.9859,2.805
25.36,-26.3043,17.9543,-2.6846,355.4431,11.9842,2.8065
25.38,-26.3045,17.9541,-2.6845,355.4443,11.9838,2.8068
25.4,-26.3039,17.9541,-2.6846,355.4437,11.9854,2.8066
25.42,-26.3038,17.9538,-2.6845,355.4453,11.9867,2.8071
25.44,-26.3038,17.9538,-2.6846,355.4453,11.9865,2.8073
25.46,-26.3039,17.9538,-2.6847,355.4454,11.9848,2.807
25.48,-26.304,17.9541,-2.6848,355.4445,11.9847,2.8056
25.5,-26.3042,17.9541,-2.6847,355.4435,11.9859,2.8066
25.52,-26.3042,17.9539,-2.6845,355.4445,11.9868,2.8072
25.54,-26.3042,17.9538,-2.6846,355.4454,11.9855,2.8072
25.56,-26.3037,17.954,-2.6845,355.4443,11.9873,2.8063
25.58,-26.3036,17.9539,-2.6845,355.4449,11.9866,2.8074
25.6,-26.304,17.954,-2.6845,355.4453,11.9852,2.8064
25.62,-26.3039,17.9538,-2.6845,355.4454,11.9853,2.8071
25.64,-26.3037,17.9539,-2.6847,355.4455,11.9857,2.8065
25.66,-26.3038,17.9541,-2.6847,355.4428,11.9855,2.8065
25.68,-26.3038,17.9538,-2.6846,355.4448,11.9856,2.8068
25.7,-26.3039,17.9538,-2.6847,355.4458,11.9864,2.8068
25.72,-26.304,17.9538,-2.6847,355.4451,11.9849,2.8063
25.74,-26.3042,17.9539,-2.6844,355.4453,11.9844,2.8058
25.76,-26.3044,17.954,-2.6842,355.446,11.9825,2.8055
25.78,-26.3045,17.9538,-2.6841,355.4461,11.9809,2.8064
25.8,-26.303,17.9539,-2.6839,355.4451,11.9834,2.8048
25.82,-26.303,17.9542,-2.684,355.4443,11.9832,2.8043
25.84,-26.3032,17.9541,-2.684,355.4439,11.9831,2.8052
25.86,-26.3033,17.9539,-2.6839,355.4453,11.9841,2.8055
25.88,-26.3033,17.9541,-2.6841,355.4448,11.9844,2.8047
25.9,-26.3039,17.954,-2.6843,355.4442,11.9832,2.8056
25.92,-26.3044,17.9541,-2.6844,355.4435,11.982,2.8057
25.94,-26.3046,17.9541,-2.6844,355.4435,11.9809,2.8064
25.96,-26.3045,17.9539,-2.6843,355.4451,11.9808,2.8058
25.98,-26.3043,17.9539,-2.6842,355.4452,11.9811,2.8061
26,-26.3037,17.9542,-2.6839,355.4429,11.982,2.8054
26.02,-26.3037,17.9541,-2.684,355.4437,11.9796,2.8058
26.04,-26.3036,17.9541,-2.6841,355.4438,11.9795,2.8051
26.06,-26.3034,17.9539,-2.6842,355.4448,11.9816,2.8062
26.08,-26.3033,17.9539,-2.6845,355.4451,11.9826,2.8059
26.1,-26.3034,17.9539,-2.6847,355.4448,11.9854,2.8077
26.12,-26.3031,17.9541,-2.6847,355.4443,11.9896,2.807
26.14,-26.303,17.9542,-2.6849,355.4436,11.9927,2.8066
26.16,-26.303,17.9542,-2.6851,355.4435,11.9916,2.807
26.18,-26.3027,17.9541,-2.6851,355.4433,11.9909,2.8063
26.2,-26.3023,17.954,-2.685,355.4443,11.9926,2.8067
26.22,-26.3025,17.9542,-2.6855,355.4433,11.9936,2.8066
26.24,-26.303,17.9541,-2.686,355.4433,11.9959,2.807
26.26,-26.3031,17.9548,-2.6863,355.4398,11.9974,2.8049
26.28,-26.3034,17.9545,-2.686,355.4418,11.995,2.8064
26.3,-26.3025,17.9543,-2.6855,355.4412,11.9929,2.8076
26.32,-26.3012,17.9542,-2.6853,355.4425,11.9943,2.8063
26.34,-26.3018,17.9543,-2.6853,355.4416,11.9916,2.8063
26.36,-26.3026,17.9537,-2.6849,355.4459,11.9856,2.8107
26.38,-26.3025,17.9539,-2.6846,355.4461,11.9864,2.8083
26.4,-26.3031,17.954,-2.6846,355.446,11.9829,2.8065
26.42,-26.3035,17.9543,-2.6846,355.445,11.982,2.8061
26.44,-26.304,17.954,-2.6845,355.4451,11.9804,2.8069
26.46,-26.3045,17.954,-2.6845,355.4444,11.9773,2.8078
26.48,-26.3041,17.954,-2.6843,355.445,11.9786,2.8061
26.5,-26.3043,17.9538,-2.6841,355.4453,11.9763,2.8059
26.52,-26.3043,17.9537,-2.684,355.4459,11.9756,2.8059
26.54,-26.3042,17.9537,-2.6839,355.4459,11.9752,2.8074
26.56,-26.3041,17.9535,-2.6838,355.4466,11.9757,2.807
26.58,-26.3041,17.9539,-2.684,355.4449,11.9757,2.8049
26.6,-26.3049,17.9535,-2.6839,355.4469,11.9737,2.8056
26.62,-26.3052,17.9538,-2.6842,355.4453,11.9732,2.8062
26.64,-26.3051,17.9538,-2.6841,355.4447,11.974,2.8062
26.66,-26.3051,17.9538,-2.6841,355.4457,11.9732,2.8061
26.68,-26.3051,17.9539,-2.6841,355.4452,11.9742,2.806
26.7,-26.3045,17.9538,-2.6838,355.4451,11.9769,2.806
26.72,-26.3046,17.9535,-2.684,355.4464,11.9755,2.8074
26.74,-26.3045,17.9535,-2.684,355.4469,11.977,2.8063
26.76,-26.3046,17.9537,-2.6841,355.4456,11.9771,2.8069
26.78,-26.3046,17.9539,-2.6841,355.4448,11.9771,2.807
26.8,-26.3039,17.9537,-2.6842,355.4461,11.9796,2.8077
26.82,-26.3038,17.9538,-2.6843,355.4458,11.9813,2.8083
26.84,-26.3035,17.9537,-2.6842,355.446,11.9836,2.8088
26.86,-26.3034,17.9537,-2.6841,355.446,11.9839,2.8091
26.88,-26.3028,17.9537,-2.6842,355.4462,11.9866,2.8084
26.9,-26.3029,17.9538,-2.6847,355.4475,11.986,2.8086
26.92,-26.303,17.9538,-2.6849,355.4461,11.9873,2.8074
26.94,-26.3032,17.9541,-2.685,355.4443,11.9874,2.8072
26.96,-26.3028,17.954,-2.6851,355.4436,11.9909,2.8074
26.98,-26.3027,17.9544,-2.6856,355.4416,11.9913,2.8063
27,-26.3029,17.9539,-2.6856,355.4454,11.9935,2.8078
27.02,-26.3033,17.954,-2.6857,355.444,11.9931,2.8086
27.04,-26.3029,17.9541,-2.6855,355.4441,11.995,2.8065
27.06,-26.3027,17.9541,-2.6855,355.4452,11.992,2.806
27.08,-26.3028,17.9542,-2.6855,355.4442,11.9893,2.806
27.1,-26.3027,17.9539,-2.6849,355.4452,11.9902,2.8064
27.12,-26.303,17.9541,-2.6852,355.4443,11.9898,2.8058
27.14,-26.3032,17.9539,-2.6854,355.4438,11.9889,2.8074
27.16,-26.3032,17.9539,-2.6852,355.4442,11.9899,2.807
27.18,-26.3033,17.9541,-2.6852,355.4442,11.9889,2.8068
27.2,-26.3039,17.9542,-2.6853,355.4433,11.986,2.8068
27.22,-26.3039,17.9539,-2.6853,355.4445,11.9851,2.8086
27.24,-26.3037,17.9538,-2.685,355.4466,11.9848,2.8078
27.26,-26.3034,17.9538,-2.6848,355.4458,11.9845,2.8079
27.28,-26.3032,17.954,-2.6847,355.4448,11.9842,2.8082
27.3,-26.3035,17.9541,-2.6847,355.4443,11.9832,2.8073
27.32,-26.3038,17.9537,-2.6846,355.4458,11.9825,2.8078
27.34,-26.304,17.9539,-2.6846,355.4442,11.9816,2.8071
27.36,-26.3041,17.954,-2.6844,355.4444,11.9803,2.8068
27.38,-26.3045,17.9541,-2.6845,355.4438,11.9771,2.8072
27.4,-26.3042,17.954,-2.6842,355.444,11.9788,2.8063
27.42,-26.3043,17.954,-2.6841,355.4449,11.9773,2.8055
27.44,-26.3043,17.9537,-2.6838,355.4458,11.9756,2.8074
27.46,-26.3044,17.9539,-2.6839,355.4441,11.9755,2.8077
27.48,-26.3046,17.954,-2.6841,355.4435,11.9736,2.8064
27.5,-26.3047,17.9539,-2.6841,355.4447,11.974,2.806
27.52,-26.3045,17.9539,-2.684,355.4447,11.976,2.8058
27.54,-26.3047,17.9539,-2.6841,355.4442,11.9746,2.8055
27.56,-26.3046,17.9537,-2.6841,355.4461,11.9753,2.8061
27.58,-26.3044,17.9539,-2.684,355.4452,11.9775,2.8052
27.6,-26.3046,17.9542,-2.6843,355.4434,11.9769,2.8047
27.62,-26.3047,17.954,-2.6844,355.444,11.9771,2.8059
27.64,-26.3047,17.9536,-2.6842,355.4458,11.9788,2.8064
27.66,-26.3047,17.9537,-2.6842,355.4458,11.9785,2.8062
27.68,-26.3047,17.9538,-2.6842,355.445,11.9792,2.8064
27.7,-26.3046,17.9539,-2.6844,355.4431,11.98,2.806
27.72,-26.3044,17.9542,-2.6844,355.4431,11.9812,2.8058
27.74,-26.3043,17.9537,-2.6841,355.4462,11.9803,2.8068
27.76,-26.3046,17.9536,-2.6842,355.448,11.9775,2.81
27.78,-26.3039,17.954,-2.6841,355.4451,11.9819,2.8074
27.8,-26.3035,17.9541,-2.6841,355.4439,11.9826,2.8066
27.82,-26.3035,17.9538,-2.684,355.4452,11.9825,2.8072
27.84,-26.3035,17.9537,-2.684,355.4456,11.9815,2.8093
27.86,-26.3026,17.9541,-2.6842,355.4455,11.9859,2.8072
27.88,-26.3028,17.9542,-2.6847,355.4434,11.9878,2.8071
27.9,-26.303,17.954,-2.6846,355.4463,11.9909,2.8071
27.92,-26.3033,17.9541,-2.6848,355.4455,11.9887,2.8072
27.94,-26.3032,17.954,-2.6849,355.4442,11.9892,2.8078
27.96,-26.303,17.9537,-2.6849,355.4463,11.9889,2.8074
27.98,-26.3027,17.9538,-2.685,355.4459,11.99,2.8067
28,-26.3026,17.9537,-2.685,355.4453,11.9912,2.8079
28.02,-26.3026,17.9538,-2.6851,355.4446,11.9913,2.8084
28.04,-26.3027,17.9542,-2.6854,355.442,11.9909,2.8073
28.06,-26.3026,17.9546,-2.6855,355.4408,11.9918,2.8056
28.08,-26.303,17.954,-2.6853,355.4443,11.99,2.8069
28.1,-26.3032,17.9544,-2.6853,355.4424,11.9896,2.8057
28.12,-26.3031,17.9542,-2.6853,355.4432,11.9896,2.8058
28.14,-26.3031,17.9541,-2.6852,355.4435,11.9892,2.8064
28.16,-26.303,17.9542,-2.6851,355.4438,11.9885,2.8055
28.18,-26.3031,17.9539,-2.6849,355.4445,11.9895,2.8068
28.2,-26.3034,17.9539,-2.6849,355.4447,11.9886,2.8068
28.22,-26.3034,17.9541,-2.685,355.4437,11.989,2.8059
28.24,-26.3033,17.9543,-2.685,355.4421,11.9888,2.8055
28.26,-26.3034,17.9538,-2.6849,355.4449,11.9878,2.8076
28.28,-26.3034,17.9541,-2.685,355.4437,11.9873,2.8069
28.3,-26.3035,17.9544,-2.6851,355.4425,11.9892,2.8063
28.32,-26.3037,17.954,-2.6851,355.444,11.9877,2.8077
28.34,-26.3042,17.9541,-2.6852,355.4434,11.9836,2.8081
28.36,-26.3042,17.9537,-2.6848,355.446,11.9823,2.8087
28.38,-26.304,17.9543,-2.6847,355.4435,11.9826,2.8064
28.4,-26.3043,17.9542,-2.6847,355.4435,11.9808,2.8069
28.42,-26.3042,17.9542,-2.6846,355.4438,11.982,2.8072
28.44,-26.3042,17.9545,-2.6846,355.4423,11.9814,2.8061
28.46,-26.3041,17.9545,-2.6846,355.4425,11.9819,2.8052
28.48,-26.3042,17.9545,-2.6847,355.4408,11.9809,2.8062
28.5,-26.304,17.954,-2.6842,355.444,11.9792,2.8072
28.52,-26.3034,17.9546,-2.6842,355.4424,11.9812,2.8048
28.54,-26.3036,17.9542,-2.6842,355.4424,11.9797,2.8065
28.56,-26.3036,17.9542,-2.6842,355.4427,11.9796,2.8063
28.58,-26.3039,17.9541,-2.6842,355.443,11.9786,2.8067
28.6,-26.3033,17.9543,-2.6839,355.4435,11.9796,2.8041
28.62,-26.3033,17.9541,-2.684,355.4444,11.9794,2.8045
28.64,-26.3035,17.9539,-2.684,355.4462,11.9794,2.8054
28.66,-26.3034,17.9542,-2.6841,355.4434,11.9807,2.8052
28.68,-26.3032,17.9545,-2.6842,355.4415,11.9836,2.8036
28.7,-26.3036,17.9541,-2.6842,355.4439,11.9811,2.8052
28.72,-26.3039,17.9541,-2.6844,355.4432,11.9821,2.8062
28.74,-26.3036,17.9542,-2.6842,355.4438,11.9847,2.8053
28.76,-26.304,17.954,-2.6844,355.4446,11.983,2.8066
28.78,-26.3038,17.9542,-2.6846,355.4438,11.9835,2.805
28.8,-26.3039,17.9542,-2.6849,355.4434,11.9854,2.806
28.82,-26.3039,17.9542,-2.6847,355.444,11.9871,2.8062
28.84,-26.3041,17.9541,-2.6847,355.4445,11.9866,2.8066
28.86,-26.3041,17.9544,-2.685,355.4422,11.9863,2.8059
28.88,-26.3039,17.9544,-2.685,355.4428,11.9869,2.8066
28.9,-26.3037,17.9541,-2.6849,355.4442,11.9867,2.8074
28.92,-26.3032,17.9544,-2.6849,355.4431,11.9883,2.8071
28.94,-26.3031,17.9541,-2.6848,355.444,11.9896,2.8074
28.96,-26.3033,17.9542,-2.6851,355.443,11.9877,2.8073
28.98,-26.3033,17.954,-2.6849,355.4452,11.9867,2.8074
29,-26.3034,17.9539,-2.6847,355.4459,11.985,2.8073
29.02,-26.3033,17.9541,-2.6847,355.4448,11.9852,2.8069
29.04,-26.3032,17.9539,-2.6846,355.4454,11.9863,2.8064
29.06,-26.3033,17.9539,-2.6846,355.446,11.9852,2.8061
29.08,-26.304,17.9541,-2.6849,355.4436,11.9821,2.8069
29.1,-26.3046,17.9542,-2.6846,355.4438,11.9785,2.8071
29.12,-26.3045,17.9542,-2.6842,355.4442,11.9798,2.8053
29.14,-26.3046,17.954,-2.684,355.4445,11.9773,2.8062
29.16,-26.3046,17.9541,-2.684,355.4435,11.9748,2.807
29.18,-26.3039,17.954,-2.6838,355.4445,11.9756,2.8056
29.2,-26.3036,17.9541,-2.6836,355.4449,11.9759,2.8047
29.22,-26.3037,17.9541,-2.6836,355.4455,11.9761,2.805
29.24,-26.3033,17.954,-2.6836,355.446,11.9794,2.8061
29.26,-26.3034,17.954,-2.684,355.4444,11.9814,2.8059
29.28,-26.3042,17.9545,-2.6849,355.4419,11.9814,2.8054
29.3,-26.3047,17.9542,-2.6846,355.4427,11.9845,2.8082
29.32,-26.3047,17.9543,-2.6848,355.4432,11.9845,2.8083
29.34,-26.3043,17.9543,-2.685,355.443,11.9848,2.8072
29.36,-26.3035,17.9544,-2.6848,355.4422,11.9871,2.8061
29.38,-26.3033,17.9543,-2.6846,355.4425,11.9879,2.807
29.4,-26.3032,17.9543,-2.685,355.443,11.9874,2.8061
29.42,-26.3031,17.954,-2.6851,355.4449,11.989,2.8068
29.44,-26.3033,17.9543,-2.6853,355.4438,11.9896,2.807
29.46,-26.3028,17.9545,-2.6851,355.4421,11.9922,2.8057
29.48,-26.3031,17.9547,-2.6853,355.4406,11.9914,2.8054
29.5,-26.303,17.9547,-2.6856,355.4399,11.9908,2.8051
29.52,-26.3031,17.9546,-2.6857,355.4407,11.9899,2.8048
29.54,-26.303,17.9543,-2.6853,355.4422,11.991,2.8064
29.56,-26.3034,17.9545,-2.6853,355.4413,11.9898,2.8055
29.58,-26.3033,17.9543,-2.6852,355.4431,11.9905,2.8064
29.6,-26.3029,17.954,-2.6848,355.4453,11.9919,2.8057
29.62,-26.3031,17.9542,-2.6849,355.4439,11.9901,2.8057
29.64,-26.3033,17.9544,-2.685,355.4428,11.9893,2.8047
29.66,-26.3035,17.9545,-2.6852,355.4418,11.9887,2.8049
29.68,-26.3035,17.9544,-2.6853,355.4415,11.9887,2.8054
29.7,-26.3037,17.9541,-2.685,355.4442,11.9875,2.8066
29.72,-26.3038,17.9543,-2.685,355.4436,11.9873,2.8052
29.74,-26.304,17.954,-2.6849,355.4447,11.986,2.8074
29.76,-26.3041,17.9545,-2.6851,355.4422,11.9854,2.8057
29.78,-26.3042,17.9543,-2.6851,355.4418,11.9847,2.8077
29.8,-26.304,17.9544,-2.6848,355.4425,11.9836,2.8062
29.82,-26.304,17.9541,-2.6847,355.4449,11.9814,2.8067
29.84,-26.3039,17.9543,-2.6847,355.4433,11.9816,2.8067
29.86,-26.3036,17.9538,-2.6843,355.446,11.9826,2.8074
29.88,-26.3036,17.9542,-2.6843,355.4436,11.9833,2.8065
29.9,-26.303,17.9544,-2.6841,355.4438,11.9842,2.8052
29.92,-26.3038,17.9537,-2.684,355.4479,11.9798,2.8072
29.94,-26.3038,17.954,-2.6841,355.4453,11.9809,2.8067
29.96,-26.3035,17.9543,-2.6841,355.4442,11.9826,2.8056
29.98,-26.3035,17.9543,-2.6842,355.4431,11.9825,2.8057
30,-26.3035,17.9541,-2.684,355.4445,11.9827,2.8055
30.02,-26.3036,17.954,-2.684,355.4452,11.9825,2.8058
30.04,-26.3037,17.9541,-2.684,355.4442,11.9832,2.8061
30.06,-26.3049,17.9541,-2.6848,355.4434,11.9787,2.8078
30.08,-26.3038,17.9538,-2.6841,355.4454,11.9814,2.8073
30.1,-26.3038,17.9542,-2.6844,355.4437,11.9824,2.8062
30.12,-26.3039,17.9544,-2.6845,355.4409,11.9834,2.8052
30.14,-26.3042,17.9543,-2.6844,355.4428,11.9834,2.8051
30.16,-26.3046,17.9542,-2.6846,355.4424,11.9808,2.8055
30.18,-26.3047,17.9538,-2.6842,355.4458,11.9807,2.8073
30.2,-26.3052,17.9539,-2.6845,355.4455,11.9772,2.8063
30.22,-26.3049,17.954,-2.6846,355.4448,11.9788,2.8064
30.24,-26.3043,17.954,-2.6842,355.4451,11.981,2.8066
30.26,-26.3042,17.9544,-2.6844,355.4428,11.9821,2.8053
30.28,-26.3043,17.9542,-2.6844,355.443,11.9818,2.806
30.3,-26.3043,17.9542,-2.6844,355.4438,11.9809,2.8057
30.32,-26.3041,17.954,-2.6841,355.4446,11.9835,2.8068
30.34,-26.3041,17.9541,-2.6842,355.4445,11.9829,2.8069
30.36,-26.304,17.9541,-2.6843,355.4438,11.9829,2.8065
30.38,-26.3041,17.9542,-2.6845,355.4437,11.9825,2.8067
30.4,-26.304,17.9541,-2.6845,355.4449,11.9841,2.8064
30.42,-26.304,17.9544,-2.6848,355.4422,11.9839,2.8056
30.44,-26.3037,17.9545,-2.6847,355.442,11.9861,2.8049
30.46,-26.3035,17.9546,-2.6848,355.4422,11.9865,2.8044
30.48,-26.3038,17.9546,-2.685,355.4421,11.9849,2.8053
30.5,-26.3033,17.9539,-2.6846,355.4464,11.9878,2.8066
30.52,-26.3033,17.954,-2.6847,355.4445,11.987,2.8071
30.54,-26.303,17.9544,-2.6847,355.4431,11.9889,2.8052
30.56,-26.3032,17.9546,-2.6848,355.4433,11.9865,2.8048
30.58,-26.3031,17.9545,-2.6848,355.4423,11.9873,2.8055
30.6,-26.3032,17.9541,-2.6849,355.4445,11.9872,2.8063
30.62,-26.3032,17.9541,-2.685,355.4433,11.9878,2.8063
30.64,-26.3034,17.9541,-2.685,355.4435,11.9871,2.806
30.66,-26.3034,17.954,-2.6848,355.4452,11.9874,2.8062
30.68,-26.3033,17.9546,-2.685,355.4417,11.9878,2.8049
30.7,-26.3032,17.9546,-2.6852,355.4417,11.9864,2.8041
30.72,-26.303,17.9544,-2.6849,355.4431,11.9877,2.8055
30.74,-26.3033,17.9543,-2.6848,355.4431,11.9868,2.8066
30.76,-26.3034,17.9541,-2.6847,355.4446,11.9857,2.8064
30.78,-26.3034,17.9541,-2.6849,355.4453,11.985,2.8054
30.8,-26.3034,17.9542,-2.6848,355.4442,11.9862,2.8055
30.82,-26.3035,17.9542,-2.6848,355.4439,11.9855,2.805
30.84,-26.3036,17.9541,-2.6849,355.4437,11.985,2.8062
30.86,-26.3038,17.9542,-2.685,355.4438,11.9844,2.806
30.88,-26.3039,17.9543,-2.6851,355.4435,11.9853,2.8053
30.9,-26.3038,17.9542,-2.685,355.4438,11.9864,2.8056
30.92,-26.304,17.9543,-2.6851,355.4435,11.986,2.8066
30.94,-26.3042,17.9543,-2.6852,355.4431,11.9865,2.8057
30.96,-26.3042,17.9543,-2.6852,355.4437,11.9867,2.806
30.98,-26.3045,17.9542,-2.6851,355.4431,11.9858,2.8065
31,-26.3045,17.9543,-2.6851,355.4431,11.9841,2.8057
31.02,-26.3046,17.954,-2.6851,355.4442,11.9834,2.8069
31.04,-26.3042,17.9543,-2.6849,355.4437,11.9852,2.8065
31.06,-26.3041,17.9543,-2.6848,355.444,11.9857,2.8056
31.08,-26.3041,17.9541,-2.6847,355.4446,11.9856,2.8065
31.1,-26.3044,17.9542,-2.6848,355.4438,11.9829,2.806
31.12,-26.3041,17.9541,-2.6846,355.4447,11.984,2.8061
31.14,-26.3045,17.9542,-2.6847,355.4441,11.9802,2.8065
31.16,-26.304,17.9545,-2.6846,355.4419,11.9827,2.8052
31.18,-26.3044,17.9543,-2.6847,355.4426,11.9805,2.8064
31.2,-26.3039,17.9544,-2.6844,355.4436,11.9806,2.8059
31.22,-26.3037,17.9544,-2.6844,355.4434,11.9818,2.8059
31.24,-26.3037,17.9542,-2.6843,355.4431,11.9825,2.8063
31.26,-26.3035,17.9543,-2.6843,355.4437,11.9824,2.8056
31.28,-26.3038,17.9542,-2.6844,355.4437,11.9808,2.8061
31.3,-26.3034,17.9545,-2.6845,355.4424,11.9834,2.8045
31.32,-26.3036,17.9541,-2.6846,355.4437,11.9817,2.8049
31.34,-26.3034,17.9538,-2.6846,355.4453,11.9829,2.8068
31.36,-26.3031,17.9541,-2.6844,355.4446,11.9866,2.8057
31.38,-26.3031,17.9544,-2.6843,355.4433,11.9877,2.8046
31.4,-26.3034,17.954,-2.6844,355.4454,11.9853,2.8065
31.42,-26.3033,17.954,-2.6845,355.445,11.9862,2.8063
31.44,-26.304,17.9539,-2.6845,355.4466,11.9827,2.8066
31.46,-26.3047,17.9538,-2.6845,355.4458,11.9825,2.8072
31.48,-26.3048,17.954,-2.6846,355.4446,11.9839,2.8072
31.5,-26.3045,17.9545,-2.6849,355.442,11.9831,2.8052
31.52,-26.3047,17.9544,-2.6849,355.4428,11.9819,2.8046
31.54,-26.3043,17.9545,-2.6846,355.4417,11.9839,2.8043
31.56,-26.3042,17.9544,-2.6844,355.4429,11.9837,2.8049
31.58,-26.3042,17.9544,-2.6844,355.4426,11.9838,2.8051
31.6,-26.3039,17.9542,-2.6843,355.4437,11.9825,2.8053
31.62,-26.3042,17.954,-2.6842,355.4443,11.9808,2.8064
31.64,-26.3045,17.9541,-2.6844,355.4438,11.9785,2.8077
31.66,-26.3043,17.9543,-2.6844,355.4436,11.9807,2.8048
31.68,-26.3044,17.9545,-2.6845,355.4424,11.9803,2.805
31.7,-26.3042,17.9544,-2.6844,355.4424,11.9817,2.805
31.72,-26.3044,17.9544,-2.6845,355.4422,11.9809,2.8051
31.74,-26.3046,17.9542,-2.6846,355.4443,11.9799,2.8064
31.76,-26.3041,17.9544,-2.6845,355.4423,11.9838,2.8049
31.78,-26.304,17.9543,-2.6846,355.443,11.9846,2.8056
31.8,-26.304,17.9545,-2.6847,355.4421,11.9847,2.8061
31.82,-26.3044,17.9544,-2.6849,355.4423,11.9829,2.8063
31.84,-26.3042,17.9542,-2.6848,355.4432,11.9838,2.8065
31.86,-26.304,17.9543,-2.6848,355.4437,11.9842,2.806
31.88,-26.3039,17.954,-2.6847,355.4447,11.9843,2.8072
31.9,-26.3038,17.9543,-2.6849,355.4427,11.9857,2.8061
31.92,-26.3038,17.9543,-2.6849,355.443,11.9871,2.8062
31.94,-26.3041,17.9545,-2.6852,355.4419,11.9857,2.806
31.96,-26.304,17.9545,-2.6852,355.4415,11.987,2.8047
31.98,-26.3039,17.9545,-2.6851,355.4427,11.9869,2.8047
32,-26.3037,17.9544,-2.6849,355.4435,11.9885,2.805
32.02,-26.3039,17.9546,-2.6851,355.4406,11.987,2.8055
32.04,-26.3038,17.9547,-2.6852,355.4401,11.9856,2.8049
32.06,-26.3033,17.9545,-2.6849,355.4419,11.9883,2.805
32.08,-26.3035,17.9542,-2.6848,355.4439,11.9873,2.8048
32.1,-26.3046,17.9541,-2.6852,355.4435,11.986,2.8057
32.12,-26.3045,17.9542,-2.6852,355.4442,11.9865,2.8049
32.14,-26.3043,17.9543,-2.6853,355.4429,11.9864,2.8057
32.16,-26.3042,17.9545,-2.6852,355.4414,11.9877,2.806
32.18,-26.304,17.9544,-2.6851,355.4421,11.989,2.8052
32.2,-26.3044,17.9544,-2.6853,355.4425,11.987,2.8051
32.22,-26.3045,17.9544,-2.6853,355.4417,11.9863,2.8061
32.24,-26.3044,17.9543,-2.6852,355.4432,11.9857,2.8064
32.26,-26.3045,17.9543,-2.6852,355.4427,11.9847,2.8062
32.28,-26.3044,17.9541,-2.685,355.4446,11.9858,2.8068
32.3,-26.3046,17.9543,-2.6851,355.4432,11.9851,2.806
32.32,-26.3044,17.9542,-2.6848,355.4446,11.9855,2.8062
32.34,-26.3046,17.9543,-2.6849,355.4434,11.9844,2.8065
32.36,-26.3043,17.9542,-2.6847,355.443,11.9859,2.8075
32.38,-26.3043,17.9542,-2.6846,355.4436,11.9846,2.8066
32.4,-26.3043,17.9542,-2.6845,355.4427,11.9821,2.8068
32.42,-26.3043,17.9541,-2.6843,355.4439,11.9824,2.8072
32.44,-26.3042,17.954,-2.6842,355.4456,11.9818,2.8072
32.46,-26.304,17.954,-2.6841,355.4446,11.9813,2.8076
32.48,-26.3035,17.9541,-2.6839,355.4448,11.9822,2.807
32.5,-26.3036,17.9544,-2.6841,355.4432,11.9821,2.806
32.52,-26.3036,17.9543,-2.6842,355.4425,11.9814,2.8069
32.54,-26.3035,17.9544,-2.6841,355.4431,11.9815,2.8043
32.56,-26.3034,17.9543,-2.6841,355.4433,11.9814,2.805
32.58,-26.3034,17.9543,-2.6841,355.4435,11.9831,2.8041
32.6,-26.3045,17.9542,-2.6844,355.4429,11.9805,2.8052
32.62,-26.3044,17.9539,-2.6842,355.4446,11.981,2.8061
32.64,-26.3037,17.9547,-2.6843,355.4413,11.9828,2.8046
32.66,-26.3038,17.9543,-2.6843,355.4419,11.9822,2.8057
32.68,-26.3035,17.9543,-2.6841,355.4417,11.9848,2.8054
32.7,-26.305,17.9541,-2.6847,355.4428,11.9814,2.8066
32.72,-26.3045,17.9546,-2.6847,355.4416,11.9828,2.8052
32.74,-26.3045,17.9544,-2.6846,355.4431,11.9834,2.8051
32.76,-26.3046,17.9542,-2.6847,355.443,11.9831,2.8057
32.78,-26.3047,17.9539,-2.6844,355.4449,11.9819,2.8069
32.8,-26.3046,17.954,-2.6842,355.4436,11.9829,2.8068
32.82,-26.3044,17.9543,-2.6844,355.4426,11.983,2.8053
32.84,-26.3043,17.9543,-2.6846,355.442,11.9827,2.8058
32.86,-26.3042,17.9543,-2.6844,355.4432,11.9822,2.8057
32.88,-26.3044,17.9542,-2.6844,355.4441,11.9804,2.806
32.9,-26.3043,17.9541,-2.6842,355.4439,11.9811,2.806
32.92,-26.3043,17.9539,-2.684,355.4453,11.9824,2.8058
32.94,-26.3042,17.9546,-2.6845,355.4405,11.9828,2.8042
32.96,-26.3044,17.9546,-2.6845,355.4405,11.9816,2.8059
32.98,-26.3046,17.9544,-2.6846,355.4416,11.9803,2.8065
33,-26.3045,17.9544,-2.6847,355.4425,11.9814,2.8062
33.02,-26.3043,17.9544,-2.6847,355.4417,11.9816,2.807
33.04,-26.3043,17.9535,-2.6841,355.4512,11.9814,2.8087
33.06,-26.3041,17.954,-2.6846,355.4455,11.9837,2.8071
33.08,-26.3038,17.9545,-2.6848,355.4417,11.9863,2.8038
33.1,-26.3038,17.9543,-2.6847,355.4435,11.9854,2.8064
33.12,-26.3033,17.9546,-2.6847,355.4415,11.9876,2.8048
33.14,-26.3034,17.9544,-2.6848,355.4428,11.9868,2.8057
33.16,-26.3036,17.9544,-2.685,355.442,11.9858,2.8063
33.18,-26.3035,17.9544,-2.6849,355.4419,11.9866,2.8056
33.2,-26.303,17.9541,-2.6847,355.4444,11.9894,2.8066
33.22,-26.303,17.9543,-2.6849,355.4424,11.9884,2.8064
33.24,-26.303,17.9541,-2.6849,355.4435,11.9876,2.8067
33.26,-26.3029,17.9542,-2.6849,355.4431,11.9888,2.8065
33.28,-26.3032,17.9542,-2.685,355.4423,11.9891,2.8065
33.3,-26.3035,17.9543,-2.6851,355.4417,11.9896,2.8054
33.32,-26.3032,17.9541,-2.6849,355.445,11.9903,2.8061
33.34,-26.3034,17.9541,-2.6849,355.4436,11.9901,2.806
33.36,-26.3035,17.9544,-2.6851,355.4431,11.989,2.8048
33.38,-26.3036,17.9545,-2.6853,355.4409,11.9881,2.8056
33.4,-26.3035,17.9545,-2.6852,355.442,11.9869,2.8046
33.42,-26.3034,17.9545,-2.685,355.4414,11.9883,2.8042
33.44,-26.3036,17.9542,-2.685,355.4422,11.988,2.805
33.46,-26.3037,17.9542,-2.6852,355.4421,11.9871,2.8057
33.48,-26.3039,17.954,-2.6851,355.4449,11.9857,2.8064
33.5,-26.3044,17.9544,-2.6851,355.4432,11.9851,2.8054
33.52,-26.3048,17.9547,-2.6852,355.44,11.9846,2.8054
33.54,-26.3049,17.9548,-2.6853,355.439,11.9852,2.8045
33.56,-26.305,17.9544,-2.6851,355.4407,11.9847,2.8059
33.58,-26.3047,17.9543,-2.685,355.4418,11.9849,2.8059
33.6,-26.3048,17.9544,-2.685,355.4429,11.9838,2.8051
33.62,-26.3046,17.9545,-2.6848,355.441,11.9848,2.8059
33.64,-26.3046,17.9545,-2.6847,355.4417,11.9849,2.8057
33.66,-26.3047,17.9544,-2.6847,355.442,11.9832,2.807
33.68,-26.3046,17.9544,-2.6847,355.4413,11.9819,2.8076
33.7,-26.3042,17.954,-2.6842,355.4442,11.9833,2.8069
33.72,-26.3043,17.9544,-2.6844,355.4432,11.982,2.8056
33.74,-26.3043,17.9545,-2.6845,355.4406,11.9825,2.8057
33.76,-26.3039,17.9544,-2.6844,355.4421,11.9841,2.8052
33.78,-26.3037,17.9544,-2.6843,355.4423,11.9843,2.8045
33.8,-26.3043,17.9542,-2.6841,355.4445,11.9827,2.806
33.82,-26.3046,17.9544,-2.684,355.4435,11.9826,2.8051
33.84,-26.3042,17.9542,-2.6839,355.4439,11.9835,2.8049
33.86,-26.3036,17.9546,-2.6843,355.4413,11.9847,2.8038
33.88,-26.3032,17.9541,-2.6843,355.4438,11.9849,2.8029
33.9,-26.3041,17.9542,-2.6843,355.4431,11.9836,2.8047
33.92,-26.3049,17.954,-2.6844,355.4439,11.9784,2.8071
33.94,-26.3043,17.9545,-2.6845,355.4408,11.9808,2.805
33.96,-26.304,17.9546,-2.6845,355.4408,11.9824,2.8038
33.98,-26.3039,17.9542,-2.6842,355.4439,11.9824,2.8045
34,-26.3043,17.9543,-2.684,355.4433,11.9796,2.8051
34.02,-26.3046,17.9542,-2.6842,355.4428,11.9804,2.8061
34.04,-26.3045,17.9544,-2.6844,355.4422,11.9817,2.8053
34.06,-26.3045,17.9543,-2.6844,355.4425,11.9812,2.8061
34.08,-26.3042,17.9543,-2.6841,355.4432,11.9823,2.8058
34.1,-26.304,17.9543,-2.6842,355.4433,11.9825,2.8051
34.12,-26.3041,17.9544,-2.6844,355.4422,11.9814,2.8048
34.14,-26.304,17.9543,-2.6842,355.4429,11.9816,2.8054
34.16,-26.3048,17.9538,-2.6841,355.4456,11.9794,2.8073
34.18,-26.3047,17.9534,-2.6839,355.4485,11.9811,2.8084
34.2,-26.3046,17.954,-2.6844,355.4445,11.9806,2.8077
34.22,-26.3038,17.9541,-2.6842,355.4447,11.9848,2.8066
34.24,-26.3038,17.9541,-2.6843,355.4441,11.9858,2.8064
34.26,-26.3041,17.9544,-2.6846,355.441,11.9856,2.8053
34.28,-26.3056,17.954,-2.6851,355.4422,11.9795,2.8088
34.3,-26.3047,17.954,-2.6846,355.4439,11.9841,2.8074
34.32,-26.3043,17.9542,-2.6845,355.4434,11.9859,2.8061
34.34,-26.3046,17.9542,-2.6848,355.4433,11.9838,2.8066
34.36,-26.3042,17.9544,-2.6848,355.4422,11.9862,2.8052
34.38,-26.3041,17.9545,-2.6849,355.4409,11.9865,2.8054
34.4,-26.3043,17.9542,-2.6849,355.4428,11.9855,2.8068
34.42,-26.3043,17.9543,-2.685,355.442,11.9863,2.8071
34.44,-26.3041,17.9542,-2.685,355.4426,11.9878,2.8069
34.46,-26.3043,17.9541,-2.6849,355.4437,11.986,2.8073
34.48,-26.304,17.9539,-2.6847,355.444,11.9875,2.8079
34.5,-26.3038,17.9542,-2.6848,355.4436,11.9885,2.8056
34.52,-26.3042,17.9541,-2.685,355.4447,11.9859,2.8061
34.54,-26.3042,17.9541,-2.6849,355.4436,11.9876,2.8055
34.56,-26.3047,17.954,-2.685,355.4437,11.9857,2.8066
34.58,-26.3045,17.9543,-2.685,355.4434,11.9865,2.8054
34.6,-26.3041,17.9542,-2.685,355.4426,11.9879,2.806
34.62,-26.3043,17.9542,-2.685,355.442,11.9859,2.8065
34.64,-26.3044,17.954,-2.685,355.4436,11.9848,2.8067
34.66,-26.3043,17.9542,-2.6849,355.4432,11.9863,2.8064
34.68,-26.3042,17.9542,-2.6849,355.4431,11.9872,2.8062
34.7,-26.3046,17.9544,-2.6851,355.4422,11.9847,2.8064
34.72,-26.3047,17.9542,-2.685,355.4428,11.9848,2.8063
34.74,-26.3048,17.9542,-2.685,355.4429,11.9846,2.8064
34.76,-26.3051,17.9543,-2.6851,355.4428,11.9825,2.8066
34.78,-26.3051,17.9542,-2.685,355.4429,11.9819,2.8059
34.8,-26.3046,17.9541,-2.6847,355.4435,11.9832,2.8066
34.82,-26.3044,17.9541,-2.6847,355.4437,11.9847,2.807
34.84,-26.3046,17.9541,-2.6846,355.4438,11.9835,2.8076
34.86,-26.3045,17.954,-2.6846,355.4444,11.9844,2.8079
34.88,-26.3047,17.9539,-2.6846,355.4448,11.9823,2.8083
34.9,-26.3045,17.9541,-2.6845,355.443,11.9829,2.8073
34.92,-26.3047,17.9543,-2.6845,355.4429,11.9824,2.8066
34.94,-26.3048,17.9541,-2.6845,355.4431,11.9817,2.8077
34.96,-26.3049,17.9543,-2.6846,355.443,11.9793,2.8075
34.98,-26.304,17.9545,-2.6842,355.4434,11.9824,2.8055
35,-26.3042,17.9542,-2.6842,355.4443,11.9815,2.805
35.02,-26.3044,17.9541,-2.6842,355.444,11.9811,2.8058
35.04,-26.3052,17.9541,-2.6844,355.444,11.979,2.8065
35.06,-26.3046,17.9542,-2.6842,355.4431,11.9807,2.806
35.08,-26.3043,17.9542,-2.6841,355.4434,11.9806,2.8059
35.1,-26.3044,17.9543,-2.6841,355.4435,11.9814,2.8057
35.12,-26.3046,17.9541,-2.6842,355.4434,11.9808,2.8063
35.14,-26.3047,17.9541,-2.6842,355.4443,11.9799,2.8057
35.16,-26.3047,17.954,-2.6842,355.446,11.9791,2.8054
35.18,-26.3048,17.9542,-2.6843,355.4442,11.9793,2.8051
35.2,-26.3051,17.954,-2.6843,355.4438,11.9793,2.8055
35.22,-26.3051,17.9541,-2.6842,355.4444,11.9787,2.8056
35.24,-26.305,17.9542,-2.6842,355.4428,11.9799,2.8049
35.26,-26.3052,17.954,-2.6842,355.4448,11.9786,2.806
35.28,-26.3049,17.954,-2.6841,355.4447,11.9801,2.8062
35.3,-26.3048,17.9543,-2.6842,355.4435,11.9801,2.8048
35.32,-26.3045,17.954,-2.684,355.4441,11.9818,2.8049
35.34,-26.3042,17.9541,-2.6841,355.4439,11.9828,2.8053
35.36,-26.3041,17.9543,-2.6844,355.4429,11.9832,2.8054
35.38,-26.3043,17.9543,-2.6846,355.4428,11.9822,2.8058
35.4,-26.3046,17.9541,-2.6844,355.4433,11.9828,2.8072
35.42,-26.3047,17.9542,-2.6844,355.4435,11.9828,2.8069
35.44,-26.3049,17.9541,-2.6848,355.4429,11.982,2.8078
35.46,-26.3047,17.9539,-2.6848,355.4446,11.9824,2.8075
35.48,-26.3042,17.9544,-2.6849,355.4424,11.9847,2.805
35.5,-26.304,17.9541,-2.6846,355.444,11.9864,2.8066
35.52,-26.3037,17.9541,-2.6847,355.4437,11.9874,2.8062
35.54,-26.3036,17.9541,-2.6848,355.4442,11.9881,2.8058
35.56,-26.3037,17.9543,-2.6848,355.4432,11.9885,2.8059
35.58,-26.3037,17.9543,-2.6848,355.4434,11.9889,2.8058
35.6,-26.3035,17.9542,-2.685,355.4421,11.9885,2.8059
35.62,-26.3031,17.9546,-2.6851,355.4418,11.9882,2.8049
35.64,-26.3028,17.9544,-2.6849,355.4427,11.9899,2.8049
35.66,-26.3031,17.9546,-2.6851,355.4406,11.9893,2.8053
35.68,-26.3036,17.9543,-2.6851,355.4423,11.9882,2.8057
35.7,-26.3039,17.9538,-2.6849,355.445,11.9881,2.8074
35.72,-26.3036,17.9543,-2.6848,355.4435,11.9894,2.8053
35.74,-26.3036,17.9544,-2.6849,355.4427,11.9891,2.8053
35.76,-26.3035,17.9542,-2.6847,355.4432,11.989,2.806
35.78,-26.3034,17.9541,-2.6847,355.4435,11.9884,2.8063
35.8,-26.3034,17.9541,-2.6849,355.4442,11.9877,2.8058
35.82,-26.3034,17.9545,-2.6849,355.4419,11.987,2.8043
35.84,-26.3035,17.9542,-2.6848,355.4436,11.9861,2.8054
35.86,-26.3035,17.9542,-2.6849,355.4431,11.9862,2.8057
35.88,-26.3035,17.9541,-2.6848,355.4437,11.9868,2.8054
35.9,-26.304,17.9544,-2.6848,355.4427,11.9866,2.8056
35.92,-26.3038,17.9544,-2.6849,355.4427,11.9875,2.8044
35.94,-26.3038,17.9545,-2.6851,355.4412,11.9891,2.8052
35.96,-26.304,17.9544,-2.6853,355.4407,11.9886,2.8062
35.98,-26.3042,17.9543,-2.6852,355.4416,11.9887,2.8066
36,-26.3042,17.9544,-2.685,355.4424,11.9896,2.8058
36.02,-26.3048,17.9544,-2.6853,355.4421,11.9845,2.8052
36.04,-26.3047,17.9541,-2.6849,355.4459,11.985,2.8059
36.06,-26.3046,17.9543,-2.6849,355.4438,11.985,2.805
36.08,-26.3048,17.9542,-2.6848,355.4439,11.9856,2.8064
36.1,-26.3049,17.9543,-2.6852,355.4424,11.9845,2.8061
36.12,-26.3044,17.9542,-2.6849,355.4431,11.9856,2.8059
36.14,-26.3046,17.9544,-2.6848,355.4424,11.9837,2.8062
36.16,-26.3047,17.9545,-2.6847,355.4413,11.9829,2.8054
36.18,-26.3044,17.9543,-2.6846,355.4428,11.9835,2.805
36.2,-26.3036,17.9544,-2.6844,355.4424,11.9846,2.805
36.22,-26.3038,17.9543,-2.6843,355.4431,11.9831,2.8056
36.24,-26.3038,17.9546,-2.6844,355.4408,11.9831,2.8049
36.26,-26.304,17.9546,-2.6845,355.4407,11.9825,2.805
36.28,-26.3042,17.9543,-2.6843,355.4426,11.9814,2.8062
36.3,-26.3043,17.954,-2.684,355.4446,11.9787,2.806
36.32,-26.3043,17.954,-2.684,355.4441,11.977,2.8071
36.34,-26.3042,17.9542,-2.684,355.4425,11.9785,2.8052
36.36,-26.3041,17.9544,-2.6841,355.4414,11.98,2.8038
36.38,-26.3043,17.9543,-2.6841,355.4425,11.9791,2.804
36.4,-26.3046,17.9542,-2.6844,355.442,11.9786,2.806
36.42,-26.3049,17.9544,-2.6847,355.4414,11.9783,2.8051
36.44,-26.3049,17.9544,-2.6846,355.4427,11.9774,2.8044
36.46,-26.3048,17.9543,-2.6843,355.4428,11.979,2.805
36.48,-26.3049,17.9545,-2.6843,355.4416,11.9788,2.8039
36.5,-26.3046,17.9545,-2.6844,355.4416,11.9805,2.8051
36.52,-26.3044,17.9542,-2.6842,355.4432,11.9812,2.8061
36.54,-26.3039,17.9542,-2.6842,355.4429,11.9838,2.8039
36.56,-26.3039,17.9544,-2.6842,355.4433,11.9843,2.8041
36.58,-26.3043,17.9544,-2.6845,355.4421,11.9831,2.8055
36.6,-26.3047,17.9541,-2.6847,355.4438,11.9798,2.8087
36.62,-26.3042,17.9541,-2.6842,355.4441,11.9855,2.807
36.64,-26.3047,17.9541,-2.6845,355.4431,11.981,2.8083
36.66,-26.3048,17.9542,-2.6847,355.4429,11.9797,2.8082
36.68,-26.3043,17.9544,-2.6847,355.4414,11.982,2.8074
36.7,-26.3032,17.9542,-2.6845,355.4434,11.9883,2.8064
36.72,-26.3036,17.9542,-2.685,355.4431,11.986,2.8065
36.74,-26.3037,17.9541,-2.6853,355.445,11.9875,2.806
36.76,-26.3038,17.9544,-2.6852,355.443,11.9885,2.8058
36.78,-26.3035,17.9544,-2.6849,355.4432,11.9909,2.8051
36.8,-26.3036,17.9542,-2.685,355.4427,11.9897,2.8061
36.82,-26.3035,17.954,-2.6849,355.444,11.9911,2.8064
36.84,-26.3035,17.9542,-2.6849,355.4423,11.9914,2.8062
36.86,-26.3035,17.9545,-2.685,355.4417,11.9909,2.8051
36.88,-26.3036,17.9544,-2.6851,355.4416,11.9904,2.8061
36.9,-26.3038,17.9544,-2.6853,355.442,11.9907,2.8054
36.92,-26.3036,17.9546,-2.6852,355.4403,11.9921,2.8046
36.94,-26.3037,17.9544,-2.6851,355.4415,11.9899,2.8059
36.96,-26.3036,17.9545,-2.6851,355.4411,11.9903,2.8057
36.98,-26.3041,17.9543,-2.6853,355.443,11.9862,2.8068
37,-26.3044,17.9543,-2.6852,355.4417,11.9864,2.806
37.02,-26.3045,17.9545,-2.6853,355.4401,11.986,2.8056
37.04,-26.3044,17.9546,-2.6852,355.4415,11.9869,2.805
37.06,-26.3043,17.9544,-2.6852,355.442,11.987,2.8058
37.08,-26.3042,17.9544,-2.6851,355.442,11.9874,2.8069
37.1,-26.3041,17.9545,-2.6851,355.4405,11.9883,2.8059
37.12,-26.304,17.9543,-2.685,355.4424,11.9883,2.806
37.14,-26.3044,17.9542,-2.6852,355.4424,11.9862,2.8071
37.16,-26.3044,17.9544,-2.6851,355.4427,11.9864,2.8063
37.18,-26.3045,17.9544,-2.685,355.4429,11.986,2.8056
37.2,-26.3049,17.9544,-2.6848,355.4423,11.9831,2.8063
37.22,-26.3048,17.9546,-2.6848,355.4415,11.983,2.8061
37.24,-26.3045,17.9546,-2.6847,355.4412,11.9828,2.8057
37.26,-26.3043,17.9544,-2.6845,355.442,11.9837,2.8059
37.28,-26.3044,17.9548,-2.6847,355.4398,11.9824,2.8054
37.3,-26.3047,17.9545,-2.6846,355.4419,11.9803,2.805
37.32,-26.3047,17.9546,-2.6846,355.4422,11.9788,2.8052
37.34,-26.3043,17.9546,-2.6843,355.4417,11.9802,2.8047
37.36,-26.3041,17.9545,-2.6841,355.4422,11.98,2.805
37.38,-26.3039,17.9548,-2.6842,355.4409,11.9812,2.8045
37.4,-26.3037,17.9547,-2.6844,355.4413,11.9831,2.8039
37.42,-26.3036,17.9546,-2.6843,355.4409,11.9842,2.8035
37.44,-26.3036,17.9547,-2.6842,355.4411,11.9844,2.8028
37.46,-26.304,17.9546,-2.6843,355.442,11.9825,2.8048
37.48,-26.304,17.9546,-2.6844,355.4414,11.983,2.8049
37.5,-26.3037,17.9547,-2.6844,355.4408,11.9846,2.8034
37.52,-26.3041,17.9545,-2.6845,355.441,11.9826,2.8052
37.54,-26.3038,17.9543,-2.6844,355.442,11.9852,2.8049
37.56,-26.3035,17.9544,-2.6845,355.4418,11.9861,2.804
37.58,-26.3036,17.9544,-2.6845,355.4426,11.9858,2.8036
37.6,-26.3038,17.9545,-2.6844,355.4418,11.9856,2.804
37.62,-26.3043,17.9542,-2.6844,355.4438,11.9845,2.8048
37.64,-26.3045,17.9543,-2.6845,355.4427,11.9836,2.8052
37.66,-26.3043,17.9541,-2.6843,355.4442,11.9842,2.8052
37.68,-26.3043,17.9542,-2.6843,355.4442,11.9837,2.8054
37.7,-26.3049,17.9543,-2.6846,355.4425,11.981,2.8054
37.72,-26.3051,17.9543,-2.6846,355.4426,11.9803,2.8053
37.74,-26.3049,17.954,-2.6843,355.4439,11.98,2.8064
37.76,-26.3045,17.9545,-2.6844,355.4415,11.9808,2.8049
37.78,-26.3044,17.954,-2.6841,355.4445,11.9803,2.8059
37.8,-26.3047,17.9545,-2.6844,355.4419,11.9787,2.8053
37.82,-26.3047,17.9543,-2.6844,355.4432,11.9789,2.8052
37.84,-26.3046,17.9545,-2.6845,355.4421,11.9805,2.8051
37.86,-26.305,17.9546,-2.6846,355.4402,11.9802,2.8061
37.88,-26.3047,17.9546,-2.6847,355.4391,11.9822,2.805
37.9,-26.3043,17.9545,-2.6847,355.441,11.9826,2.8055
37.92,-26.304,17.9545,-2.6847,355.4403,11.9836,2.8052
37.94,-26.304,17.9545,-2.6848,355.4409,11.9838,2.8053
37.96,-26.3039,17.9544,-2.6847,355.4424,11.9843,2.806
37.98,-26.3038,17.9542,-2.6847,355.4419,11.9866,2.8067
38,-26.3035,17.9546,-2.6848,355.4412,11.987,2.8051
38.02,-26.3035,17.9545,-2.6848,355.4414,11.9878,2.8056
38.04,-26.3035,17.9545,-2.6849,355.4409,11.9879,2.806
38.06,-26.3035,17.9546,-2.6851,355.44,11.9876,2.8058
38.08,-26.3035,17.9546,-2.6851,355.4421,11.9876,2.8053
38.1,-26.3032,17.9545,-2.6849,355.442,11.9909,2.8039
38.12,-26.3033,17.9547,-2.6852,355.4391,11.9914,2.8043
38.14,-26.3032,17.9545,-2.6851,355.441,11.9912,2.8052
38.16,-26.303,17.9546,-2.6851,355.4406,11.9908,2.8049
38.18,-26.3026,17.9548,-2.685,355.4401,11.992,2.8041
38.2,-26.3031,17.9547,-2.685,355.4402,11.9903,2.8046
38.22,-26.3033,17.9545,-2.685,355.4425,11.9895,2.805
38.24,-26.3037,17.9545,-2.6853,355.4406,11.9876,2.8058
38.26,-26.3033,17.9544,-2.685,355.4415,11.9889,2.8053
38.28,-26.3032,17.9546,-2.6849,355.4404,11.9905,2.8051
38.3,-26.3038,17.9543,-2.685,355.4422,11.9867,2.805
38.32,-26.3037,17.9542,-2.6849,355.4441,11.9861,2.8063
38.34,-26.3038,17.9543,-2.6849,355.4426,11.986,2.8057
38.36,-26.3037,17.9545,-2.6848,355.4411,11.9853,2.8054
38.38,-26.3037,17.9547,-2.6849,355.4405,11.985,2.804
38.4,-26.3034,17.9544,-2.6843,355.443,11.9863,2.8046
38.42,-26.3041,17.9548,-2.6846,355.4424,11.9832,2.8032
38.44,-26.304,17.9544,-2.6844,355.443,11.984,2.8042
38.46,-26.3047,17.9543,-2.6848,355.4437,11.9794,2.8051
38.48,-26.3045,17.9546,-2.6848,355.4424,11.9799,2.8036
38.5,-26.3043,17.9541,-2.6846,355.4436,11.9833,2.8056
38.52,-26.3039,17.9541,-2.6846,355.4441,11.9887,2.8055
38.54,-26.3038,17.9547,-2.6851,355.4406,11.9911,2.8049
38.56,-26.3042,17.9545,-2.6853,355.4413,11.9872,2.8076
38.58,-26.3042,17.9546,-2.6853,355.4405,11.9892,2.8065
38.6,-26.3045,17.9546,-2.6851,355.4413,11.9865,2.8067
38.62,-26.3043,17.9548,-2.6853,355.4397,11.9869,2.8049
38.64,-26.3041,17.9545,-2.6852,355.4405,11.9871,2.8058
38.66,-26.3038,17.9544,-2.6849,355.4434,11.9889,2.8048
38.68,-26.304,17.9541,-2.6847,355.4456,11.9874,2.8056
38.7,-26.3037,17.9545,-2.685,355.4415,11.9888,2.8051
38.72,-26.3036,17.9544,-2.6848,355.4414,11.9895,2.8063
38.74,-26.3036,17.9544,-2.6847,355.442,11.9876,2.8059
38.76,-26.3033,17.9545,-2.6845,355.4413,11.987,2.8062
38.78,-26.3032,17.9543,-2.6843,355.442,11.9861,2.8055
38.8,-26.3033,17.9542,-2.6843,355.4429,11.9848,2.8058
38.82,-26.3037,17.9545,-2.6844,355.443,11.982,2.8041
38.84,-26.3037,17.9548,-2.6843,355.4413,11.982,2.8028
38.86,-26.304,17.9546,-2.6842,355.4422,11.9819,2.8029
38.88,-26.3042,17.9544,-2.6842,355.442,11.9814,2.8034
38.9,-26.3038,17.9543,-2.6841,355.4424,11.9811,2.8041
38.92,-26.3037,17.9544,-2.684,355.4418,11.9815,2.8036
38.94,-26.3037,17.9542,-2.684,355.443,11.9808,2.8034
38.96,-26.304,17.9543,-2.6841,355.4414,11.9791,2.804
38.98,-26.3039,17.9544,-2.6841,355.4413,11.9796,2.8035
39,-26.3038,17.9543,-2.6842,355.4413,11.9821,2.8038
39.02,-26.3041,17.9545,-2.6843,355.441,11.9817,2.8037
39.04,-26.3046,17.9544,-2.6845,355.4419,11.9796,2.8049
39.06,-26.3047,17.9543,-2.6844,355.4425,11.9795,2.8046
39.08,-26.3048,17.9543,-2.6844,355.4422,11.9789,2.8049
39.1,-26.3042,17.9544,-2.6842,355.4431,11.9832,2.8028
39.12,-26.3049,17.9543,-2.6844,355.4428,11.9776,2.8047
39.14,-26.3042,17.9546,-2.6842,355.4416,11.9814,2.8048
39.16,-26.3039,17.9545,-2.6842,355.4413,11.9822,2.8048
39.18,-26.3038,17.954,-2.6842,355.4441,11.9817,2.806
39.2,-26.304,17.9543,-2.6844,355.4413,11.9843,2.8061
39.22,-26.3041,17.9542,-2.6843,355.4425,11.9845,2.8069
39.24,-26.3037,17.9546,-2.6845,355.4405,11.9859,2.8059
39.26,-26.3038,17.9545,-2.6847,355.4414,11.9862,2.8057
39.28,-26.3039,17.9543,-2.6848,355.4423,11.9862,2.8055
39.3,-26.304,17.9546,-2.6848,355.4398,11.9884,2.8059
39.32,-26.3038,17.9545,-2.6847,355.4403,11.9893,2.8065
39.34,-26.3037,17.9546,-2.685,355.4397,11.9897,2.8052
39.36,-26.3031,17.9547,-2.6851,355.4405,11.9915,2.804
39.38,-26.3034,17.9544,-2.6851,355.4419,11.9911,2.8049
39.4,-26.3034,17.9544,-2.6849,355.4405,11.9925,2.8061
39.42,-26.3033,17.9542,-2.685,355.4422,11.9922,2.8062
39.44,-26.3033,17.9544,-2.6851,355.4412,11.9919,2.8056
39.46,-26.3029,17.9547,-2.6852,355.4403,11.9928,2.8042
39.48,-26.3028,17.9542,-2.6849,355.4424,11.9931,2.8048
39.5,-26.3033,17.9544,-2.6851,355.4422,11.9909,2.8048
39.52,-26.3033,17.9547,-2.6851,355.4402,11.9913,2.8043
39.54,-26.3037,17.9545,-2.6851,355.4406,11.989,2.8053
39.56,-26.3037,17.9544,-2.6849,355.4426,11.9884,2.8045
39.58,-26.3039,17.9544,-2.6849,355.4422,11.9875,2.8053
39.6,-26.3036,17.9548,-2.685,355.4397,11.9874,2.8039
39.62,-26.3035,17.9546,-2.685,355.4402,11.9877,2.8037
39.64,-26.3037,17.9541,-2.6847,355.4442,11.9882,2.8064
39.66,-26.3042,17.9544,-2.6849,355.4413,11.9866,2.8059
39.68,-26.3047,17.9543,-2.6851,355.4417,11.9851,2.806
39.7,-26.3041,17.9545,-2.6852,355.4408,11.9886,2.8054
39.72,-26.3039,17.9547,-2.6852,355.4406,11.9898,2.8046
39.74,-26.304,17.9545,-2.6852,355.4414,11.9899,2.8048
39.76,-26.3042,17.9545,-2.6851,355.4427,11.9894,2.8052
39.78,-26.3044,17.9545,-2.6851,355.4415,11.9894,2.8041
39.8,-26.3048,17.9546,-2.685,355.4413,11.9879,2.8037
39.82,-26.3055,17.9545,-2.6852,355.4407,11.9851,2.8051
39.84,-26.3057,17.9543,-2.6849,355.4418,11.9844,2.8055
39.86,-26.3052,17.9545,-2.6848,355.4413,11.9845,2.8061
39.88,-26.3041,17.9543,-2.6846,355.4434,11.9862,2.8067
39.9,-26.3037,17.9543,-2.685,355.4421,11.9853,2.8076
39.92,-26.304,17.9546,-2.6849,355.4417,11.9857,2.806
39.94,-26.3043,17.9547,-2.6846,355.4417,11.9849,2.8061
39.96,-26.3043,17.9547,-2.6845,355.4412,11.9834,2.8055
39.98,-26.3037,17.9544,-2.6842,355.4427,11.9834,2.8057
40,-26.3035,17.9543,-2.6842,355.443,11.9827,2.8058
40.02,-26.3035,17.9542,-2.684,355.442,11.9836,2.8059
40.04,-26.3039,17.9546,-2.6842,355.4411,11.9807,2.8053
40.06,-26.3036,17.9547,-2.6843,355.4407,11.9816,2.804
40.08,-26.3034,17.9544,-2.6842,355.4427,11.9825,2.8032
40.1,-26.3036,17.9546,-2.6842,355.4411,11.9817,2.8035
40.12,-26.3035,17.9543,-2.6839,355.4423,11.9817,2.8042
40.14,-26.3033,17.9546,-2.6841,355.4412,11.9821,2.8026
40.16,-26.3033,17.9544,-2.6841,355.442,11.9818,2.8031
40.18,-26.3036,17.9542,-2.6842,355.4424,11.981,2.803
40.2,-26.3044,17.9544,-2.6843,355.4424,11.9809,2.8041
40.22,-26.3047,17.9545,-2.6845,355.4416,11.981,2.8032
40.24,-26.3042,17.9546,-2.6843,355.4415,11.9824,2.8027
40.26,-26.3043,17.9542,-2.6842,355.443,11.9829,2.8039
40.28,-26.3045,17.9545,-2.6844,355.4413,11.9815,2.8029
40.3,-26.3046,17.9545,-2.6845,355.4423,11.9813,2.8037
40.32,-26.305,17.9539,-2.6844,355.4449,11.98,2.8054
40.34,-26.3045,17.954,-2.6844,355.4432,11.9837,2.8061
40.36,-26.3044,17.9539,-2.6843,355.4439,11.9852,2.8067
40.38,-26.3045,17.9541,-2.6845,355.4427,11.9834,2.8062
40.4,-26.3045,17.9542,-2.6844,355.4429,11.9825,2.8061
40.42,-26.3041,17.9544,-2.6846,355.4426,11.9838,2.8055
40.44,-26.3037,17.9545,-2.6846,355.4425,11.9846,2.8041
40.46,-26.3038,17.9544,-2.6846,355.4423,11.9855,2.805
40.48,-26.3041,17.954,-2.6846,355.4438,11.9855,2.8069
40.5,-26.3041,17.954,-2.6847,355.4436,11.9868,2.8067
40.52,-26.3037,17.9544,-2.685,355.4416,11.9883,2.8045
40.54,-26.3036,17.9544,-2.6849,355.4416,11.9893,2.8055
40.56,-26.3036,17.9543,-2.6849,355.4417,11.989,2.806
40.58,-26.3035,17.9541,-2.6848,355.4431,11.9893,2.8071
40.6,-26.3026,17.9546,-2.685,355.442,11.9912,2.8053
40.62,-26.3029,17.9542,-2.685,355.443,11.9914,2.806
40.64,-26.3024,17.9545,-2.685,355.4405,11.9949,2.8049
40.66,-26.3028,17.9545,-2.685,355.4408,11.9942,2.8053
40.68,-26.3033,17.9544,-2.6852,355.4412,11.9912,2.806
40.7,-26.3029,17.9546,-2.6849,355.4416,11.9933,2.8043
40.72,-26.3029,17.9544,-2.685,355.4428,11.994,2.8044
40.74,-26.303,17.9546,-2.6851,355.4412,11.9924,2.8029
40.76,-26.3033,17.9543,-2.6852,355.4425,11.9914,2.8047
40.78,-26.3032,17.9545,-2.685,355.4418,11.9916,2.8043
40.8,-26.3034,17.9545,-2.685,355.4418,11.9904,2.8048
40.82,-26.3037,17.9543,-2.6852,355.4423,11.9885,2.8051
40.84,-26.3034,17.954,-2.6851,355.4443,11.9905,2.8058
40.86,-26.3034,17.9543,-2.6851,355.4429,11.991,2.8046
40.88,-26.3034,17.9545,-2.685,355.4417,11.9919,2.8047
40.9,-26.3036,17.9542,-2.6851,355.442,11.9902,2.8062
40.92,-26.3036,17.9544,-2.6852,355.4406,11.9905,2.8056
40.94,-26.3038,17.9543,-2.6851,355.4426,11.9898,2.8059
40.96,-26.304,17.9542,-2.6851,355.4432,11.9904,2.8058
40.98,-26.3043,17.9548,-2.6853,355.4409,11.9896,2.8054
41,-26.304,17.9543,-2.6849,355.4419,11.9891,2.8061
41.02,-26.3035,17.9544,-2.6848,355.442,11.9901,2.8065
41.04,-26.3034,17.9546,-2.6852,355.4397,11.9895,2.8049
41.06,-26.3037,17.9544,-2.6852,355.4407,11.9884,2.8064
41.08,-26.3037,17.9543,-2.6848,355.4423,11.9883,2.8064
41.1,-26.3035,17.9547,-2.6846,355.4406,11.9875,2.8047
41.12,-26.3033,17.9543,-2.6845,355.4431,11.987,2.8048
41.14,-26.3033,17.9545,-2.6844,355.4425,11.9861,2.8044
41.16,-26.3035,17.9542,-2.6842,355.4434,11.985,2.8056
41.18,-26.3034,17.9542,-2.6841,355.4433,11.9843,2.8051
41.2,-26.3033,17.9541,-2.684,355.4434,11.9837,2.8053
41.22,-26.3032,17.9539,-2.6839,355.4448,11.9842,2.8054
41.24,-26.303,17.954,-2.6841,355.4446,11.9841,2.8049
41.26,-26.3025,17.9539,-2.6839,355.445,11.9858,2.8045
41.28,-26.302,17.9541,-2.6842,355.4446,11.9869,2.8036
41.3,-26.3019,17.9543,-2.6841,355.4433,11.9887,2.8037
41.32,-26.3023,17.954,-2.6841,355.444,11.9882,2.8048
41.34,-26.3026,17.9545,-2.6842,355.4424,11.988,2.8028
41.36,-26.3032,17.9544,-2.6842,355.4419,11.9876,2.804
41.38,-26.3042,17.9544,-2.6845,355.4417,11.9833,2.805
41.4,-26.3044,17.9544,-2.6844,355.4408,11.9828,2.8048
41.42,-26.3047,17.9538,-2.6843,355.4437,11.9819,2.8067
41.44,-26.3044,17.9543,-2.6844,355.4413,11.9834,2.8052
41.46,-26.3041,17.9542,-2.6843,355.4421,11.985,2.8058
41.48,-26.3039,17.9544,-2.6844,355.4395,11.9872,2.8056
41.5,-26.3042,17.9544,-2.6845,355.4417,11.9854,2.8043
41.52,-26.3045,17.9544,-2.6846,355.4419,11.9845,2.8045
41.54,-26.3047,17.9541,-2.6844,355.4426,11.9854,2.8062
41.56,-26.305,17.9543,-2.6845,355.442,11.9849,2.8057
41.58,-26.3052,17.9542,-2.6845,355.4424,11.9826,2.8067
41.6,-26.3045,17.9542,-2.6844,355.4436,11.9827,2.8058
41.62,-26.3041,17.9545,-2.6844,355.4423,11.9837,2.8054
41.64,-26.3041,17.9544,-2.6843,355.4431,11.9837,2.8054
41.66,-26.304,17.9543,-2.6844,355.4435,11.9843,2.806
41.68,-26.3039,17.9544,-2.6847,355.4424,11.986,2.806
41.7,-26.3042,17.9543,-2.6848,355.4428,11.9858,2.8066
41.72,-26.3041,17.9544,-2.6847,355.4417,11.9855,2.8059
41.74,-26.3039,17.9545,-2.6848,355.4414,11.9867,2.8052
41.76,-26.3038,17.9546,-2.6851,355.4406,11.9862,2.8049
41.78,-26.3031,17.9546,-2.685,355.4416,11.9907,2.8033
41.8,-26.3035,17.954,-2.6849,355.4439,11.9888,2.807
41.82,-26.3033,17.9545,-2.6851,355.4392,11.9898,2.8056
41.84,-26.3034,17.9545,-2.6851,355.4405,11.9893,2.8051
41.86,-26.3034,17.9543,-2.6851,355.4422,11.9896,2.8058
41.88,-26.3036,17.9544,-2.6853,355.4408,11.9889,2.8057
41.9,-26.3039,17.9544,-2.6852,355.4416,11.9882,2.8052
41.92,-26.3036,17.9545,-2.6853,355.441,11.9894,2.8047
41.94,-26.3036,17.9543,-2.6852,355.4426,11.9893,2.8053
41.96,-26.3036,17.9546,-2.6852,355.4414,11.9905,2.8051
41.98,-26.3041,17.9542,-2.6851,355.4422,11.9888,2.8075
42,-26.304,17.9544,-2.685,355.4423,11.9902,2.8047
42.02,-26.3041,17.9544,-2.6851,355.4416,11.9889,2.8049
42.04,-26.3041,17.9543,-2.6851,355.4424,11.9889,2.8052
42.06,-26.3045,17.9544,-2.6852,355.4411,11.9863,2.8059
42.08,-26.3044,17.9542,-2.6849,355.4435,11.9857,2.8057
42.1,-26.3044,17.9546,-2.685,355.4411,11.9861,2.8045
42.12,-26.3047,17.9542,-2.685,355.4433,11.9845,2.8063
42.14,-26.3044,17.9546,-2.685,355.4407,11.9849,2.8055
42.16,-26.3043,17.9546,-2.6849,355.4397,11.9864,2.8057
42.18,-26.3042,17.9546,-2.6848,355.4408,11.9881,2.8051
42.2,-26.3048,17.9543,-2.685,355.4419,11.9861,2.8061
42.22,-26.3047,17.9547,-2.685,355.4389,11.9873,2.8057
42.24,-26.3049,17.9545,-2.6849,355.4411,11.9859,2.8063
42.26,-26.3051,17.9545,-2.6849,355.4409,11.9854,2.8061
42.28,-26.305,17.9542,-2.6849,355.4429,11.9855,2.8066
42.3,-26.305,17.9542,-2.6849,355.4431,11.9855,2.8063
42.32,-26.3052,17.9547,-2.685,355.4407,11.9844,2.8068
42.34,-26.3044,17.9541,-2.6844,355.4431,11.9858,2.8073
42.36,-26.3042,17.9543,-2.6845,355.4432,11.9848,2.8067
42.38,-26.3043,17.9539,-2.6845,355.4447,11.9833,2.8071
42.4,-26.3045,17.954,-2.6842,355.4454,11.9842,2.8062
42.42,-26.3044,17.9541,-2.6839,355.445,11.9843,2.8056
42.44,-26.3045,17.954,-2.684,355.4452,11.982,2.8066
42.46,-26.3046,17.9541,-2.6843,355.4435,11.9799,2.807
42.48,-26.3044,17.9539,-2.6842,355.4444,11.981,2.8071
42.5,-26.3039,17.9541,-2.684,355.4438,11.9828,2.8067
42.52,-26.3038,17.9544,-2.6842,355.4424,11.9819,2.8054
42.54,-26.3032,17.9542,-2.6841,355.4421,11.984,2.8046
42.56,-26.303,17.9539,-2.6839,355.4435,11.9841,2.8051
42.58,-26.3033,17.954,-2.684,355.4436,11.9835,2.8053
42.6,-26.3033,17.9541,-2.6839,355.4434,11.9847,2.8034
42.62,-26.3035,17.9543,-2.6839,355.4428,11.984,2.8032
42.64,-26.3042,17.9541,-2.6841,355.4423,11.9822,2.8046
42.66,-26.3046,17.954,-2.6841,355.4418,11.9812,2.8046
42.68,-26.3047,17.9539,-2.684,355.4432,11.9801,2.8061
42.7,-26.3045,17.9539,-2.684,355.4441,11.9797,2.8063
42.72,-26.3044,17.954,-2.6841,355.4438,11.9796,2.8057
42.74,-26.3042,17.9543,-2.6842,355.442,11.9816,2.8057
42.76,-26.3042,17.9541,-2.6841,355.4442,11.9814,2.8045
42.78,-26.3043,17.9542,-2.6842,355.4426,11.9813,2.8056
42.8,-26.3046,17.9542,-2.6842,355.4429,11.9806,2.8063
42.82,-26.3048,17.954,-2.6841,355.4436,11.9813,2.8073
42.84,-26.305,17.954,-2.6842,355.4438,11.9809,2.808
42.86,-26.3049,17.954,-2.6843,355.4435,11.9805,2.8076
42.88,-26.3044,17.9541,-2.6844,355.4432,11.9829,2.8066
42.9,-26.304,17.9546,-2.6846,355.4403,11.9868,2.8051
42.92,-26.3042,17.9542,-2.6846,355.4425,11.9869,2.8071
42.94,-26.3041,17.954,-2.6846,355.4441,11.9872,2.8078
42.96,-26.3042,17.9541,-2.6847,355.4445,11.9866,2.8074
42.98,-26.3039,17.9542,-2.6846,355.4437,11.9888,2.8065
43,-26.3035,17.9544,-2.6849,355.4426,11.9898,2.8059
43.02,-26.3034,17.9543,-2.6849,355.4427,11.9912,2.8057
43.04,-26.3035,17.9541,-2.6851,355.4431,11.9899,2.8064
43.06,-26.3033,17.9543,-2.685,355.4418,11.9925,2.8053
43.08,-26.3035,17.9544,-2.6852,355.4412,11.9914,2.8044
43.1,-26.3041,17.9547,-2.6854,355.4398,11.9901,2.8054
43.12,-26.3041,17.9547,-2.6853,355.4402,11.9899,2.8044
43.14,-26.3041,17.9544,-2.6853,355.4413,11.9904,2.8047
43.16,-26.3042,17.9545,-2.6855,355.4401,11.9903,2.8052
43.18,-26.304,17.9545,-2.6855,355.4407,11.9899,2.8049
43.2,-26.3035,17.9544,-2.6851,355.4425,11.991,2.8043
43.22,-26.3036,17.9547,-2.6852,355.4409,11.9913,2.8034
43.24,-26.3034,17.9546,-2.6851,355.4413,11.9931,2.804
43.26,-26.3036,17.9543,-2.6851,355.4429,11.992,2.8044
43.28,-26.3037,17.9545,-2.6852,355.4406,11.9915,2.8057
43.3,-26.3038,17.9542,-2.6851,355.4431,11.9903,2.8059
43.32,-26.3039,17.954,-2.685,355.4431,11.99,2.8068
43.34,-26.3043,17.9543,-2.6851,355.441,11.9879,2.8074
43.36,-26.3044,17.9543,-2.6852,355.4413,11.987,2.807
43.38,-26.3041,17.954,-2.6849,355.4433,11.9874,2.8076
43.4,-26.3036,17.9545,-2.6851,355.4407,11.9881,2.8057
43.42,-26.3037,17.9542,-2.6849,355.4427,11.9874,2.8066
43.44,-26.3036,17.9545,-2.6849,355.4417,11.9875,2.8053
43.46,-26.3036,17.9544,-2.6846,355.4421,11.9868,2.8061
43.48,-26.3037,17.9543,-2.6846,355.4424,11.9859,2.8066
43.5,-26.3038,17.9543,-2.6845,355.4432,11.9831,2.8063
43.52,-26.3039,17.9543,-2.6844,355.4427,11.983,2.8061
43.54,-26.3044,17.9539,-2.6843,355.4447,11.9785,2.809
43.56,-26.3039,17.9541,-2.6839,355.4442,11.9819,2.8055
43.58,-26.3041,17.954,-2.684,355.4446,11.9786,2.8071
43.6,-26.3033,17.9544,-2.6839,355.4441,11.9811,2.8041
43.62,-26.3031,17.9542,-2.684,355.4442,11.9821,2.805
43.64,-26.3032,17.9544,-2.6843,355.4416,11.9823,2.8054
43.66,-26.3033,17.9542,-2.6842,355.4432,11.9828,2.8055
43.68,-26.3034,17.9543,-2.6841,355.4426,11.983,2.8048
43.7,-26.304,17.9547,-2.6845,355.4399,11.9814,2.8042
43.72,-26.3042,17.9543,-2.6841,355.442,11.9805,2.8049
43.74,-26.3042,17.9544,-2.684,355.4425,11.9805,2.8044
43.76,-26.304,17.9542,-2.684,355.4431,11.9807,2.8052
43.78,-26.3038,17.9542,-2.6841,355.4434,11.9812,2.8044
43.8,-26.3037,17.9541,-2.6842,355.4434,11.986,2.8049
43.82,-26.3043,17.954,-2.6843,355.4445,11.9828,2.8051
43.84,-26.3041,17.9541,-2.6841,355.4432,11.9838,2.8048
43.86,-26.3046,17.9539,-2.6841,355.4457,11.9809,2.8064
43.88,-26.3049,17.9539,-2.6843,355.4448,11.9796,2.8062
43.9,-26.3048,17.9539,-2.6841,355.446,11.9807,2.8064
43.92,-26.3049,17.954,-2.6842,355.4447,11.98,2.8067
43.94,-26.3048,17.9541,-2.6842,355.4438,11.981,2.8066
43.96,-26.3048,17.9543,-2.6843,355.4438,11.9807,2.8055
43.98,-26.3044,17.9543,-2.6842,355.4437,11.9827,2.8059
44,-26.3043,17.9539,-2.6842,355.4441,11.9825,2.8073
44.02,-26.3041,17.9539,-2.6841,355.4453,11.9839,2.807
44.04,-26.3041,17.9541,-2.6841,355.4445,11.9838,2.8075
44.06,-26.3042,17.9541,-2.6842,355.4437,11.9837,2.807
44.08,-26.3039,17.9542,-2.6843,355.4439,11.9851,2.8061
44.1,-26.3039,17.9543,-2.6843,355.4429,11.9863,2.8057
44.12,-26.3046,17.9542,-2.6847,355.4432,11.9832,2.8066
44.14,-26.3046,17.9541,-2.6847,355.4431,11.9854,2.8074
44.16,-26.3044,17.9541,-2.6846,355.4438,11.9869,2.8068
44.18,-26.3042,17.9541,-2.6847,355.4435,11.9873,2.8063
44.2,-26.3034,17.954,-2.6846,355.4431,11.9901,2.8071
44.22,-26.3034,17.9543,-2.6848,355.443,11.9913,2.8056
44.24,-26.3039,17.9538,-2.6849,355.4447,11.989,2.8084
44.26,-26.3037,17.9537,-2.6847,355.4451,11.9892,2.8087
44.28,-26.3038,17.9539,-2.6848,355.4442,11.9879,2.8084
44.3,-26.3039,17.9541,-2.6848,355.4436,11.9897,2.8067
44.32,-26.3035,17.9544,-2.6847,355.4422,11.9929,2.805
44.34,-26.3038,17.9543,-2.6848,355.4437,11.9912,2.8051
44.36,-26.3039,17.9542,-2.6849,355.4424,11.9902,2.8064
44.38,-26.3037,17.9542,-2.6848,355.4429,11.9911,2.806
44.4,-26.304,17.9539,-2.6849,355.4441,11.989,2.8074
44.42,-26.3039,17.9542,-2.6849,355.4428,11.9893,2.806
44.44,-26.3042,17.9543,-2.6849,355.443,11.9873,2.8058
44.46,-26.3044,17.9542,-2.6849,355.4441,11.9857,2.8062
44.48,-26.3043,17.9542,-2.6849,355.4433,11.9861,2.8066
44.5,-26.3043,17.9542,-2.6847,355.442,11.9881,2.8063
44.52,-26.3042,17.9543,-2.6848,355.4426,11.9883,2.8054
44.54,-26.3042,17.9544,-2.6851,355.4431,11.9882,2.8037
44.56,-26.3043,17.9537,-2.6848,355.4456,11.9885,2.8071
44.58,-26.3042,17.9539,-2.6849,355.4448,11.9892,2.8062
44.6,-26.3047,17.954,-2.6849,355.4424,11.9878,2.8082
44.62,-26.3049,17.9536,-2.6847,355.4452,11.9878,2.8088
44.64,-26.3042,17.9539,-2.6847,355.4442,11.9919,2.807
44.66,-26.3043,17.9542,-2.6848,355.4424,11.9897,2.8068
44.68,-26.3043,17.9543,-2.6848,355.4426,11.9881,2.8071
44.7,-26.305,17.9541,-2.6848,355.4434,11.9844,2.8086
44.72,-26.3047,17.9541,-2.6845,355.4442,11.985,2.8072
44.74,-26.3044,17.9547,-2.6846,355.4381,11.9854,2.8068
44.76,-26.304,17.9543,-2.6844,355.4419,11.9856,2.8074
44.78,-26.304,17.9542,-2.6843,355.4444,11.9838,2.8071
44.8,-26.3049,17.9537,-2.6842,355.4469,11.9811,2.8074
44.82,-26.3047,17.9538,-2.6841,355.4464,11.9809,2.8066
44.84,-26.3045,17.9539,-2.684,355.4449,11.982,2.8076
44.86,-26.3042,17.9535,-2.6839,355.4467,11.982,2.8083
44.88,-26.3041,17.9539,-2.684,355.4449,11.9827,2.8069
44.9,-26.3047,17.9537,-2.6841,355.446,11.9791,2.8081
44.92,-26.3042,17.9538,-2.6839,355.4462,11.9809,2.8075
44.94,-26.304,17.9539,-2.684,355.4445,11.9815,2.8066
44.96,-26.3037,17.954,-2.6841,355.4441,11.9831,2.8058
44.98,-26.3036,17.9539,-2.6841,355.4444,11.9834,2.8061
45,-26.304,17.9541,-2.684,355.4433,11.9843,2.8064
45.02,-26.3042,17.954,-2.684,355.4444,11.9835,2.8055
45.04,-26.3051,17.9543,-2.6844,355.4427,11.9805,2.8065
45.06,-26.3046,17.9541,-2.6842,355.4433,11.9825,2.8057
45.08,-26.3049,17.954,-2.6841,355.4438,11.9827,2.8062
45.1,-26.3049,17.9538,-2.6842,355.4454,11.9816,2.8074
45.12,-26.3048,17.9538,-2.6841,355.4458,11.9818,2.8079
45.14,-26.3044,17.9542,-2.6841,355.4428,11.9841,2.8075
45.16,-26.3044,17.9537,-2.684,355.4459,11.9832,2.8084
45.18,-26.3042,17.9539,-2.684,355.4456,11.9832,2.8071
45.2,-26.3043,17.9539,-2.684,355.445,11.9826,2.8072
45.22,-26.3045,17.9541,-2.6839,355.4449,11.9819,2.807
45.24,-26.305,17.9539,-2.6839,355.4449,11.982,2.8086
45.26,-26.3051,17.9538,-2.6842,355.4453,11.9815,2.8083
45.28,-26.3053,17.954,-2.6845,355.4432,11.98,2.8079
45.3,-26.3049,17.9541,-2.6841,355.4433,11.9827,2.8078
45.32,-26.3048,17.954,-2.6841,355.444,11.9831,2.8071
45.34,-26.3049,17.9541,-2.6845,355.4429,11.9826,2.8079
45.36,-26.3044,17.9543,-2.6846,355.4429,11.9856,2.8063
45.38,-26.3044,17.9543,-2.6846,355.4426,11.9858,2.806
45.4,-26.3042,17.9542,-2.6846,355.4427,11.9874,2.8065
45.42,-26.3046,17.9541,-2.6848,355.4427,11.9868,2.8081
45.44,-26.3047,17.9541,-2.6849,355.4434,11.9862,2.808
45.46,-26.3044,17.9543,-2.6848,355.4427,11.9879,2.8076
45.48,-26.304,17.9543,-2.6847,355.4427,11.9886,2.8067
45.5,-26.3043,17.9543,-2.6848,355.4421,11.9882,2.8071
45.52,-26.3043,17.9542,-2.6848,355.4435,11.9872,2.8073
45.54,-26.3035,17.9542,-2.6847,355.4437,11.9912,2.8067
45.56,-26.3035,17.9544,-2.685,355.4427,11.9911,2.8063
45.58,-26.3036,17.9543,-2.685,355.4422,11.9912,2.8063
45.6,-26.3042,17.954,-2.6848,355.4441,11.9885,2.8066
45.62,-26.3046,17.9539,-2.6848,355.4455,11.9879,2.8077
45.64,-26.3044,17.954,-2.6849,355.4434,11.9882,2.8075
45.66,-26.304,17.9543,-2.685,355.4416,11.9884,2.8058
45.68,-26.3042,17.9541,-2.6849,355.443,11.9861,2.8068
45.7,-26.3041,17.9543,-2.6849,355.4423,11.9881,2.8053
45.72,-26.3044,17.9542,-2.6851,355.4425,11.9852,2.806
45.74,-26.3042,17.9543,-2.6849,355.4427,11.9869,2.8056
45.76,-26.3042,17.9543,-2.6849,355.4435,11.9865,2.8047
45.78,-26.3043,17.9541,-2.6849,355.4424,11.9866,2.8064
45.8,-26.3042,17.9543,-2.6851,355.4427,11.9863,2.8056
45.82,-26.3043,17.9542,-2.685,355.4444,11.9864,2.8061
45.84,-26.3039,17.954,-2.6848,355.4454,11.989,2.8062
45.86,-26.3042,17.954,-2.6849,355.4446,11.9879,2.807
45.88,-26.3043,17.954,-2.685,355.4445,11.9876,2.8075
45.9,-26.3049,17.9544,-2.6852,355.4423,11.9861,2.8078
45.92,-26.3043,17.9544,-2.6848,355.4415,11.989,2.8073
45.94,-26.3046,17.9542,-2.6848,355.4427,11.9869,2.8078
45.96,-26.3042,17.9539,-2.6846,355.4445,11.9884,2.8083
45.98,-26.3043,17.9539,-2.6847,355.4441,11.9871,2.809
46,-26.3045,17.9539,-2.6846,355.4453,11.9846,2.8078
46.02,-26.3043,17.9538,-2.6845,355.446,11.9846,2.8079
46.04,-26.3042,17.9541,-2.6846,355.444,11.984,2.8075
46.06,-26.3038,17.9541,-2.6843,355.4438,11.9862,2.8072
46.08,-26.3039,17.9538,-2.684,355.4451,11.9858,2.8075
46.1,-26.3039,17.9542,-2.684,355.4421,11.9832,2.8071
46.12,-26.3033,17.9542,-2.6839,355.4433,11.9853,2.8065
46.14,-26.3035,17.9541,-2.684,355.4439,11.9849,2.8062
46.16,-26.3043,17.9542,-2.6841,355.4424,11.9819,2.8066
46.18,-26.3052,17.954,-2.6839,355.443,11.9781,2.8087
46.2,-26.3046,17.954,-2.684,355.4435,11.9792,2.8062
46.22,-26.3042,17.9543,-2.6842,355.4427,11.98,2.805
46.24,-26.3042,17.9541,-2.684,355.444,11.9804,2.8047
46.26,-26.3042,17.9541,-2.6838,355.4441,11.9816,2.8055
46.28,-26.3046,17.9544,-2.6842,355.4428,11.9788,2.8044
46.3,-26.3041,17.9544,-2.6841,355.4437,11.982,2.8029
46.32,-26.3044,17.9544,-2.6842,355.4433,11.9831,2.8028
46.34,-26.305,17.954,-2.6841,355.4443,11.9812,2.8044
46.36,-26.305,17.9543,-2.6841,355.4427,11.9804,2.8054
46.38,-26.305,17.954,-2.684,355.444,11.9799,2.8055
46.4,-26.3049,17.9539,-2.6842,355.4445,11.9802,2.8066
46.42,-26.3046,17.9539,-2.6841,355.445,11.9809,2.8057
46.44,-26.3049,17.954,-2.6843,355.4443,11.9804,2.8063
46.46,-26.3049,17.9541,-2.6843,355.4437,11.9815,2.8073
46.48,-26.3049,17.9539,-2.6842,355.4461,11.9816,2.8077
46.5,-26.3047,17.9543,-2.6842,355.4427,11.982,2.8055
46.52,-26.3045,17.9543,-2.6842,355.4424,11.9842,2.8059
46.54,-26.3048,17.9542,-2.6844,355.4422,11.983,2.8075
46.56,-26.305,17.954,-2.6845,355.4428,11.982,2.8085
46.58,-26.3049,17.954,-2.6847,355.4436,11.9826,2.8081
46.6,-26.3045,17.9542,-2.6848,355.442,11.9846,2.8083
46.62,-26.3044,17.9542,-2.6848,355.4417,11.9867,2.8081
46.64,-26.3045,17.9544,-2.685,355.441,11.9864,2.8082
46.66,-26.3044,17.9542,-2.685,355.4411,11.9866,2.8087
46.68,-26.3043,17.9539,-2.6847,355.446,11.9851,2.8095
46.7,-26.3036,17.9545,-2.685,355.4415,11.9895,2.8058
46.72,-26.3041,17.9544,-2.6851,355.4419,11.9877,2.8064
46.74,-26.3043,17.9542,-2.6851,355.4421,11.9881,2.8071
46.76,-26.3043,17.9542,-2.685,355.4424,11.9887,2.8068
46.78,-26.3044,17.9539,-2.6849,355.4436,11.9881,2.8077
46.8,-26.3043,17.954,-2.6851,355.444,11.9877,2.8072
46.82,-26.3044,17.9541,-2.6851,355.4422,11.9882,2.8074
46.84,-26.3046,17.9538,-2.685,355.4438,11.9876,2.8087
46.86,-26.3045,17.9541,-2.6851,355.4433,11.9862,2.8076
46.88,-26.3041,17.9542,-2.6851,355.4428,11.9895,2.8065
46.9,-26.3042,17.9543,-2.685,355.4425,11.9904,2.8061
46.92,-26.3047,17.9539,-2.685,355.4445,11.9874,2.8074
46.94,-26.3047,17.9544,-2.685,355.4416,11.9877,2.8072
46.96,-26.3047,17.9544,-2.6851,355.4417,11.9868,2.8067
46.98,-26.3049,17.9539,-2.685,355.444,11.9855,2.808
47,-26.3049,17.9542,-2.685,355.4411,11.9853,2.8078
47.02,-26.3051,17.9541,-2.6849,355.4425,11.9852,2.8076
47.04,-26.3049,17.9542,-2.6849,355.4421,11.9872,2.8063
47.06,-26.3049,17.9542,-2.6849,355.4421,11.9873,2.8069
47.08,-26.3051,17.9541,-2.685,355.4433,11.9861,2.8073
47.1,-26.305,17.9541,-2.685,355.4422,11.9855,2.8089
47.12,-26.305,17.9541,-2.6849,355.4423,11.9856,2.8088
47.14,-26.3049,17.9541,-2.6848,355.4424,11.9857,2.8088
47.16,-26.3049,17.9542,-2.6849,355.4416,11.9853,2.8087
47.18,-26.305,17.9542,-2.685,355.4416,11.9844,2.8077
47.2,-26.305,17.9543,-2.6848,355.4417,11.985,2.8076
47.22,-26.3054,17.9537,-2.6847,355.4492,11.9797,2.8084
47.24,-26.305,17.954,-2.6846,355.4443,11.9834,2.8079
47.26,-26.3052,17.9543,-2.6846,355.442,11.9826,2.8072
47.28,-26.3051,17.9541,-2.6846,355.4426,11.9815,2.8084
47.3,-26.3042,17.9544,-2.6845,355.4412,11.9835,2.8068
47.32,-26.3039,17.9543,-2.6842,355.4403,11.9854,2.8059
47.34,-26.3045,17.954,-2.6842,355.4422,11.9834,2.8069
47.36,-26.3048,17.9542,-2.6843,355.4429,11.9823,2.8077
47.38,-26.3047,17.9543,-2.6842,355.4431,11.9819,2.8065
47.4,-26.3046,17.9542,-2.6843,355.4424,11.98,2.8069
47.42,-26.3044,17.9543,-2.6842,355.4421,11.9809,2.806
47.44,-26.3042,17.9542,-2.684,355.4429,11.9822,2.8053
47.46,-26.3044,17.954,-2.6841,355.4447,11.9807,2.8065
47.48,-26.3043,17.9542,-2.6841,355.4429,11.9827,2.806
47.5,-26.3047,17.9541,-2.6844,355.4432,11.9807,2.8056
47.52,-26.3047,17.9539,-2.6842,355.4442,11.9811,2.8066
47.54,-26.3047,17.9541,-2.6842,355.4434,11.9823,2.8059
47.56,-26.3046,17.9541,-2.6842,355.4443,11.9816,2.8058
47.58,-26.3047,17.9543,-2.6843,355.4428,11.981,2.8056
47.6,-26.3051,17.9541,-2.6843,355.4431,11.98,2.8064
47.62,-26.3054,17.9543,-2.6845,355.4421,11.9793,2.8062
47.64,-26.3055,17.9539,-2.6844,355.4439,11.9789,2.8077
47.66,-26.3054,17.9537,-2.6842,355.4448,11.9792,2.8078
47.68,-26.3052,17.9544,-2.6843,355.441,11.9803,2.8054
47.7,-26.3054,17.9539,-2.6843,355.4442,11.9781,2.8081
47.72,-26.3048,17.9544,-2.6843,355.4423,11.9808,2.8065
47.74,-26.3048,17.9541,-2.6843,355.4439,11.981,2.8073
47.76,-26.3049,17.9539,-2.6843,355.4444,11.982,2.8082
47.78,-26.3049,17.9544,-2.6845,355.4409,11.9827,2.8074
47.8,-26.3044,17.9546,-2.6845,355.441,11.9863,2.8043
47.82,-26.3045,17.9545,-2.6847,355.4406,11.9851,2.8055
47.84,-26.3048,17.9542,-2.6848,355.4411,11.9841,2.8069
47.86,-26.3046,17.9542,-2.6846,355.4435,11.9837,2.8073
47.88,-26.3043,17.9541,-2.6846,355.4439,11.9853,2.8081
47.9,-26.3043,17.9541,-2.6849,355.4434,11.9854,2.8079
47.92,-26.3041,17.9542,-2.6849,355.4428,11.9868,2.806
47.94,-26.304,17.9544,-2.6849,355.4417,11.9885,2.805
47.96,-26.3041,17.9545,-2.685,355.4406,11.9889,2.8055
47.98,-26.304,17.9543,-2.6849,355.4415,11.9899,2.8058
48,-26.3038,17.9543,-2.685,355.4431,11.9896,2.8057
48.02,-26.3039,17.9544,-2.685,355.4423,11.99,2.8054
48.04,-26.3037,17.9543,-2.6849,355.4425,11.9922,2.8054
48.06,-26.304,17.9541,-2.685,355.4438,11.9905,2.8065
48.08,-26.3037,17.9543,-2.685,355.4421,11.9919,2.8061
48.1,-26.3036,17.9541,-2.685,355.4435,11.9911,2.8056
48.12,-26.3036,17.9542,-2.685,355.4426,11.9906,2.8056
48.14,-26.3034,17.9542,-2.6849,355.4423,11.9941,2.8052
48.16,-26.3039,17.9541,-2.6849,355.4432,11.9906,2.8059
48.18,-26.3043,17.9543,-2.685,355.4423,11.9889,2.8059
48.2,-26.3038,17.9543,-2.6849,355.4425,11.9903,2.8055
48.22,-26.3038,17.9543,-2.6849,355.4426,11.9896,2.8055
48.24,-26.3041,17.954,-2.6849,355.444,11.9879,2.807
48.26,-26.3041,17.9544,-2.685,355.4423,11.988,2.8052
48.28,-26.304,17.9545,-2.685,355.4412,11.9879,2.8049
48.3,-26.3041,17.9542,-2.685,355.4432,11.9874,2.8062
48.32,-26.3041,17.9548,-2.6852,355.4417,11.9873,2.8056
48.34,-26.3041,17.9544,-2.685,355.442,11.9886,2.8061
48.36,-26.3044,17.9544,-2.6851,355.4419,11.9866,2.8066
48.38,-26.3042,17.9543,-2.6848,355.4426,11.9881,2.806
48.4,-26.3042,17.9544,-2.6849,355.4408,11.9861,2.8051
48.42,-26.3042,17.9547,-2.6849,355.44,11.9875,2.8049
48.44,-26.3044,17.9542,-2.6848,355.4419,11.9862,2.8071
48.46,-26.3043,17.9543,-2.6847,355.4425,11.9858,2.8063
48.48,-26.3044,17.9539,-2.6846,355.4441,11.9846,2.8076
48.5,-26.304,17.9541,-2.6844,355.4435,11.9864,2.8061
48.52,-26.3042,17.9544,-2.6846,355.4425,11.9846,2.8064
48.54,-26.304,17.9542,-2.6844,355.4434,11.9854,2.8061
48.56,-26.3041,17.9541,-2.6845,355.4434,11.9846,2.8071
48.58,-26.3043,17.9544,-2.6845,355.4422,11.9832,2.8062
48.6,-26.3039,17.9546,-2.6843,355.4411,11.9841,2.8041
48.62,-26.3035,17.9544,-2.6841,355.4427,11.9842,2.8033
48.64,-26.304,17.9541,-2.6842,355.4436,11.9824,2.8051
48.66,-26.3041,17.9541,-2.6842,355.4437,11.9835,2.8059
48.68,-26.3042,17.9542,-2.6842,355.4437,11.9834,2.8053
48.7,-26.3043,17.9545,-2.6842,355.4424,11.9835,2.8038
48.72,-26.3043,17.9542,-2.6842,355.4431,11.9827,2.8044
48.74,-26.3043,17.954,-2.6842,355.4446,11.983,2.8051
48.76,-26.3044,17.9543,-2.6843,355.4431,11.9829,2.8052
48.78,-26.3042,17.9541,-2.6842,355.4438,11.9837,2.8051
48.8,-26.3043,17.9542,-2.6843,355.4441,11.9829,2.8046
48.82,-26.3046,17.9543,-2.6843,355.444,11.9813,2.8046
48.84,-26.3048,17.9544,-2.6843,355.4429,11.9815,2.8055
48.86,-26.3047,17.9542,-2.6841,355.4436,11.9824,2.8061
48.88,-26.3046,17.9543,-2.6841,355.4432,11.9818,2.806
48.9,-26.304,17.9544,-2.6842,355.4427,11.9836,2.8053
48.92,-26.3042,17.9542,-2.6842,355.4433,11.9842,2.8061
48.94,-26.3044,17.954,-2.6843,355.4437,11.9828,2.8067
48.96,-26.3047,17.9542,-2.6844,355.4427,11.9827,2.8061
48.98,-26.3051,17.9543,-2.6846,355.4421,11.9811,2.8058
49,-26.3047,17.9546,-2.6845,355.4422,11.9831,2.8048
49.02,-26.3046,17.9542,-2.6845,355.443,11.9835,2.8065
49.04,-26.3044,17.9541,-2.6844,355.4435,11.9841,2.8059
49.06,-26.3043,17.9543,-2.6843,355.4433,11.985,2.8059
49.08,-26.304,17.9542,-2.6843,355.4427,11.9866,2.8066
49.1,-26.3042,17.954,-2.6846,355.4431,11.9856,2.8079
49.12,-26.3042,17.9543,-2.6847,355.442,11.9875,2.8066
49.14,-26.3042,17.954,-2.6847,355.4431,11.989,2.8083
49.16,-26.3041,17.9545,-2.6848,355.4415,11.9886,2.8059
49.18,-26.3038,17.9542,-2.6847,355.4431,11.9883,2.8053
49.2,-26.3037,17.9543,-2.6848,355.4428,11.989,2.805
49.22,-26.3042,17.9539,-2.6848,355.4453,11.9875,2.8063
49.24,-26.3044,17.9541,-2.6848,355.4455,11.9873,2.8058
49.26,-26.3046,17.9544,-2.685,355.4429,11.988,2.8055
49.28,-26.3044,17.9542,-2.685,355.4428,11.9901,2.8071
49.3,-26.3039,17.9544,-2.6849,355.4423,11.99,2.8058
49.32,-26.3038,17.9541,-2.6848,355.4429,11.9896,2.8063
49.34,-26.3038,17.9541,-2.6848,355.4436,11.9908,2.8062
49.36,-26.304,17.9543,-2.6849,355.4424,11.9915,2.8056
49.38,-26.3045,17.9542,-2.685,355.4429,11.9902,2.8059
49.4,-26.3052,17.9541,-2.685,355.4428,11.9882,2.8063
49.42,-26.305,17.954,-2.6848,355.4441,11.9876,2.8076
49.44,-26.3044,17.9546,-2.6849,355.4424,11.9893,2.8047
49.46,-26.3042,17.9545,-2.685,355.4425,11.989,2.8047
49.48,-26.3042,17.9543,-2.685,355.4433,11.9894,2.8052
49.5,-26.3044,17.9546,-2.6849,355.4413,11.9888,2.8056
49.52,-26.3049,17.9544,-2.685,355.4414,11.9872,2.8069
49.54,-26.3049,17.9541,-2.6849,355.4427,11.9874,2.8075
49.56,-26.3048,17.9542,-2.6848,355.443,11.9871,2.8075
49.58,-26.3047,17.9541,-2.6847,355.4432,11.9862,2.8079
49.6,-26.3048,17.9544,-2.6847,355.4433,11.985,2.806
49.62,-26.3047,17.9544,-2.6846,355.4437,11.986,2.8054
49.64,-26.3046,17.9545,-2.6847,355.4403,11.9883,2.8064
49.66,-26.3046,17.9542,-2.6845,355.4433,11.9877,2.8065
49.68,-26.3048,17.9543,-2.6846,355.4435,11.9869,2.8052
49.7,-26.3046,17.9541,-2.6844,355.4449,11.9871,2.8056
49.72,-26.3043,17.9542,-2.6842,355.4448,11.9875,2.8063
49.74,-26.3044,17.9543,-2.6844,355.4427,11.988,2.8066
49.76,-26.3044,17.9543,-2.6844,355.4427,11.9876,2.8065
49.78,-26.3043,17.9543,-2.6844,355.4428,11.9881,2.8064
49.8,-26.3046,17.954,-2.6843,355.4449,11.9853,2.8075
49.82,-26.3045,17.9543,-2.6843,355.4425,11.9861,2.8064
49.84,-26.3045,17.9542,-2.6844,355.4428,11.9864,2.8069
49.86,-26.3044,17.9541,-2.6842,355.4442,11.9864,2.8073
49.88,-26.3046,17.9541,-2.6844,355.4437,11.9849,2.8078
49.9,-26.3046,17.9541,-2.6842,355.4441,11.9833,2.8069
49.92,-26.3042,17.954,-2.6842,355.4442,11.9844,2.8064
49.94,-26.3042,17.9539,-2.6841,355.4462,11.984,2.8065
49.96,-26.3041,17.954,-2.684,355.4455,11.9841,2.806
49.98,-26.3044,17.954,-2.6842,355.445,11.9825,2.8059
50,-26.3042,17.9542,-2.6842,355.4432,11.9846,2.8048
50.02,-26.3043,17.9541,-2.6841,355.4445,11.9826,2.8051
50.04,-26.3043,17.9542,-2.6839,355.4443,11.9844,2.8047
50.06,-26.3045,17.9541,-2.6839,355.4443,11.9831,2.8058
50.08,-26.3043,17.9539,-2.6838,355.446,11.9841,2.806
50.1,-26.3041,17.9539,-2.6838,355.4449,11.9842,2.8063
50.12,-26.304,17.954,-2.6839,355.4447,11.9853,2.8058
50.14,-26.3044,17.954,-2.6841,355.444,11.9835,2.806
50.16,-26.3048,17.9543,-2.6842,355.4428,11.9824,2.8061
50.18,-26.3046,17.9539,-2.6838,355.4451,11.9836,2.807
50.2,-26.3046,17.9538,-2.684,355.445,11.983,2.8078
50.22,-26.3047,17.954,-2.6841,355.4443,11.982,2.8065
50.24,-26.3047,17.9539,-2.6839,355.4457,11.9828,2.807
50.26,-26.3048,17.9538,-2.684,355.4461,11.982,2.8076
50.28,-26.3043,17.9541,-2.6841,355.4435,11.9854,2.8056
50.3,-26.3044,17.9542,-2.6844,355.4432,11.9856,2.8064
50.32,-26.3044,17.954,-2.6843,355.4438,11.9861,2.8079
50.34,-26.3042,17.9539,-2.6841,355.4451,11.9876,2.807
50.36,-26.3042,17.9539,-2.6842,355.4447,11.9865,2.8078
50.38,-26.3046,17.9541,-2.6846,355.4442,11.9846,2.8071
50.4,-26.3041,17.9542,-2.6845,355.4436,11.9875,2.807
50.42,-26.3039,17.9539,-2.6844,355.4445,11.9898,2.8082
50.44,-26.3039,17.954,-2.6846,355.4455,11.9896,2.8075
50.46,-26.3035,17.954,-2.6846,355.4452,11.9922,2.8077
50.48,-26.3038,17.9539,-2.6848,355.4456,11.9911,2.8074
50.5,-26.3036,17.9539,-2.6845,355.4448,11.9929,2.8068
50.52,-26.3035,17.9538,-2.6845,355.4454,11.9932,2.806
50.54,-26.3036,17.954,-2.6848,355.4418,11.9933,2.8069
50.56,-26.3038,17.9541,-2.685,355.4428,11.9926,2.8062
50.58,-26.304,17.954,-2.6848,355.4445,11.9909,2.8073
50.6,-26.3039,17.9541,-2.6847,355.4443,11.9931,2.8065
50.62,-26.3036,17.9543,-2.6849,355.4419,11.9948,2.8061
50.64,-26.3037,17.954,-2.6848,355.4444,11.9943,2.8063
50.66,-26.3035,17.9542,-2.6847,355.4435,11.9945,2.8057
50.68,-26.3038,17.9544,-2.6848,355.443,11.9927,2.804
50.7,-26.3041,17.9544,-2.685,355.4423,11.9911,2.8052
50.72,-26.3041,17.9544,-2.685,355.4426,11.9903,2.8045
50.74,-26.3041,17.9542,-2.6848,355.4436,11.9908,2.8055
50.76,-26.3041,17.9542,-2.6846,355.4435,11.99,2.8053
50.78,-26.3042,17.9542,-2.6846,355.4428,11.9899,2.8064
50.8,-26.3042,17.9543,-2.6848,355.4432,11.9864,2.8058
50.82,-26.3039,17.9543,-2.6846,355.4433,11.9893,2.8046
50.84,-26.304,17.9543,-2.6846,355.4429,11.9892,2.8057
50.86,-26.3044,17.9539,-2.6846,355.4456,11.9876,2.8065
50.88,-26.3048,17.9537,-2.6847,355.4467,11.9848,2.8086
50.9,-26.3043,17.9541,-2.6846,355.4438,11.9879,2.8064
50.92,-26.3035,17.9543,-2.6842,355.4436,11.99,2.8049
50.94,-26.3037,17.9546,-2.6844,355.4418,11.9892,2.8059
50.96,-26.3038,17.9543,-2.6846,355.4429,11.9883,2.8064
50.98,-26.3038,17.9542,-2.6845,355.4438,11.9881,2.8069
51,-26.304,17.954,-2.6845,355.4432,11.9878,2.8072
51.02,-26.3036,17.9542,-2.6843,355.4429,11.989,2.806
51.04,-26.304,17.9542,-2.6844,355.443,11.9869,2.8064
51.06,-26.304,17.9541,-2.6843,355.4431,11.9869,2.8064
51.08,-26.3039,17.9542,-2.6842,355.443,11.986,2.8076
51.1,-26.3036,17.9541,-2.6843,355.443,11.9877,2.8068
51.12,-26.304,17.9541,-2.6842,355.4436,11.9859,2.8068
51.14,-26.3042,17.954,-2.6842,355.4441,11.9856,2.8071
51.16,-26.3045,17.954,-2.6842,355.4435,11.9838,2.8072
51.18,-26.3044,17.954,-2.6841,355.4435,11.9847,2.8064
51.2,-26.3042,17.9539,-2.684,355.4451,11.9845,2.8061
51.22,-26.3042,17.9539,-2.6841,355.4449,11.9855,2.8058
51.24,-26.3042,17.9542,-2.6841,355.4438,11.985,2.8058
51.26,-26.3046,17.9543,-2.6843,355.442,11.9833,2.8053
51.28,-26.3046,17.9546,-2.6845,355.4401,11.9837,2.8042
51.3,-26.3044,17.9539,-2.6841,355.4445,11.9853,2.8069
51.32,-26.3041,17.9543,-2.6841,355.4438,11.9866,2.8056
51.34,-26.3043,17.954,-2.6842,355.4442,11.9845,2.8065
51.36,-26.3043,17.9541,-2.6841,355.4446,11.9835,2.8051
51.38,-26.3043,17.9543,-2.6841,355.4427,11.9844,2.805
51.4,-26.3046,17.954,-2.684,355.444,11.9836,2.8071
51.42,-26.3049,17.9539,-2.6841,355.4445,11.9826,2.8067
51.44,-26.3046,17.9542,-2.6842,355.4432,11.9838,2.806
51.46,-26.3048,17.9545,-2.6843,355.4423,11.9822,2.8052
51.48,-26.305,17.9542,-2.6842,355.4435,11.9806,2.8056
51.5,-26.3055,17.954,-2.6841,355.4432,11.981,2.8072
51.52,-26.3054,17.9546,-2.6844,355.4406,11.9825,2.8059
51.54,-26.305,17.9544,-2.6843,355.4416,11.9837,2.8058
51.56,-26.3047,17.9544,-2.6842,355.442,11.9845,2.8054
51.58,-26.3043,17.9544,-2.6842,355.4418,11.9878,2.8046
51.6,-26.3047,17.9543,-2.6845,355.4421,11.9868,2.8063
51.62,-26.3048,17.9543,-2.6845,355.4427,11.9867,2.807
51.64,-26.305,17.9542,-2.6845,355.4431,11.9863,2.807
51.66,-26.3049,17.9543,-2.6845,355.4435,11.986,2.8075
51.68,-26.3047,17.954,-2.6844,355.4438,11.9868,2.8086
51.7,-26.3043,17.954,-2.6845,355.4431,11.9885,2.8071
51.72,-26.3041,17.954,-2.6845,355.444,11.9908,2.806
51.74,-26.304,17.9548,-2.6848,355.4398,11.9917,2.805
51.76,-26.3041,17.9545,-2.6848,355.4408,11.993,2.806
51.78,-26.3041,17.9545,-2.6847,355.4417,11.9933,2.805
51.8,-26.3045,17.9542,-2.6848,355.4425,11.9908,2.8056
51.82,-26.3045,17.9542,-2.6847,355.4435,11.9905,2.8056
51.84,-26.3045,17.9545,-2.6848,355.4402,11.9911,2.8061
51.86,-26.3046,17.9546,-2.6849,355.4404,11.9912,2.8052
51.88,-26.3045,17.9542,-2.6848,355.4433,11.9916,2.8059
51.9,-26.3046,17.9542,-2.6849,355.4431,11.9904,2.8061
51.92,-26.3044,17.9541,-2.6846,355.4443,11.9918,2.8063
51.94,-26.3045,17.9542,-2.6847,355.4435,11.9912,2.8066
51.96,-26.3045,17.9542,-2.6848,355.4434,11.9911,2.8056
51.98,-26.3047,17.9541,-2.6848,355.4437,11.9893,2.8062
52,-26.3048,17.9541,-2.6847,355.4433,11.9891,2.8064
52.02,-26.3049,17.954,-2.6846,355.4436,11.9886,2.8061
52.04,-26.3049,17.9544,-2.6848,355.4413,11.9886,2.8058
52.06,-26.3048,17.9543,-2.6847,355.4429,11.9889,2.8054
52.08,-26.3047,17.9541,-2.6846,355.4435,11.9903,2.8059
52.1,-26.3048,17.9542,-2.6846,355.4428,11.9891,2.8072
52.12,-26.3047,17.9542,-2.6846,355.4431,11.9894,2.8068
52.14,-26.3051,17.9541,-2.6847,355.4429,11.9878,2.8073
52.16,-26.3051,17.9542,-2.6847,355.4426,11.9878,2.8077
52.18,-26.3052,17.9545,-2.6847,355.4414,11.9876,2.8074
52.2,-26.3053,17.9543,-2.6846,355.4427,11.9864,2.8063
52.22,-26.305,17.954,-2.6843,355.4439,11.9872,2.8085
52.24,-26.305,17.9542,-2.6842,355.4435,11.9865,2.8077
52.26,-26.3047,17.9542,-2.6842,355.4438,11.9869,2.8068
52.28,-26.3048,17.9543,-2.6842,355.4429,11.9866,2.8071
52.3,-26.3047,17.9543,-2.6843,355.442,11.9857,2.8063
52.32,-26.3046,17.9543,-2.6842,355.4433,11.985,2.8067
52.34,-26.3044,17.9544,-2.6842,355.442,11.9849,2.8063
52.36,-26.3043,17.9542,-2.6842,355.442,11.9849,2.807
52.38,-26.3042,17.9544,-2.6841,355.4418,11.9854,2.8057
52.4,-26.3046,17.9542,-2.6841,355.4424,11.9832,2.8069
52.42,-26.3042,17.9543,-2.6839,355.4429,11.9845,2.8051
52.44,-26.3043,17.9543,-2.6841,355.4424,11.9837,2.8055
52.46,-26.3042,17.9542,-2.684,355.4433,11.9829,2.8042
52.48,-26.3045,17.9541,-2.6841,355.4432,11.9819,2.8052
52.5,-26.3048,17.9541,-2.684,355.4444,11.9805,2.8043
52.52,-26.3052,17.9541,-2.6842,355.444,11.9802,2.8053
52.54,-26.305,17.9543,-2.6842,355.4425,11.9814,2.8051
52.56,-26.3054,17.9544,-2.6843,355.4418,11.9788,2.8052
52.58,-26.3053,17.9543,-2.6842,355.4424,11.9794,2.8046
52.6,-26.3045,17.9542,-2.6839,355.4426,11.9836,2.8045
52.62,-26.3046,17.9545,-2.684,355.4422,11.9826,2.8044
52.64,-26.3044,17.9544,-2.6839,355.443,11.9836,2.804
52.66,-26.3045,17.9545,-2.684,355.4431,11.983,2.8041
52.68,-26.3045,17.9544,-2.684,355.4427,11.9834,2.8046
52.7,-26.3043,17.9543,-2.6838,355.4431,11.9851,2.805
52.72,-26.3044,17.9544,-2.6839,355.443,11.9846,2.8048
52.74,-26.3048,17.9543,-2.6841,355.4429,11.9834,2.8063
52.76,-26.3046,17.9544,-2.6842,355.4416,11.9844,2.8055
52.78,-26.3045,17.9545,-2.6844,355.4419,11.9847,2.8053
52.8,-26.3041,17.954,-2.6842,355.4438,11.9877,2.8073
52.82,-26.3041,17.954,-2.684,355.444,11.9884,2.8066
52.84,-26.3038,17.9541,-2.6842,355.4432,11.9899,2.8061
52.86,-26.3038,17.9544,-2.6845,355.4414,11.9896,2.8058
52.88,-26.3037,17.9541,-2.6844,355.4431,11.9899,2.8067
52.9,-26.3037,17.9542,-2.6844,355.4433,11.9909,2.8051
52.92,-26.3038,17.9542,-2.6846,355.4427,11.9899,2.8067
52.94,-26.3038,17.954,-2.6846,355.4437,11.9895,2.8069
52.96,-26.3036,17.954,-2.6845,355.4444,11.9916,2.8061
52.98,-26.3038,17.9543,-2.6847,355.4427,11.9916,2.8054
53,-26.3039,17.9544,-2.6849,355.4424,11.9907,2.8045
53.02,-26.3038,17.954,-2.6846,355.4435,11.9923,2.8053
53.04,-26.3038,17.9542,-2.6847,355.4418,11.9934,2.8059
53.06,-26.3041,17.9543,-2.6849,355.4419,11.9912,2.8047
53.08,-26.3037,17.9543,-2.6847,355.4429,11.9936,2.8043
53.1,-26.3037,17.9543,-2.6849,355.4429,11.993,2.8038
53.12,-26.3039,17.9543,-2.6849,355.4425,11.9921,2.8046
53.14,-26.304,17.9543,-2.6848,355.4421,11.9916,2.8054
53.16,-26.304,17.9545,-2.6849,355.4407,11.9918,2.8048
53.18,-26.3043,17.9543,-2.6849,355.4417,11.9899,2.8058
53.2,-26.3043,17.9541,-2.6848,355.4429,11.9894,2.8067
53.22,-26.304,17.9545,-2.6848,355.442,11.991,2.804
53.24,-26.3041,17.9544,-2.6849,355.4409,11.9907,2.8064
53.26,-26.304,17.9542,-2.6847,355.4423,11.9914,2.8069
53.28,-26.304,17.9544,-2.6847,355.4418,11.9909,2.8064
53.3,-26.304,17.9543,-2.6848,355.4425,11.9916,2.805
53.32,-26.3043,17.9545,-2.6849,355.4421,11.9896,2.8042
53.34,-26.3044,17.9543,-2.6847,355.443,11.9895,2.8048
53.36,-26.3047,17.9542,-2.6845,355.4431,11.9884,2.8064
53.38,-26.3047,17.9539,-2.6845,355.4438,11.9881,2.8077
53.4,-26.3041,17.9542,-2.6845,355.4421,11.9892,2.8062
53.42,-26.304,17.9542,-2.6844,355.443,11.9883,2.8063
53.44,-26.3045,17.9541,-2.6844,355.4438,11.9854,2.8068
53.46,-26.3043,17.9542,-2.6844,355.4419,11.9866,2.8066
53.48,-26.3043,17.9542,-2.6844,355.4423,11.9858,2.8065
53.5,-26.3043,17.9541,-2.6844,355.4427,11.9852,2.8069
53.52,-26.3039,17.9544,-2.684,355.4433,11.9862,2.8052
53.54,-26.3035,17.9544,-2.6838,355.4428,11.987,2.8048
53.56,-26.3035,17.9546,-2.6839,355.4422,11.987,2.8049
53.58,-26.3036,17.954,-2.6837,355.4439,11.9866,2.8057
53.6,-26.3038,17.9544,-2.6841,355.4435,11.9844,2.8038
53.62,-26.3036,17.9542,-2.6839,355.4437,11.9861,2.8045
53.64,-26.3037,17.9543,-2.684,355.4435,11.9856,2.804
53.66,-26.304,17.9544,-2.6841,355.4428,11.9845,2.8045
53.68,-26.3041,17.9542,-2.684,355.4434,11.9841,2.8053
53.7,-26.3039,17.9544,-2.6841,355.4424,11.9843,2.8043
53.72,-26.3041,17.9539,-2.684,355.4444,11.9848,2.8056
53.74,-26.3043,17.954,-2.6841,355.4446,11.9838,2.8061
53.76,-26.3043,17.9541,-2.6842,355.4446,11.9844,2.8052
53.78,-26.3043,17.9541,-2.6842,355.4445,11.9853,2.8047
53.8,-26.3045,17.9539,-2.6841,355.4458,11.9835,2.8058
53.82,-26.3048,17.9542,-2.6842,355.444,11.9823,2.8055
53.84,-26.3048,17.954,-2.684,355.4443,11.9826,2.8065
53.86,-26.3047,17.9544,-2.6841,355.4409,11.9823,2.8047
53.88,-26.3047,17.9541,-2.6839,355.4439,11.9831,2.8061
53.9,-26.3047,17.9541,-2.6842,355.4438,11.9821,2.8062
53.92,-26.3043,17.954,-2.684,355.4438,11.9853,2.8062
53.94,-26.3044,17.954,-2.6841,355.4445,11.9853,2.8068
53.96,-26.3048,17.9542,-2.6843,355.4431,11.9839,2.8066
53.98,-26.3049,17.9543,-2.6842,355.4432,11.9849,2.806
54,-26.3051,17.9543,-2.6842,355.4421,11.9847,2.8072
54.02,-26.305,17.9541,-2.6843,355.4431,11.984,2.8074
54.04,-26.3048,17.9541,-2.6842,355.4447,11.9852,2.8067
54.06,-26.3049,17.9541,-2.6844,355.4443,11.9855,2.8078
54.08,-26.3041,17.9539,-2.6841,355.4447,11.9916,2.8076
54.1,-26.3039,17.954,-2.6845,355.4435,11.992,2.8078
54.12,-26.3037,17.9544,-2.6846,355.4421,11.9923,2.8057
54.14,-26.3038,17.9547,-2.6849,355.4401,11.9918,2.8055
54.16,-26.3036,17.9544,-2.6845,355.4411,11.9945,2.8052
54.18,-26.3041,17.9542,-2.6847,355.4426,11.9923,2.8058
54.2,-26.3043,17.9542,-2.6848,355.4427,11.9917,2.8062
54.22,-26.3041,17.9542,-2.6847,355.4425,11.9924,2.8067
54.24,-26.3041,17.9538,-2.6847,355.4445,11.9926,2.8074
54.26,-26.3039,17.9538,-2.6846,355.4443,11.9937,2.8075
54.28,-26.304,17.9542,-2.6849,355.4424,11.9932,2.8066
54.3,-26.3039,17.9537,-2.6846,355.4456,11.9946,2.8086
54.32,-26.304,17.954,-2.6847,355.4442,11.9939,2.8077
54.34,-26.3043,17.9542,-2.6849,355.443,11.9925,2.8077
54.36,-26.3044,17.9542,-2.6849,355.4427,11.9916,2.8071
54.38,-26.3042,17.9541,-2.6846,355.4435,11.9924,2.8071
54.4,-26.3041,17.9541,-2.6847,355.4429,11.9919,2.8064
54.42,-26.304,17.9542,-2.6847,355.4433,11.9921,2.8054
54.44,-26.3043,17.9542,-2.6846,355.4438,11.9912,2.8058
54.46,-26.3046,17.9536,-2.6844,355.4497,11.9863,2.8085
54.48,-26.3045,17.954,-2.6847,355.4444,11.9867,2.8066
54.5,-26.3046,17.9537,-2.6845,355.4462,11.988,2.8088
54.52,-26.3046,17.9541,-2.6846,355.4436,11.9889,2.8074
54.54,-26.3042,17.9542,-2.6845,355.4431,11.9931,2.804
54.56,-26.3045,17.9541,-2.6845,355.4433,11.99,2.8065
54.58,-26.3047,17.9542,-2.6846,355.4428,11.9894,2.8062
54.6,-26.305,17.9542,-2.6847,355.4424,11.9873,2.8074
54.62,-26.3051,17.9542,-2.6847,355.4423,11.9864,2.8079
54.64,-26.3047,17.9542,-2.6846,355.4434,11.9878,2.8068
54.66,-26.304,17.9545,-2.6844,355.4409,11.9922,2.8057
54.68,-26.3045,17.9543,-2.6847,355.4416,11.9888,2.8069
54.7,-26.3047,17.9545,-2.6846,355.4402,11.9882,2.8066
54.72,-26.3047,17.9543,-2.6845,355.4422,11.9872,2.807
54.74,-26.3045,17.9541,-2.6844,355.4435,11.9867,2.807
54.76,-26.3042,17.954,-2.6842,355.444,11.9879,2.807
54.78,-26.3041,17.954,-2.6841,355.4446,11.9875,2.8067
54.8,-26.3043,17.9543,-2.6842,355.4409,11.9847,2.8074
54.82,-26.3043,17.954,-2.6841,355.4427,11.9841,2.8082
54.84,-26.3041,17.9541,-2.6841,355.4438,11.9845,2.806
54.86,-26.3042,17.954,-2.6841,355.4439,11.9844,2.8063
54.88,-26.3042,17.954,-2.6839,355.4437,11.9839,2.8072
54.9,-26.304,17.9544,-2.684,355.4413,11.9854,2.8051
54.92,-26.3041,17.9543,-2.684,355.4421,11.9841,2.8052
54.94,-26.3042,17.954,-2.6839,355.4446,11.9829,2.8066
54.96,-26.3041,17.954,-2.6838,355.4449,11.9834,2.8059
54.98,-26.3042,17.9541,-2.6839,355.4433,11.9832,2.8056
55,-26.3043,17.9541,-2.684,355.4435,11.9843,2.8051
55.02,-26.3047,17.9542,-2.6841,355.4435,11.9814,2.8053
55.04,-26.3044,17.954,-2.6839,355.4447,11.9839,2.8055
55.06,-26.3047,17.954,-2.684,355.444,11.9824,2.8063
55.08,-26.3045,17.9542,-2.6839,355.444,11.9838,2.806
55.1,-26.3047,17.9538,-2.6839,355.445,11.9834,2.8073
55.12,-26.3049,17.954,-2.6841,355.4438,11.982,2.8076
55.14,-26.3045,17.954,-2.684,355.4435,11.9845,2.8079
55.16,-26.3045,17.9542,-2.6841,355.4429,11.9842,2.8067
55.18,-26.3048,17.9543,-2.6844,355.4426,11.9836,2.8064
55.2,-26.3049,17.9543,-2.6843,355.4437,11.9832,2.8061
55.22,-26.3048,17.9544,-2.6843,355.4418,11.9847,2.8058
55.24,-26.3046,17.9544,-2.6842,355.443,11.9848,2.8066
55.26,-26.3042,17.9544,-2.6842,355.4426,11.9864,2.8058
55.28,-26.3042,17.9542,-2.6844,355.4435,11.9864,2.8071
55.3,-26.304,17.9543,-2.6845,355.4419,11.9891,2.8079
55.32,-26.304,17.9539,-2.6844,355.4434,11.9902,2.8069
55.34,-26.3041,17.9536,-2.6843,355.4468,11.9895,2.8093
55.36,-26.3043,17.9539,-2.6845,355.444,11.9887,2.8085
55.38,-26.3044,17.954,-2.6846,355.4439,11.9875,2.808
55.4,-26.3038,17.9542,-2.6846,355.4439,11.9895,2.8063
55.42,-26.3039,17.9539,-2.6846,355.4451,11.9891,2.8072
55.44,-26.3038,17.9542,-2.6847,355.4424,11.9905,2.8059
55.46,-26.3038,17.9542,-2.6845,355.4441,11.9904,2.8052
55.48,-26.304,17.9539,-2.6845,355.4452,11.9903,2.8064
55.5,-26.3044,17.9543,-2.685,355.4412,11.9885,2.8056
55.52,-26.3041,17.9542,-2.6848,355.4415,11.9905,2.8068
55.54,-26.3038,17.9538,-2.6844,355.4444,11.9915,2.8073
55.56,-26.3039,17.9537,-2.6845,355.4447,11.9906,2.8078
55.58,-26.304,17.9541,-2.6847,355.4425,11.99,2.8069
55.6,-26.304,17.9541,-2.6847,355.4435,11.9908,2.8064
55.62,-26.3041,17.9542,-2.6849,355.443,11.9897,2.8058
55.64,-26.304,17.9544,-2.6849,355.4406,11.9905,2.8061
55.66,-26.304,17.954,-2.6847,355.4438,11.9905,2.8065
55.68,-26.3041,17.9541,-2.6847,355.4443,11.9906,2.8059
55.7,-26.304,17.9541,-2.685,355.443,11.9901,2.8067
55.72,-26.3038,17.9539,-2.6848,355.4455,11.9914,2.8065
55.74,-26.3041,17.9541,-2.685,355.4434,11.989,2.8062
55.76,-26.304,17.9541,-2.6848,355.4431,11.9903,2.8062
55.78,-26.3045,17.9539,-2.6848,355.4438,11.9884,2.8079
55.8,-26.3044,17.9542,-2.6849,355.4424,11.9887,2.8073
55.82,-26.3042,17.9544,-2.6849,355.4418,11.9893,2.8059
55.84,-26.3047,17.9542,-2.685,355.4426,11.9854,2.8083
55.86,-26.3045,17.9541,-2.6849,355.4427,11.9868,2.8075
55.88,-26.3044,17.9543,-2.6848,355.4413,11.9872,2.8075
55.9,-26.3042,17.954,-2.6843,355.443,11.9884,2.8073
55.92,-26.3047,17.9541,-2.6845,355.4427,11.9853,2.8076
55.94,-26.3045,17.9541,-2.6844,355.4422,11.9869,2.8079
55.96,-26.3048,17.9539,-2.6843,355.4435,11.9848,2.8086
55.98,-26.3047,17.9539,-2.6843,355.4434,11.9834,2.8088
56,-26.3044,17.9543,-2.6843,355.4424,11.985,2.8061
56.02,-26.3045,17.9542,-2.6842,355.4426,11.9841,2.8069
56.04,-26.305,17.9542,-2.6842,355.4436,11.9794,2.808
56.06,-26.305,17.954,-2.6841,355.4438,11.9793,2.8081
56.08,-26.3051,17.954,-2.6841,355.4449,11.9793,2.8075
56.1,-26.3046,17.9542,-2.684,355.4431,11.9823,2.8063
56.12,-26.305,17.9541,-2.6842,355.4425,11.9805,2.8072
56.14,-26.305,17.9538,-2.684,355.4449,11.9807,2.8074
56.16,-26.3052,17.954,-2.6842,355.4439,11.9796,2.8066
56.18,-26.3051,17.954,-2.6842,355.4431,11.9805,2.8066
56.2,-26.305,17.954,-2.6841,355.4439,11.9811,2.8056
56.22,-26.3051,17.9539,-2.6842,355.4443,11.9812,2.8057
56.24,-26.3052,17.9541,-2.6842,355.4432,11.9823,2.8056
56.26,-26.3054,17.9544,-2.6844,355.4421,11.9806,2.8049
56.28,-26.3059,17.9542,-2.6842,355.4428,11.9792,2.8061
56.3,-26.3056,17.9542,-2.684,355.4432,11.9797,2.8065
56.32,-26.3055,17.954,-2.6841,355.443,11.9797,2.807
56.34,-26.3058,17.954,-2.6843,355.4426,11.9772,2.8075
56.36,-26.3054,17.9542,-2.6843,355.4418,11.9793,2.807
56.38,-26.3055,17.9543,-2.6842,355.4415,11.9792,2.8075
56.4,-26.3054,17.9541,-2.6841,355.4433,11.9798,2.8064
56.42,-26.3055,17.9538,-2.6841,355.4457,11.9793,2.8065
56.44,-26.3053,17.9539,-2.684,355.445,11.9807,2.8064
56.46,-26.3051,17.9539,-2.6842,355.444,11.9815,2.8076
56.48,-26.3049,17.9543,-2.6845,355.4416,11.9824,2.8066
56.5,-26.3041,17.9538,-2.6839,355.4443,11.9874,2.8085
56.52,-26.3041,17.9542,-2.6842,355.4422,11.9873,2.8076
56.54,-26.304,17.9542,-2.6843,355.4424,11.9887,2.8059
56.56,-26.3047,17.9541,-2.6846,355.4434,11.9868,2.8071
56.58,-26.305,17.9543,-2.6847,355.4423,11.9867,2.8083
56.6,-26.3051,17.9543,-2.6849,355.4428,11.986,2.8085
56.62,-26.3043,17.9542,-2.6848,355.4424,11.9905,2.8073
56.64,-26.3043,17.954,-2.6848,355.4436,11.9908,2.8079
56.66,-26.3041,17.9541,-2.6847,355.4427,11.9926,2.8074
56.68,-26.304,17.9544,-2.6848,355.4412,11.9926,2.8054
56.7,-26.3043,17.9543,-2.685,355.4417,11.9926,2.8058
56.72,-26.3047,17.9541,-2.685,355.4427,11.9902,2.8074
56.74,-26.3046,17.954,-2.6849,355.443,11.9911,2.8079
56.76,-26.3045,17.9542,-2.6848,355.443,11.9923,2.8065
56.78,-26.3045,17.9542,-2.6848,355.4423,11.9931,2.8062
56.8,-26.3047,17.9541,-2.685,355.4427,11.9909,2.8066
56.82,-26.3046,17.954,-2.6848,355.4439,11.9903,2.8069
56.84,-26.3047,17.9541,-2.6849,355.4427,11.9902,2.8071
56.86,-26.3044,17.9544,-2.6848,355.4417,11.9912,2.806
56.88,-26.3047,17.9544,-2.6849,355.4409,11.9893,2.806
56.9,-26.3047,17.9543,-2.6847,355.4423,11.9905,2.8052
56.92,-26.3049,17.9544,-2.6847,355.4417,11.9893,2.805
56.94,-26.3051,17.9543,-2.6847,355.4418,11.9876,2.806
56.96,-26.3051,17.9545,-2.6847,355.4413,11.9873,2.8059
56.98,-26.3049,17.954,-2.6845,355.4435,11.9887,2.8073
57,-26.3053,17.9542,-2.6849,355.4418,11.9856,2.8072
57.02,-26.3054,17.9543,-2.685,355.4422,11.9855,2.8072
57.04,-26.3054,17.9542,-2.6848,355.4418,11.9864,2.8079
57.06,-26.3057,17.954,-2.6847,355.4432,11.9849,2.8084
57.08,-26.3059,17.9536,-2.6844,355.4453,11.984,2.8104
57.1,-26.3052,17.9542,-2.6845,355.4429,11.9847,2.8076
57.12,-26.3051,17.954,-2.6845,355.4442,11.9849,2.8077
57.14,-26.3052,17.954,-2.6844,355.4438,11.9846,2.808
57.16,-26.3052,17.9541,-2.6844,355.4434,11.9841,2.808
57.18,-26.3051,17.9544,-2.6845,355.4415,11.9838,2.8069
57.2,-26.3052,17.954,-2.6846,355.4429,11.9813,2.8084
57.22,-26.305,17.9539,-2.6844,355.4437,11.9824,2.8079
57.24,-26.3048,17.954,-2.6842,355.4428,11.9828,2.8084
57.26,-26.3048,17.9539,-2.6841,355.4438,11.9818,2.809
57.28,-26.3048,17.9541,-2.6843,355.4421,11.9801,2.8076
57.3,-26.3045,17.954,-2.6843,355.4427,11.9814,2.8074
57.32,-26.3043,17.9544,-2.6843,355.4424,11.9806,2.8059
57.34,-26.3047,17.9541,-2.6842,355.4426,11.9796,2.807
57.36,-26.3048,17.9542,-2.6842,355.4419,11.9809,2.8062
57.38,-26.3051,17.9539,-2.6841,355.4429,11.9795,2.8072
57.4,-26.3049,17.9542,-2.6842,355.442,11.9803,2.8062
57.42,-26.3049,17.9539,-2.6842,355.4434,11.9792,2.8071
57.44,-26.3046,17.954,-2.684,355.4436,11.9809,2.8061
57.46,-26.3047,17.9539,-2.6839,355.444,11.9804,2.807
57.48,-26.3045,17.9541,-2.684,355.4427,11.9817,2.8059
57.5,-26.3045,17.954,-2.684,355.4438,11.981,2.8059
57.52,-26.3047,17.9537,-2.6839,355.4453,11.9796,2.8074
57.54,-26.3048,17.9538,-2.6839,355.4444,11.981,2.8068
57.56,-26.305,17.9539,-2.6841,355.4436,11.9802,2.8062
57.58,-26.305,17.9539,-2.6841,355.4445,11.9802,2.8065
57.6,-26.3051,17.954,-2.6842,355.4428,11.9778,2.8076
57.62,-26.305,17.954,-2.6841,355.4443,11.9792,2.807
57.64,-26.3052,17.9541,-2.6842,355.443,11.9784,2.8073
57.66,-26.3051,17.954,-2.6841,355.4431,11.979,2.8079
57.68,-26.305,17.954,-2.684,355.4438,11.9797,2.8083
57.7,-26.3041,17.9542,-2.6844,355.442,11.9836,2.8062
57.72,-26.3043,17.9538,-2.6843,355.4449,11.9829,2.8069
57.74,-26.3045,17.954,-2.6842,355.4436,11.9838,2.8073
57.76,-26.3048,17.9537,-2.6843,355.4446,11.9834,2.8088
57.78,-26.3043,17.9546,-2.6848,355.4374,11.9873,2.8045
57.8,-26.3039,17.9543,-2.6845,355.4423,11.9915,2.8054
57.82,-26.3042,17.9541,-2.6847,355.4415,11.9896,2.8067
57.84,-26.3044,17.9542,-2.6849,355.4411,11.9882,2.8073
57.86,-26.3046,17.9538,-2.685,355.4433,11.9876,2.8092
57.88,-26.3045,17.954,-2.6852,355.4427,11.9897,2.8087
57.9,-26.3051,17.9541,-2.6852,355.4418,11.9885,2.8092
57.92,-26.3044,17.9539,-2.685,355.4422,11.9901,2.8096
57.94,-26.3034,17.9539,-2.6849,355.443,11.9936,2.8077
57.96,-26.3029,17.9546,-2.685,355.4403,11.994,2.8055
57.98,-26.3036,17.9541,-2.6851,355.4417,11.9923,2.8064
58,-26.3047,17.9543,-2.6852,355.4403,11.9915,2.8061
58.02,-26.3048,17.9542,-2.6852,355.4412,11.9905,2.8062
58.04,-26.3046,17.9542,-2.6852,355.4409,11.9898,2.8066
58.06,-26.3041,17.954,-2.6851,355.443,11.9902,2.8065
58.08,-26.3045,17.9536,-2.6851,355.4435,11.9886,2.8096
58.1,-26.304,17.9541,-2.6849,355.4415,11.9901,2.8078
58.12,-26.304,17.9546,-2.6852,355.4382,11.9907,2.806
58.14,-26.3046,17.9545,-2.6853,355.4395,11.9885,2.8065
58.16,-26.3049,17.9542,-2.6852,355.4413,11.9882,2.8061
58.18,-26.3048,17.9539,-2.6849,355.444,11.9878,2.8072
58.2,-26.3046,17.954,-2.685,355.4425,11.9873,2.8082
58.22,-26.3045,17.9541,-2.6851,355.4424,11.9868,2.8076
58.24,-26.3042,17.9541,-2.6849,355.4426,11.9887,2.8071
58.26,-26.3045,17.9542,-2.6849,355.4424,11.9861,2.8075
58.28,-26.3047,17.9542,-2.685,355.4406,11.987,2.8082
58.3,-26.3061,17.9544,-2.6847,355.4414,11.9825,2.8084
58.32,-26.3056,17.9545,-2.6844,355.4409,11.9827,2.809
58.34,-26.3046,17.9544,-2.6844,355.4417,11.9835,2.8075
58.36,-26.3042,17.9541,-2.6845,355.4428,11.983,2.8068
58.38,-26.3042,17.9544,-2.6845,355.4426,11.9833,2.8065
58.4,-26.305,17.9542,-2.6843,355.4429,11.9807,2.8077
58.42,-26.3045,17.9541,-2.6841,355.4434,11.9819,2.8076
58.44,-26.3046,17.954,-2.6842,355.4438,11.9805,2.8072
58.46,-26.3046,17.9539,-2.6841,355.4452,11.9793,2.8076
58.48,-26.3047,17.9538,-2.6837,355.4454,11.98,2.808
58.5,-26.3046,17.9542,-2.6839,355.4426,11.9787,2.8065
58.52,-26.3045,17.9542,-2.684,355.4421,11.98,2.8064
58.54,-26.3043,17.9544,-2.684,355.4413,11.9827,2.8049
58.56,-26.3047,17.9542,-2.6841,355.4424,11.9809,2.806
58.58,-26.3049,17.9544,-2.6843,355.4412,11.9805,2.8054
58.6,-26.305,17.9543,-2.6843,355.4407,11.9803,2.8058
58.62,-26.3048,17.9542,-2.6843,355.4416,11.9811,2.8047
58.64,-26.305,17.954,-2.6843,355.4428,11.9806,2.8057
58.66,-26.3054,17.954,-2.6842,355.4425,11.9783,2.8063
58.68,-26.3061,17.9541,-2.6843,355.4431,11.975,2.8069
58.7,-26.3061,17.9542,-2.684,355.4421,11.9759,2.8069
58.72,-26.3056,17.9543,-2.6839,355.4406,11.9781,2.8062
58.74,-26.3056,17.954,-2.6838,355.4433,11.977,2.8068
58.76,-26.3051,17.9543,-2.6837,355.4423,11.9805,2.8052
58.78,-26.3057,17.9539,-2.6842,355.4443,11.9784,2.8071
58.8,-26.3056,17.9544,-2.6844,355.4419,11.981,2.8055
58.82,-26.3057,17.9542,-2.6842,355.4434,11.9806,2.8071
58.84,-26.3053,17.9542,-2.6842,355.4433,11.9811,2.8072
58.86,-26.3044,17.9543,-2.684,355.4426,11.9841,2.8062
58.88,-26.3044,17.9546,-2.6845,355.4396,11.9856,2.8059
58.9,-26.3047,17.9542,-2.6844,355.4423,11.9849,2.8087
58.92,-26.3045,17.9543,-2.6844,355.4419,11.9871,2.8077
58.94,-26.3046,17.9545,-2.6846,355.4411,11.9874,2.807
58.96,-26.3051,17.9543,-2.6849,355.4417,11.9862,2.8079
58.98,-26.3048,17.9539,-2.6848,355.4425,11.9866,2.8087
59,-26.3051,17.954,-2.6851,355.443,11.9833,2.8097
59.02,-26.3045,17.9543,-2.6851,355.4412,11.9879,2.807
59.04,-26.3043,17.9542,-2.685,355.4424,11.9895,2.8067
59.06,-26.3043,17.9545,-2.6852,355.4411,11.9906,2.8052
59.08,-26.3042,17.9542,-2.6852,355.4408,11.9922,2.8069
59.1,-26.304,17.9542,-2.685,355.4418,11.9925,2.8073
59.12,-26.3037,17.9543,-2.685,355.4419,11.9931,2.8068
59.14,-26.3034,17.9544,-2.6849,355.4424,11.9941,2.8057
59.16,-26.3038,17.9541,-2.6848,355.4429,11.9946,2.8068
59.18,-26.3041,17.9543,-2.6849,355.4414,11.9934,2.8064
59.2,-26.3049,17.9544,-2.6853,355.442,11.9901,2.8061
59.22,-26.3047,17.9542,-2.6852,355.4427,11.9899,2.8064
59.24,-26.3046,17.9545,-2.6853,355.441,11.9888,2.806
59.26,-26.3044,17.9543,-2.685,355.4426,11.9894,2.8062
59.28,-26.3044,17.9542,-2.685,355.4418,11.99,2.8065
59.3,-26.3053,17.954,-2.6851,355.4436,11.985,2.8076
59.32,-26.305,17.9545,-2.6853,355.4418,11.9857,2.8067
59.34,-26.3053,17.9542,-2.6854,355.4418,11.9849,2.8079
59.36,-26.305,17.9543,-2.6853,355.4415,11.9863,2.8081
59.38,-26.3052,17.954,-2.685,355.4442,11.9852,2.8091
59.4,-26.3051,17.954,-2.6849,355.4435,11.9868,2.8081
59.42,-26.3052,17.954,-2.6848,355.4447,11.986,2.8084
59.44,-26.3053,17.954,-2.6849,355.4432,11.984,2.8094
59.46,-26.3051,17.9543,-2.6848,355.4417,11.9855,2.8086
59.48,-26.305,17.9542,-2.6847,355.4435,11.985,2.8079
59.5,-26.3053,17.954,-2.6847,355.4439,11.983,2.8087
59.52,-26.3055,17.9539,-2.6845,355.4427,11.9833,2.8096
59.54,-26.3062,17.9541,-2.6846,355.4432,11.9811,2.8088
59.56,-26.3058,17.9543,-2.6842,355.4428,11.9817,2.8085
59.58,-26.3051,17.9542,-2.6841,355.4419,11.9827,2.8084
59.6,-26.3035,17.9542,-2.6838,355.4431,11.9835,2.807
59.62,-26.3039,17.9545,-2.6844,355.441,11.9846,2.8058
59.64,-26.3048,17.9542,-2.6845,355.4419,11.984,2.8061
59.66,-26.3055,17.9541,-2.6845,355.4426,11.9819,2.8069
59.68,-26.3055,17.9539,-2.6842,355.4447,11.9808,2.807
59.7,-26.3052,17.9541,-2.6839,355.4438,11.9788,2.8068
59.72,-26.3048,17.9545,-2.6839,355.4409,11.9798,2.806
59.74,-26.3043,17.9542,-2.6837,355.4421,11.9817,2.8049
59.76,-26.3039,17.9543,-2.6836,355.4422,11.9831,2.8051
59.78,-26.304,17.9543,-2.6838,355.4416,11.9829,2.8052
59.8,-26.3044,17.9539,-2.6839,355.4427,11.9831,2.8064
59.82,-26.3047,17.9541,-2.684,355.4432,11.9821,2.8063
59.84,-26.3047,17.9544,-2.684,355.4419,11.9817,2.8053
59.86,-26.3048,17.9543,-2.684,355.4421,11.9806,2.8057
59.88,-26.3045,17.9539,-2.6839,355.4438,11.9817,2.8063
59.9,-26.3047,17.9538,-2.6839,355.4452,11.982,2.8066
59.92,-26.3045,17.9542,-2.6839,355.4434,11.9837,2.806
59.94,-26.3043,17.9542,-2.6839,355.443,11.9838,2.8063
59.96,-26.3041,17.9539,-2.6839,355.4443,11.9852,2.8077
59.98,-26.3042,17.9541,-2.6841,355.443,11.9848,2.8071
60,-26.3043,17.9542,-2.6841,355.4425,11.9853,2.8063
60.02,-26.3043,17.9546,-2.6843,355.4402,11.9856,2.8057
60.04,-26.3041,17.9544,-2.6842,355.4419,11.9867,2.8058
60.06,-26.3041,17.9542,-2.6843,355.4429,11.9856,2.806
60.08,-26.3039,17.9545,-2.6844,355.4411,11.9872,2.8058
60.1,-26.3042,17.954,-2.6843,355.4431,11.9862,2.8079
60.12,-26.304,17.9541,-2.6844,355.4451,11.9869,2.8068
60.14,-26.3034,17.9543,-2.6844,355.4435,11.9901,2.8064
60.16,-26.3031,17.9544,-2.6846,355.4422,11.9902,2.8065
60.18,-26.3031,17.9543,-2.6847,355.4418,11.9907,2.8068
60.2,-26.3039,17.9545,-2.6848,355.441,11.9893,2.8067
60.22,-26.3043,17.9541,-2.6849,355.4415,11.9881,2.8075
60.24,-26.3044,17.9542,-2.6849,355.4419,11.9869,2.8075
60.26,-26.3038,17.9538,-2.6845,355.4443,11.9913,2.8079
60.28,-26.3039,17.9544,-2.6847,355.4428,11.9894,2.8058
60.3,-26.3039,17.9543,-2.6847,355.4419,11.9886,2.8071
60.32,-26.3038,17.9545,-2.6848,355.4424,11.9887,2.807
60.34,-26.3038,17.9541,-2.6847,355.4429,11.9888,2.807
60.36,-26.3042,17.9539,-2.6847,355.4428,11.9876,2.8086
60.38,-26.3044,17.954,-2.6847,355.4428,11.9871,2.8083
60.4,-26.3043,17.9542,-2.6845,355.4419,11.9893,2.8061
60.42,-26.3044,17.9543,-2.6846,355.4388,11.9886,2.8071
60.44,-26.3046,17.9543,-2.6848,355.4398,11.9865,2.8076
60.46,-26.3046,17.9544,-2.6848,355.4409,11.9872,2.8062
60.48,-26.3047,17.9545,-2.6848,355.441,11.9873,2.8052
60.5,-26.3044,17.9548,-2.6848,355.4394,11.9892,2.8046
60.52,-26.3046,17.9543,-2.6847,355.4409,11.9891,2.8067
60.54,-26.3046,17.9544,-2.6848,355.4408,11.9887,2.806
60.56,-26.3048,17.9546,-2.6849,355.4401,11.9871,2.806
60.58,-26.305,17.9538,-2.6848,355.4455,11.9858,2.8085
60.6,-26.3046,17.9543,-2.6849,355.4408,11.9889,2.8076
60.62,-26.3049,17.9543,-2.6849,355.4418,11.9871,2.8067
60.64,-26.3048,17.9546,-2.6849,355.4401,11.9871,2.8062
60.66,-26.305,17.9543,-2.6849,355.4417,11.9861,2.8077
60.68,-26.3049,17.9545,-2.6849,355.4401,11.9871,2.807
60.7,-26.3047,17.9542,-2.6847,355.4414,11.9874,2.8087
60.72,-26.3047,17.9541,-2.6847,355.4428,11.9865,2.8084
60.74,-26.3048,17.9543,-2.6848,355.4422,11.985,2.8085
60.76,-26.3047,17.954,-2.6846,355.445,11.9843,2.8085
60.78,-26.3045,17.954,-2.6845,355.4442,11.9858,2.8083
60.8,-26.3044,17.9542,-2.6844,355.4415,11.9874,2.8078
60.82,-26.3041,17.9547,-2.6845,355.4395,11.9871,2.8067
60.84,-26.3038,17.9544,-2.6842,355.4413,11.9874,2.8063
60.86,-26.3043,17.9544,-2.6845,355.4409,11.9836,2.8066
60.88,-26.304,17.9547,-2.6844,355.4382,11.9861,2.8051
60.9,-26.3042,17.9546,-2.6844,355.4398,11.9843,2.8048
60.92,-26.3045,17.9543,-2.6843,355.4409,11.9822,2.8071
60.94,-26.3046,17.9545,-2.6843,355.4412,11.9823,2.8059
60.96,-26.3045,17.9546,-2.6843,355.4397,11.9833,2.8049
60.98,-26.3047,17.954,-2.684,355.4438,11.9808,2.8071
61,-26.3043,17.9541,-2.684,355.4444,11.9815,2.8054
61.02,-26.3045,17.9542,-2.684,355.4424,11.9821,2.8061
61.04,-26.3048,17.954,-2.684,355.4425,11.9805,2.8067
61.06,-26.3062,17.9544,-2.6846,355.4426,11.9758,2.8069
61.08,-26.3054,17.9541,-2.6841,355.4431,11.9778,2.8063
61.1,-26.3048,17.9537,-2.6837,355.4458,11.9806,2.8081
61.12,-26.305,17.954,-2.6839,355.4433,11.981,2.808
61.14,-26.3053,17.9539,-2.684,355.4443,11.9802,2.8079
61.16,-26.305,17.9542,-2.684,355.4407,11.9822,2.8074
61.18,-26.3052,17.954,-2.684,355.4437,11.9816,2.8071
61.2,-26.3051,17.954,-2.684,355.4436,11.9834,2.8067
61.22,-26.3055,17.954,-2.6842,355.4437,11.9812,2.808
61.24,-26.3053,17.9538,-2.684,355.4442,11.9826,2.809
61.26,-26.3051,17.954,-2.6841,355.443,11.984,2.8075
61.28,-26.3051,17.9542,-2.6843,355.4428,11.9841,2.8069
61.3,-26.3051,17.9542,-2.6844,355.4424,11.9839,2.8069
61.32,-26.3057,17.9544,-2.6846,355.4416,11.9824,2.8075
61.34,-26.3058,17.9543,-2.6845,355.4424,11.9822,2.8069
61.36,-26.3057,17.9545,-2.6847,355.4393,11.9831,2.8061
61.38,-26.3055,17.9543,-2.6846,355.4408,11.9833,2.8071
61.4,-26.3044,17.9547,-2.6847,355.4414,11.985,2.8057
61.42,-26.3045,17.954,-2.6845,355.443,11.9855,2.8074
61.44,-26.3045,17.9545,-2.6846,355.4415,11.9864,2.8066
61.46,-26.305,17.9539,-2.6845,355.4454,11.9834,2.8098
61.48,-26.3048,17.9543,-2.6846,355.4419,11.986,2.8078
61.5,-26.3045,17.9542,-2.6845,355.4413,11.9888,2.8076
61.52,-26.3048,17.954,-2.6846,355.4428,11.9869,2.808
61.54,-26.3046,17.9541,-2.6845,355.4427,11.9871,2.8065
61.56,-26.305,17.9542,-2.6847,355.4406,11.9859,2.8077
61.58,-26.3047,17.9542,-2.6846,355.4409,11.988,2.8074
61.6,-26.3045,17.9541,-2.6846,355.4425,11.9891,2.8071
61.62,-26.3044,17.9542,-2.6847,355.4423,11.9886,2.8065
61.64,-26.3044,17.9542,-2.6846,355.4427,11.9898,2.807
61.66,-26.3045,17.9542,-2.6846,355.4428,11.9898,2.8069
61.68,-26.3044,17.9544,-2.6847,355.4415,11.9899,2.8055
61.7,-26.3043,17.9542,-2.6846,355.4418,11.9891,2.8062
61.72,-26.3048,17.9542,-2.6847,355.441,11.9877,2.8077
61.74,-26.3048,17.9541,-2.6847,355.4416,11.9879,2.8076
61.76,-26.3047,17.9544,-2.6849,355.4395,11.9895,2.806
61.78,-26.3049,17.9543,-2.6849,355.4401,11.9889,2.8063
61.8,-26.3046,17.954,-2.6846,355.4426,11.9907,2.8074
61.82,-26.305,17.9543,-2.685,355.4406,11.9878,2.8071
61.84,-26.3052,17.9543,-2.6852,355.4412,11.9865,2.8073
61.86,-26.3053,17.9541,-2.6852,355.4406,11.9867,2.8087
61.88,-26.3051,17.9544,-2.685,355.4407,11.9884,2.8062
61.9,-26.3059,17.9545,-2.6852,355.4398,11.9851,2.8067
61.92,-26.3055,17.9546,-2.6851,355.4401,11.9857,2.8052
61.94,-26.3056,17.9543,-2.685,355.4412,11.9844,2.8073
61.96,-26.3053,17.9544,-2.6848,355.4422,11.9862,2.806
61.98,-26.3055,17.9543,-2.6849,355.4421,11.986,2.8068
62,-26.3055,17.9546,-2.685,355.4385,11.9849,2.8065
62.02,-26.3054,17.9544,-2.6848,355.4408,11.9843,2.8067
62.04,-26.3054,17.9543,-2.6848,355.4413,11.9835,2.8079
62.06,-26.3051,17.9543,-2.6846,355.442,11.9846,2.8075
62.08,-26.3048,17.9543,-2.6844,355.4423,11.9849,2.8068
62.1,-26.3052,17.9544,-2.6844,355.4407,11.9808,2.8084
62.12,-26.3052,17.9543,-2.6844,355.4414,11.9802,2.8086
62.14,-26.3051,17.9542,-2.6843,355.4415,11.9801,2.8083
62.16,-26.305,17.9543,-2.6843,355.4415,11.9786,2.8079
62.18,-26.3047,17.954,-2.6842,355.4433,11.9796,2.8086
62.2,-26.3045,17.9541,-2.6839,355.4433,11.9829,2.8064
62.22,-26.3047,17.9542,-2.6839,355.4424,11.9817,2.806
62.24,-26.3047,17.9543,-2.684,355.4414,11.9809,2.8064
62.26,-26.3048,17.9543,-2.684,355.4421,11.9785,2.8063
62.28,-26.3045,17.9542,-2.684,355.4414,11.9804,2.8067
62.3,-26.3045,17.9539,-2.6839,355.4431,11.9815,2.807
62.32,-26.3046,17.9541,-2.684,355.4426,11.9813,2.8066
62.34,-26.3046,17.9541,-2.6841,355.4424,11.9814,2.8055
62.36,-26.3048,17.954,-2.6841,355.4429,11.9808,2.8061
62.38,-26.3051,17.954,-2.6841,355.4432,11.9799,2.8072
62.4,-26.3052,17.9542,-2.6842,355.4419,11.9771,2.8075
62.42,-26.3049,17.9544,-2.6842,355.4409,11.9786,2.8062
62.44,-26.3044,17.9544,-2.6839,355.4418,11.9807,2.8054
62.46,-26.3044,17.9548,-2.6841,355.439,11.9817,2.804
62.48,-26.3044,17.9545,-2.6841,355.4407,11.982,2.8052
62.5,-26.3044,17.9541,-2.6841,355.442,11.9819,2.8081
62.52,-26.3045,17.9542,-2.6841,355.4426,11.9827,2.8072
62.54,-26.3048,17.9542,-2.6841,355.4421,11.9832,2.8069
62.56,-26.3051,17.9543,-2.6841,355.4424,11.9828,2.8069
62.58,-26.3045,17.9545,-2.6841,355.4412,11.985,2.8061
62.6,-26.3043,17.9541,-2.6844,355.4439,11.9847,2.8074
62.62,-26.3042,17.9544,-2.6845,355.4413,11.9875,2.8066
62.64,-26.3044,17.9542,-2.6844,355.4419,11.9867,2.8071
62.66,-26.3044,17.9544,-2.6845,355.4412,11.987,2.8056
62.68,-26.3043,17.9544,-2.6846,355.4409,11.9882,2.806
62.7,-26.3041,17.9539,-2.6845,355.4456,11.9905,2.8064
62.72,-26.3044,17.9539,-2.6846,355.4431,11.9898,2.8082
62.74,-26.3043,17.9542,-2.6846,355.4421,11.9905,2.8069
62.76,-26.3041,17.9541,-2.6845,355.4423,11.9916,2.8065
62.78,-26.3039,17.9543,-2.6846,355.4416,11.9925,2.8057
62.8,-26.3042,17.954,-2.6846,355.446,11.991,2.808
62.82,-26.3044,17.9541,-2.6848,355.4439,11.9897,2.808
62.84,-26.3041,17.9543,-2.6847,355.4418,11.9925,2.807
62.86,-26.3041,17.9544,-2.6848,355.4402,11.9935,2.8069
62.88,-26.3039,17.9543,-2.6847,355.4409,11.9928,2.8067
62.9,-26.3038,17.9544,-2.6847,355.4414,11.9926,2.8059
62.92,-26.3039,17.9544,-2.6847,355.4415,11.9923,2.8059
62.94,-26.3047,17.9544,-2.6851,355.4409,11.9889,2.8063
62.96,-26.3051,17.9542,-2.685,355.4418,11.9878,2.808
62.98,-26.3046,17.9543,-2.6847,355.4411,11.9894,2.8064
63,-26.3041,17.9544,-2.6848,355.4404,11.9894,2.8064
63.02,-26.3043,17.9544,-2.6849,355.4407,11.9877,2.8064
63.04,-26.3044,17.9545,-2.6849,355.4406,11.9868,2.8058
63.06,-26.3042,17.9545,-2.6847,355.4409,11.9881,2.8053
63.08,-26.3042,17.9544,-2.6846,355.442,11.9881,2.805
63.1,-26.3045,17.9542,-2.6846,355.4431,11.9868,2.8057
63.12,-26.3043,17.9542,-2.6844,355.4431,11.9889,2.8063
63.14,-26.3044,17.9545,-2.6846,355.4416,11.9873,2.805
63.16,-26.3043,17.9544,-2.6846,355.441,11.989,2.8052
63.18,-26.3044,17.9544,-2.6848,355.4415,11.9893,2.8049
63.2,-26.3044,17.9543,-2.6847,355.4425,11.9901,2.8065
63.22,-26.3047,17.9544,-2.6847,355.4415,11.9899,2.807
63.24,-26.3049,17.9542,-2.6846,355.4426,11.9877,2.8083
63.26,-26.3048,17.9545,-2.6848,355.4404,11.9873,2.8073
63.28,-26.3048,17.9539,-2.6846,355.4435,11.9866,2.8085
63.3,-26.3045,17.9545,-2.6846,355.4409,11.9879,2.8053
63.32,-26.3047,17.9544,-2.6845,355.441,11.9874,2.8052
63.34,-26.3046,17.9543,-2.6845,355.4407,11.9877,2.8067
63.36,-26.3046,17.9543,-2.6845,355.4408,11.9878,2.8075
63.38,-26.3047,17.9541,-2.6844,355.4419,11.9859,2.8077
63.4,-26.3047,17.9541,-2.6843,355.4425,11.9858,2.8075
63.42,-26.3047,17.9541,-2.6842,355.443,11.985,2.8074
63.44,-26.3046,17.9541,-2.6843,355.4439,11.9841,2.8073
63.46,-26.3046,17.9541,-2.6844,355.4428,11.9832,2.8075
63.48,-26.3048,17.9538,-2.6843,355.4449,11.9818,2.8089
63.5,-26.3041,17.9541,-2.6839,355.4438,11.9852,2.8066
63.52,-26.3043,17.9542,-2.684,355.4427,11.9845,2.8063
63.54,-26.3046,17.9543,-2.6842,355.4416,11.9829,2.8065
63.56,-26.3046,17.9542,-2.684,355.4417,11.984,2.8077
63.58,-26.3047,17.9542,-2.6841,355.442,11.9833,2.8074
63.6,-26.3046,17.9542,-2.684,355.4427,11.9837,2.8061
63.62,-26.3048,17.954,-2.684,355.4441,11.9813,2.8064
63.64,-26.3047,17.9538,-2.6839,355.4446,11.9819,2.8075
63.66,-26.3053,17.9542,-2.6843,355.4424,11.9785,2.8073
63.68,-26.3048,17.9543,-2.6841,355.4421,11.9826,2.8051
63.7,-26.3051,17.9542,-2.684,355.4416,11.9811,2.8064
63.72,-26.3052,17.9539,-2.6839,355.4433,11.9811,2.808
63.74,-26.3052,17.954,-2.6839,355.4434,11.9799,2.8069
63.76,-26.3051,17.9539,-2.6839,355.4436,11.9801,2.8079
63.78,-26.305,17.9539,-2.6839,355.4441,11.9794,2.8065
63.8,-26.3049,17.9538,-2.6838,355.4452,11.9827,2.807
63.82,-26.3056,17.9537,-2.684,355.4453,11.9808,2.8082
63.84,-26.3053,17.9539,-2.6839,355.4441,11.9815,2.8084
63.86,-26.3053,17.9539,-2.6839,355.4446,11.9809,2.8091
63.88,-26.305,17.9541,-2.6841,355.4435,11.9822,2.8077
63.9,-26.3052,17.954,-2.6843,355.443,11.9851,2.8082
63.92,-26.3053,17.9541,-2.6845,355.4424,11.9849,2.8077
63.94,-26.3053,17.9545,-2.6846,355.4412,11.9851,2.8067
63.96,-26.3049,17.9546,-2.6845,355.4415,11.9881,2.8053
63.98,-26.3048,17.9544,-2.6845,355.4417,11.989,2.8065
64,-26.3047,17.9543,-2.6845,355.443,11.9889,2.8064
64.02,-26.3044,17.9543,-2.6844,355.4427,11.9912,2.8066
64.04,-26.3041,17.9543,-2.6845,355.4421,11.9925,2.8072
64.06,-26.3044,17.9542,-2.6847,355.4422,11.9906,2.8093
64.08,-26.3042,17.9541,-2.6846,355.4428,11.9927,2.808
64.1,-26.3047,17.9542,-2.6847,355.4429,11.9905,2.8068
64.12,-26.3049,17.9542,-2.6848,355.4422,11.9898,2.8072
64.14,-26.3047,17.9545,-2.6849,355.4402,11.9905,2.8061
64.16,-26.3047,17.9543,-2.6848,355.4415,11.9913,2.806
64.18,-26.3047,17.9542,-2.6848,355.4424,11.9909,2.8065
64.2,-26.3048,17.9544,-2.6849,355.4416,11.9903,2.8063
64.22,-26.3047,17.9544,-2.6848,355.4416,11.9911,2.8053
64.24,-26.3049,17.9544,-2.6848,355.4414,11.9894,2.8066
64.26,-26.3046,17.9544,-2.6847,355.4414,11.9901,2.8065
64.28,-26.3043,17.9542,-2.6845,355.443,11.9911,2.8058
64.3,-26.3049,17.9541,-2.6848,355.444,11.9878,2.8069
64.32,-26.3049,17.9546,-2.6851,355.4413,11.9881,2.807
64.34,-26.3045,17.9542,-2.6848,355.4423,11.9902,2.8085
64.36,-26.3044,17.9542,-2.6847,355.4426,11.9906,2.8074
64.38,-26.3043,17.9543,-2.6847,355.4422,11.9914,2.8069
64.4,-26.3046,17.9543,-2.6847,355.4421,11.9895,2.8069
64.42,-26.3046,17.9539,-2.6846,355.4431,11.9889,2.8079
64.43999,-26.3044,17.9541,-2.6845,355.443,11.9895,2.8069
64.46,-26.3047,17.9545,-2.6848,355.4398,11.9865,2.8083
64.48,-26.3044,17.9543,-2.6846,355.4428,11.9888,2.8074
64.5,-26.3045,17.9543,-2.6845,355.4423,11.9874,2.8068
64.52,-26.3045,17.9542,-2.6845,355.4435,11.9863,2.8073
64.54,-26.3046,17.9543,-2.6846,355.4425,11.9857,2.8064
64.56,-26.3045,17.9544,-2.6845,355.4421,11.9856,2.8063
64.58,-26.3047,17.9542,-2.6844,355.4425,11.9841,2.8066
64.6,-26.3048,17.9544,-2.6841,355.4418,11.9839,2.8063
64.62,-26.3046,17.9541,-2.684,355.443,11.9841,2.807
64.64,-26.3046,17.954,-2.6839,355.4445,11.9833,2.8064
64.66,-26.3049,17.9539,-2.6842,355.4444,11.981,2.808
64.68,-26.3047,17.954,-2.6841,355.444,11.9815,2.8076
64.7,-26.3045,17.954,-2.684,355.4439,11.9827,2.8074
64.72,-26.3045,17.9542,-2.6841,355.4425,11.9831,2.8066
64.74,-26.3046,17.9543,-2.6842,355.4427,11.9822,2.8064
64.76,-26.3047,17.9542,-2.6841,355.4424,11.9819,2.8059
64.78,-26.3046,17.954,-2.6839,355.4441,11.9832,2.8064
64.8,-26.3045,17.9541,-2.684,355.4432,11.9835,2.8056
64.82,-26.3047,17.9543,-2.6842,355.4422,11.9826,2.8052
64.84,-26.3048,17.9542,-2.6842,355.4428,11.9816,2.8058
64.86,-26.3047,17.9542,-2.6842,355.4433,11.9828,2.8059
64.88,-26.3049,17.9542,-2.6842,355.443,11.9816,2.8059
64.9,-26.305,17.9537,-2.6839,355.4454,11.9819,2.8067
64.92,-26.3052,17.9538,-2.684,355.4446,11.9809,2.8073
64.93999,-26.3051,17.9542,-2.684,355.4427,11.9814,2.8057
64.96,-26.3052,17.9541,-2.6841,355.4433,11.9806,2.8062
64.98,-26.3049,17.9541,-2.6839,355.4442,11.9825,2.8059
65,-26.3046,17.9542,-2.6841,355.4435,11.9835,2.8057
65.02,-26.3049,17.954,-2.6842,355.4436,11.9817,2.8065
65.04,-26.3049,17.9541,-2.6843,355.4436,11.9822,2.8057
65.06,-26.3051,17.954,-2.6842,355.4436,11.9822,2.8069
65.08,-26.3049,17.954,-2.6841,355.4439,11.9833,2.8077
65.1,-26.3047,17.9541,-2.6843,355.4427,11.9841,2.808
65.12,-26.3046,17.9541,-2.6845,355.4428,11.9838,2.8076
65.14,-26.3044,17.9537,-2.6843,355.4448,11.9857,2.8092
65.16,-26.3046,17.9542,-2.6844,355.4424,11.9854,2.8078
65.18,-26.304,17.9543,-2.6842,355.4432,11.9896,2.806
65.2,-26.3037,17.9545,-2.6846,355.4413,11.988,2.8068
65.22,-26.3037,17.9541,-2.6845,355.4423,11.9899,2.8069
65.24,-26.3037,17.9543,-2.6846,355.4417,11.9917,2.807
65.26,-26.3043,17.9539,-2.6846,355.4429,11.9904,2.8088
65.28,-26.3046,17.9539,-2.6848,355.4429,11.9886,2.8095
65.3,-26.3043,17.9541,-2.6848,355.4427,11.9899,2.8068
65.32,-26.3039,17.9541,-2.6846,355.4431,11.9906,2.8066
65.34,-26.3033,17.9545,-2.6847,355.4414,11.9914,2.8067
65.36,-26.3028,17.9544,-2.6849,355.4416,11.9925,2.8057
65.38,-26.303,17.9546,-2.685,355.4413,11.9933,2.8048
65.4,-26.3051,17.9541,-2.6849,355.4421,11.9888,2.8072
65.42,-26.3047,17.9545,-2.6848,355.4419,11.9888,2.8063
65.43999,-26.3044,17.9542,-2.6849,355.4414,11.9891,2.8068
65.46,-26.304,17.9541,-2.6848,355.4425,11.9896,2.806
65.48,-26.3035,17.9544,-2.6847,355.4413,11.9913,2.8049
65.5,-26.304,17.9542,-2.6847,355.4429,11.9889,2.8061
65.52,-26.3042,17.954,-2.6846,355.4429,11.9889,2.8075
65.54,-26.304,17.9543,-2.6846,355.4419,11.99,2.8065
65.56,-26.3039,17.9541,-2.6846,355.4426,11.9896,2.8063
65.58,-26.3042,17.9539,-2.6846,355.4443,11.9866,2.8077
65.6,-26.3043,17.9543,-2.6847,355.4415,11.988,2.8067
65.62,-26.3046,17.9541,-2.6847,355.4421,11.9866,2.8069
65.64,-26.3045,17.9542,-2.6847,355.442,11.9878,2.8068
65.66,-26.3044,17.9542,-2.6848,355.4423,11.9892,2.8066
65.68,-26.3046,17.954,-2.6848,355.4436,11.9882,2.8075
65.7,-26.3048,17.9541,-2.6849,355.443,11.9873,2.8076
65.72,-26.3046,17.9542,-2.6849,355.4417,11.9891,2.8075
65.74,-26.3046,17.9541,-2.6849,355.4421,11.9883,2.8072
65.76,-26.3046,17.9542,-2.6848,355.4423,11.9883,2.807
65.78,-26.305,17.9542,-2.6849,355.443,11.9856,2.8061
65.8,-26.305,17.9543,-2.6848,355.4418,11.9854,2.8068
65.82,-26.3051,17.9543,-2.6848,355.4414,11.985,2.8074
65.84,-26.3049,17.9544,-2.6847,355.4417,11.9858,2.8061
65.86,-26.3049,17.9544,-2.6847,355.4416,11.9858,2.8064
65.88,-26.3052,17.9543,-2.6847,355.4417,11.985,2.8079
65.9,-26.3048,17.9542,-2.6845,355.4427,11.9845,2.8072
65.92,-26.3045,17.9545,-2.6846,355.4407,11.9851,2.8055
65.93999,-26.3047,17.9543,-2.6845,355.4414,11.9839,2.8062
65.96,-26.3047,17.9541,-2.6844,355.4418,11.9832,2.8076
65.98,-26.3046,17.9543,-2.6843,355.4412,11.9845,2.807
66,-26.3051,17.9537,-2.6841,355.4439,11.9813,2.8085
66.02,-26.3051,17.954,-2.684,355.4431,11.9809,2.8081
66.04,-26.3049,17.954,-2.6841,355.4436,11.9805,2.8067
66.06,-26.305,17.9542,-2.6842,355.4427,11.9792,2.8059
66.08,-26.305,17.9541,-2.6841,355.4431,11.9804,2.8065
66.1,-26.3052,17.954,-2.6841,355.4431,11.9793,2.8074
66.12,-26.3053,17.9543,-2.6843,355.4415,11.9783,2.8064
66.14,-26.3051,17.9542,-2.6842,355.4411,11.9798,2.8067
66.16,-26.3051,17.9541,-2.6842,355.4425,11.9794,2.8059
66.18,-26.3053,17.9541,-2.6841,355.4431,11.9789,2.8064
66.2,-26.3052,17.9544,-2.6841,355.4416,11.9788,2.806
66.22,-26.3053,17.9543,-2.6842,355.4413,11.9776,2.8071
66.24,-26.3048,17.954,-2.684,355.4439,11.9801,2.8068
66.26,-26.3049,17.9541,-2.6841,355.443,11.9805,2.8072
66.28,-26.3049,17.9542,-2.6841,355.4432,11.9817,2.8063
66.3,-26.305,17.9542,-2.684,355.4423,11.9823,2.8059
66.32,-26.3049,17.9538,-2.6839,355.4444,11.9823,2.8073
66.34,-26.3049,17.9541,-2.6841,355.4423,11.9831,2.8074
66.36,-26.3051,17.9541,-2.6843,355.4423,11.9819,2.8079
66.38,-26.3048,17.9544,-2.6843,355.4419,11.9847,2.8058
66.4,-26.3046,17.9545,-2.6844,355.4418,11.9856,2.8063
66.42,-26.3047,17.9547,-2.6845,355.4405,11.9856,2.8058
66.43999,-26.3049,17.9542,-2.6844,355.4447,11.9841,2.8079
66.46,-26.305,17.9543,-2.6845,355.4424,11.9853,2.8081
66.48,-26.305,17.9541,-2.6843,355.4434,11.9857,2.808
66.5,-26.3047,17.9544,-2.6846,355.4412,11.9868,2.8065
66.52,-26.3043,17.9546,-2.6848,355.44,11.988,2.8068
66.54,-26.3044,17.9543,-2.6848,355.4407,11.9889,2.8075
66.56,-26.3046,17.9542,-2.6847,355.4423,11.9886,2.8081
66.58,-26.3044,17.9544,-2.6846,355.441,11.9908,2.8072
66.6,-26.3047,17.9545,-2.6849,355.4412,11.9888,2.8064
66.62,-26.3045,17.9543,-2.6847,355.442,11.9897,2.806
66.64,-26.3043,17.9544,-2.6845,355.4417,11.9912,2.8056
66.66,-26.3047,17.9542,-2.6845,355.4424,11.9897,2.8071
66.68,-26.3045,17.9543,-2.6845,355.442,11.992,2.8056
66.7,-26.305,17.9543,-2.6848,355.4417,11.9905,2.8063
66.72,-26.3055,17.9544,-2.6849,355.4408,11.9885,2.8075
66.74,-26.3051,17.9545,-2.6848,355.4406,11.989,2.8066
66.76,-26.3054,17.9542,-2.6848,355.442,11.9867,2.8077
66.78,-26.3054,17.954,-2.6848,355.4437,11.9876,2.8073
66.8,-26.3055,17.9541,-2.6847,355.4433,11.9875,2.8074
66.82,-26.3054,17.9541,-2.6847,355.4424,11.9871,2.8071
66.84,-26.3054,17.9541,-2.6846,355.4427,11.9877,2.8072
66.86,-26.3055,17.954,-2.6848,355.4423,11.986,2.8083
66.88,-26.3056,17.9542,-2.685,355.4412,11.9855,2.8081
66.9,-26.3052,17.9541,-2.6848,355.4425,11.9874,2.8082
66.92,-26.3052,17.9544,-2.6849,355.4407,11.9874,2.807
66.93999,-26.3051,17.9545,-2.6851,355.4388,11.9877,2.8064
66.96,-26.3052,17.9543,-2.6849,355.441,11.987,2.8069
66.98,-26.3052,17.9544,-2.6849,355.4405,11.9862,2.807
67,-26.3052,17.9543,-2.6848,355.4419,11.9845,2.8078
67.02,-26.3049,17.9542,-2.6846,355.4427,11.9859,2.8072
67.04,-26.3045,17.9543,-2.6846,355.4428,11.9867,2.8065
67.06,-26.3045,17.9544,-2.6845,355.4419,11.9865,2.8064
67.08,-26.3045,17.9542,-2.6843,355.4436,11.9852,2.8064
67.1,-26.3047,17.9546,-2.6845,355.4405,11.9841,2.8061
67.12,-26.3049,17.9541,-2.6843,355.4424,11.983,2.8083
67.14,-26.3046,17.9541,-2.6841,355.4423,11.9837,2.808
67.16,-26.3043,17.9541,-2.684,355.4429,11.9836,2.8073
67.18,-26.3041,17.9543,-2.684,355.4421,11.9869,2.806
67.2,-26.3048,17.9542,-2.6844,355.4413,11.9827,2.8073
67.22,-26.3048,17.9542,-2.6842,355.442,11.9823,2.8065
67.24,-26.3047,17.954,-2.6839,355.4462,11.9796,2.8055
67.26,-26.3044,17.9541,-2.6839,355.4438,11.9825,2.8056
67.28,-26.3041,17.9538,-2.6838,355.4456,11.9829,2.8064
67.3,-26.3045,17.9542,-2.684,355.4438,11.9818,2.8044
67.32,-26.3051,17.9543,-2.6843,355.4448,11.9807,2.8032
67.34,-26.3052,17.9541,-2.6841,355.4441,11.9805,2.8053
67.36,-26.305,17.9538,-2.684,355.4449,11.9817,2.8062
67.38,-26.3047,17.9542,-2.684,355.4426,11.9824,2.8051
67.4,-26.3051,17.9538,-2.6841,355.4446,11.9793,2.8074
67.42,-26.305,17.9541,-2.6843,355.4422,11.9806,2.8059
67.43999,-26.305,17.9543,-2.6844,355.4411,11.9809,2.8058
67.46,-26.305,17.954,-2.6841,355.4432,11.9808,2.807
67.48,-26.3055,17.954,-2.6842,355.443,11.979,2.808
67.5,-26.305,17.9541,-2.6842,355.4436,11.9811,2.8068
67.52,-26.3048,17.9539,-2.6841,355.444,11.9825,2.8069
67.54,-26.3048,17.9539,-2.6841,355.4434,11.9827,2.8068
67.56,-26.3048,17.9542,-2.6841,355.4425,11.9823,2.8071
67.58,-26.305,17.9541,-2.6841,355.4428,11.9829,2.8078
67.6,-26.3047,17.9542,-2.6841,355.442,11.984,2.8072
67.62,-26.3047,17.9542,-2.6841,355.4426,11.9832,2.8069
67.64,-26.3045,17.9542,-2.684,355.4429,11.9844,2.8075
67.66,-26.3042,17.954,-2.6841,355.4438,11.9857,2.8067
67.68,-26.304,17.9542,-2.6843,355.4422,11.9871,2.8065
67.7,-26.3042,17.9544,-2.6845,355.4415,11.9877,2.8062
67.72,-26.3046,17.9544,-2.6846,355.4413,11.9872,2.8067
67.74,-26.3047,17.9541,-2.6845,355.4429,11.9867,2.8072
67.76,-26.3047,17.9539,-2.6845,355.444,11.9864,2.8078
67.78,-26.3045,17.9542,-2.6846,355.4425,11.9879,2.8068
67.8,-26.3042,17.9541,-2.6845,355.4432,11.9893,2.8068
67.82,-26.3042,17.9542,-2.6846,355.4425,11.9888,2.8069
67.84,-26.3044,17.9543,-2.6848,355.4412,11.9895,2.8068
67.86,-26.3047,17.9541,-2.6849,355.4418,11.9882,2.8076
67.88,-26.3044,17.9543,-2.6847,355.4404,11.9908,2.8064
67.9,-26.3047,17.9538,-2.6848,355.4429,11.9876,2.8088
67.92,-26.3045,17.9543,-2.685,355.44,11.9876,2.8069
67.93999,-26.3044,17.9538,-2.6846,355.445,11.9881,2.8078
67.96,-26.3044,17.9542,-2.6846,355.4428,11.9895,2.806
67.98,-26.3045,17.954,-2.6846,355.4449,11.9886,2.8064
68,-26.3045,17.9541,-2.6848,355.4436,11.988,2.8068
68.02,-26.3049,17.9546,-2.6851,355.4413,11.9869,2.8056
68.04,-26.3045,17.9543,-2.6847,355.4417,11.9885,2.8065
68.06,-26.3045,17.9543,-2.6847,355.4417,11.9885,2.8065
68.08,-26.3044,17.9532,-2.6843,355.4477,11.9892,2.8092
68.1,-26.3045,17.9538,-2.6846,355.4445,11.9867,2.8083
68.12,-26.3046,17.9544,-2.6848,355.4412,11.9878,2.806
68.14,-26.305,17.9539,-2.6847,355.443,11.9864,2.8076
68.16,-26.3051,17.9539,-2.6847,355.4438,11.9845,2.8087
68.18,-26.3047,17.9542,-2.6848,355.4424,11.9875,2.8067
68.2,-26.3048,17.9541,-2.6846,355.4428,11.9868,2.8069
68.22,-26.305,17.9542,-2.6847,355.4421,11.986,2.8065
68.24,-26.3049,17.9542,-2.6847,355.4422,11.9859,2.8066
68.26,-26.3051,17.9542,-2.6847,355.4417,11.9849,2.8078
68.28,-26.3051,17.954,-2.6846,355.4426,11.9851,2.8083
68.3,-26.3054,17.954,-2.6845,355.4428,11.9854,2.8087
68.32,-26.3059,17.9542,-2.6846,355.4411,11.9815,2.8099
68.34,-26.3051,17.9542,-2.6844,355.442,11.9845,2.8078
68.36,-26.3053,17.9541,-2.6844,355.4425,11.9838,2.8081
68.38,-26.3055,17.9539,-2.6843,355.4429,11.9829,2.809
68.4,-26.306,17.954,-2.6845,355.4435,11.9814,2.8083
68.42,-26.3058,17.954,-2.6843,355.4436,11.9819,2.8083
68.43999,-26.3055,17.9539,-2.684,355.4443,11.9819,2.8079
68.46,-26.3046,17.954,-2.6837,355.4441,11.9828,2.8078
68.48,-26.3053,17.9542,-2.6842,355.443,11.9812,2.8087
68.5,-26.3049,17.9539,-2.6841,355.4437,11.9827,2.8076
68.52,-26.3052,17.9538,-2.6841,355.4435,11.9815,2.8079
68.54,-26.3054,17.9539,-2.6841,355.4439,11.9809,2.8078
68.56,-26.3053,17.9538,-2.6841,355.4448,11.9809,2.8075
68.58,-26.3051,17.9538,-2.684,355.4431,11.9815,2.8085
68.6,-26.3051,17.954,-2.684,355.443,11.9799,2.8081
68.62,-26.3044,17.9539,-2.6838,355.4435,11.9812,2.8072
68.64,-26.3046,17.9541,-2.684,355.4427,11.9822,2.8064
68.66,-26.305,17.9541,-2.6841,355.4429,11.9807,2.8061
68.68,-26.305,17.9539,-2.6839,355.444,11.982,2.807
68.7,-26.3051,17.9541,-2.684,355.4429,11.9828,2.8061
68.72,-26.3052,17.9543,-2.684,355.4415,11.9825,2.8064
68.74,-26.305,17.9543,-2.684,355.4427,11.9828,2.8063
68.76,-26.3052,17.954,-2.6841,355.4431,11.9819,2.8086
68.78,-26.3053,17.9537,-2.6841,355.4446,11.9814,2.8095
68.8,-26.3052,17.9541,-2.6842,355.4427,11.9825,2.808
68.82,-26.3052,17.9541,-2.6841,355.4426,11.9836,2.8083
68.84,-26.3051,17.954,-2.6841,355.4434,11.9838,2.8079
68.86,-26.3051,17.9541,-2.6842,355.4422,11.9837,2.8073
68.88,-26.305,17.9541,-2.6841,355.4428,11.9844,2.8071
68.9,-26.3049,17.9539,-2.684,355.4437,11.9842,2.8082
68.92,-26.3047,17.9539,-2.6841,355.4445,11.9855,2.8069
68.93999,-26.3048,17.9539,-2.6841,355.4439,11.9863,2.8074
68.96,-26.3045,17.954,-2.6841,355.4432,11.9883,2.8074
68.98,-26.3051,17.954,-2.6843,355.443,11.9861,2.8084
69,-26.3055,17.9542,-2.6847,355.4419,11.9863,2.8074
69.02,-26.3053,17.9544,-2.6846,355.4414,11.9876,2.8062
69.04,-26.3052,17.9544,-2.6844,355.4413,11.988,2.8071
69.06,-26.3053,17.9539,-2.6843,355.4433,11.9876,2.8086
69.08,-26.3049,17.9542,-2.6844,355.4428,11.9911,2.8065
69.1,-26.3053,17.9541,-2.6847,355.4429,11.9885,2.8073
69.12,-26.3051,17.9543,-2.6848,355.442,11.9895,2.8062
69.14,-26.3051,17.9542,-2.6848,355.4425,11.9892,2.8063
69.16,-26.3054,17.954,-2.6848,355.443,11.9885,2.8077
69.18,-26.3053,17.9539,-2.6847,355.4439,11.9886,2.8075
69.2,-26.3051,17.9539,-2.6845,355.4446,11.9895,2.8073
69.22,-26.3051,17.954,-2.6846,355.4443,11.9887,2.8071
69.24,-26.305,17.9541,-2.6846,355.4424,11.9897,2.8073
69.26,-26.3056,17.9541,-2.6849,355.4417,11.9857,2.8092
69.28,-26.3052,17.9542,-2.6848,355.4416,11.9875,2.8074
69.3,-26.305,17.9539,-2.6847,355.4438,11.987,2.8073
69.32,-26.3052,17.9541,-2.6848,355.4422,11.9869,2.8073
69.34,-26.3045,17.9544,-2.6845,355.4414,11.9904,2.8061
69.36,-26.305,17.954,-2.6846,355.4425,11.9876,2.808
69.38,-26.305,17.9541,-2.6846,355.442,11.9881,2.8083
69.4,-26.3048,17.9541,-2.6847,355.4418,11.9876,2.8073
69.42,-26.3049,17.9541,-2.6846,355.4424,11.9882,2.8079
69.43999,-26.3049,17.9544,-2.6846,355.4409,11.9874,2.8065
69.46,-26.3049,17.9542,-2.6844,355.442,11.9875,2.8075
69.48,-26.3048,17.9541,-2.6844,355.4423,11.9877,2.8076
69.5,-26.305,17.9544,-2.6846,355.4404,11.9858,2.8066
69.52,-26.3052,17.9543,-2.6846,355.4413,11.9849,2.8074
69.54,-26.305,17.954,-2.6845,355.4426,11.9845,2.8082
69.56,-26.3049,17.9542,-2.6846,355.4408,11.9856,2.8083
69.58,-26.3047,17.9543,-2.6844,355.4416,11.9869,2.8072
69.6,-26.3046,17.9542,-2.6842,355.4415,11.9852,2.8077
69.62,-26.3045,17.9542,-2.6841,355.4418,11.9848,2.8069
69.64,-26.3042,17.9543,-2.684,355.442,11.9858,2.8059
69.66,-26.3046,17.9541,-2.6841,355.4429,11.9844,2.8067
69.68,-26.3047,17.954,-2.6841,355.4431,11.9836,2.8077
69.7,-26.3041,17.9541,-2.6838,355.442,11.987,2.8065
69.72,-26.3044,17.954,-2.6839,355.4436,11.9847,2.8058
69.74,-26.305,17.9538,-2.6841,355.4445,11.9805,2.8094
69.76,-26.3044,17.9538,-2.6839,355.445,11.9835,2.8079
69.78,-26.3046,17.9541,-2.6841,355.4437,11.9828,2.8065
69.8,-26.3047,17.9544,-2.6841,355.4417,11.9827,2.8062
69.82,-26.3047,17.9543,-2.6841,355.4424,11.9837,2.8063
69.84,-26.305,17.9543,-2.6842,355.4414,11.9826,2.8061
69.86,-26.3049,17.9541,-2.6841,355.4426,11.9831,2.8062
69.88,-26.3049,17.954,-2.6842,355.4432,11.9821,2.8068
69.9,-26.305,17.9538,-2.684,355.4452,11.9826,2.8074
69.92,-26.3049,17.954,-2.6839,355.444,11.9832,2.8069
69.93999,-26.305,17.9541,-2.684,355.443,11.9828,2.806
69.96,-26.305,17.9544,-2.6841,355.4411,11.9832,2.8063
69.98,-26.305,17.9544,-2.6841,355.4419,11.9823,2.8066
70,-26.3048,17.9541,-2.6842,355.4429,11.9835,2.8067
70.02,-26.3049,17.954,-2.6842,355.4431,11.9838,2.807
70.04,-26.3049,17.9542,-2.6842,355.4427,11.985,2.8062
70.06,-26.3052,17.954,-2.6843,355.4438,11.9822,2.8077
70.08,-26.3048,17.9541,-2.6841,355.4438,11.9846,2.8064
70.1,-26.3048,17.9543,-2.6842,355.4425,11.9846,2.807
70.12,-26.3049,17.9541,-2.6842,355.4431,11.9835,2.8078
70.14,-26.3045,17.9541,-2.684,355.4431,11.9859,2.8081
70.16,-26.3044,17.9544,-2.6842,355.442,11.9869,2.8073
70.18,-26.3044,17.954,-2.6842,355.4438,11.9868,2.8086
70.2,-26.3041,17.9543,-2.6844,355.4413,11.9894,2.8059
70.22,-26.3043,17.9543,-2.6844,355.4418,11.9889,2.8067
70.24,-26.3043,17.9542,-2.6845,355.4424,11.989,2.8077
70.26,-26.3042,17.9539,-2.6844,355.4441,11.9896,2.8088
70.28,-26.3042,17.9538,-2.6844,355.4446,11.9897,2.8085
70.3,-26.3043,17.9541,-2.6843,355.4443,11.9898,2.807
70.32,-26.3044,17.9542,-2.6845,355.4429,11.9901,2.8066
70.34,-26.3045,17.9543,-2.6848,355.4418,11.9893,2.8064
70.36,-26.3046,17.9541,-2.6848,355.4433,11.9876,2.8071
70.38,-26.3045,17.9541,-2.6847,355.4429,11.9892,2.8071
70.4,-26.3046,17.954,-2.6847,355.4424,11.9906,2.8085
70.42,-26.3045,17.9544,-2.6849,355.4414,11.9906,2.8069
70.43999,-26.3042,17.9545,-2.6849,355.4409,11.991,2.8057
70.46,-26.3041,17.9544,-2.6848,355.4406,11.9916,2.806
70.48,-26.3044,17.9543,-2.6847,355.4422,11.9897,2.8063
70.5,-26.3045,17.9546,-2.6849,355.4409,11.9901,2.8049
70.52,-26.3044,17.9545,-2.6849,355.4409,11.9907,2.806
70.54,-26.3044,17.9542,-2.6846,355.4425,11.9916,2.8066
70.56,-26.3045,17.9543,-2.6847,355.4419,11.9911,2.8063
70.58,-26.3046,17.9542,-2.6846,355.4427,11.9897,2.8064
70.6,-26.3045,17.9544,-2.6848,355.4407,11.9886,2.807
70.62,-26.3046,17.9543,-2.6848,355.4416,11.9872,2.8061
70.64,-26.3048,17.9542,-2.6847,355.442,11.9874,2.807
70.66,-26.3046,17.9546,-2.6848,355.4395,11.9888,2.8055
70.68,-26.3051,17.9544,-2.6848,355.4409,11.9862,2.8073
70.7,-26.3054,17.9541,-2.6848,355.4441,11.9839,2.8068
70.72,-26.3055,17.9536,-2.6846,355.4447,11.9847,2.81
70.74,-26.3048,17.954,-2.6844,355.4441,11.9871,2.808
70.76,-26.3053,17.954,-2.6846,355.4443,11.985,2.8075
70.78,-26.3052,17.9543,-2.6846,355.4425,11.9867,2.8068
70.8,-26.3055,17.9542,-2.6846,355.4427,11.9842,2.8078
70.82,-26.3051,17.9541,-2.6844,355.4437,11.9856,2.8076
70.84,-26.3044,17.9542,-2.6843,355.4428,11.9876,2.8064
70.86,-26.3051,17.9543,-2.6845,355.4424,11.9845,2.8063
70.88,-26.3052,17.9545,-2.6846,355.4414,11.9836,2.8065
70.9,-26.3052,17.9539,-2.6842,355.4455,11.9808,2.8106
70.92,-26.3053,17.9541,-2.6845,355.4425,11.9793,2.8087
70.93999,-26.3051,17.9545,-2.6845,355.4397,11.9816,2.8074
70.96,-26.3053,17.954,-2.6842,355.4435,11.9805,2.8081
70.98,-26.305,17.9541,-2.6841,355.4434,11.9824,2.8075
71,-26.3051,17.9541,-2.6842,355.4417,11.9817,2.8078
71.02,-26.3054,17.9542,-2.6843,355.441,11.9799,2.8078
71.04,-26.3049,17.9544,-2.6842,355.4402,11.9826,2.8066
71.06,-26.3049,17.9543,-2.6841,355.4413,11.9822,2.8066
71.08,-26.305,17.9543,-2.6842,355.4414,11.9814,2.8064
71.1,-26.3054,17.9544,-2.6843,355.4408,11.9801,2.8063
71.12,-26.3052,17.9541,-2.684,355.4424,11.9815,2.8072
71.14,-26.3052,17.954,-2.6838,355.4432,11.9823,2.8076
71.16,-26.3053,17.954,-2.684,355.4436,11.9806,2.8071
71.18,-26.3051,17.9541,-2.6839,355.4431,11.9818,2.8067
71.2,-26.3057,17.9544,-2.6844,355.4406,11.979,2.8065
71.22,-26.3056,17.9542,-2.6843,355.4423,11.9807,2.8066
71.24,-26.3058,17.9543,-2.6844,355.4409,11.9807,2.8064
71.26,-26.306,17.9543,-2.6844,355.4406,11.981,2.8063
71.28,-26.306,17.9543,-2.6843,355.4415,11.9815,2.8068
71.3,-26.3059,17.9543,-2.6843,355.4407,11.9811,2.8075
71.32,-26.3065,17.9541,-2.6846,355.4418,11.9782,2.8083
71.34,-26.3058,17.9542,-2.6844,355.4413,11.9808,2.8078
71.36,-26.3059,17.9542,-2.6844,355.4423,11.9807,2.8076
71.38,-26.3059,17.9542,-2.6846,355.4416,11.9812,2.8081
71.4,-26.3058,17.9542,-2.6846,355.4412,11.9832,2.8075
71.42,-26.3059,17.9543,-2.6846,355.4405,11.982,2.8079
71.43999,-26.3058,17.9539,-2.6845,355.4437,11.9826,2.8097
71.46,-26.3056,17.9539,-2.6847,355.4426,11.9836,2.8098
71.48,-26.3056,17.9541,-2.6849,355.4417,11.9832,2.8093
71.5,-26.3053,17.9539,-2.6845,355.443,11.9843,2.8091
71.52,-26.3048,17.954,-2.6845,355.4423,11.9857,2.8088
71.54,-26.305,17.9537,-2.6847,355.4445,11.9853,2.8088
71.56,-26.3047,17.9544,-2.685,355.4398,11.9881,2.8066
71.58,-26.3048,17.9543,-2.685,355.4408,11.9873,2.8077
71.6,-26.3047,17.9539,-2.6848,355.4431,11.9864,2.8089
71.62,-26.3045,17.954,-2.6848,355.4426,11.9871,2.8082
71.64,-26.3045,17.954,-2.6848,355.4421,11.9886,2.8087
71.66,-26.3048,17.9539,-2.6849,355.4433,11.987,2.8087
71.68,-26.3049,17.9539,-2.6849,355.443,11.986,2.8094
71.7,-26.3044,17.9543,-2.6849,355.4416,11.9891,2.8067
71.72,-26.3047,17.9543,-2.685,355.4414,11.9866,2.8071
71.74,-26.3047,17.9544,-2.685,355.4403,11.9876,2.8066
71.76,-26.3049,17.9545,-2.6849,355.4402,11.9876,2.8061
71.78,-26.3047,17.9544,-2.6847,355.4406,11.9897,2.8062
71.8,-26.3049,17.9541,-2.6848,355.4423,11.9873,2.8073
71.82,-26.3051,17.9543,-2.6849,355.4413,11.9875,2.8072
71.84,-26.3055,17.954,-2.6848,355.4439,11.9848,2.8082
71.86,-26.3053,17.954,-2.6847,355.4438,11.9862,2.8079
71.88,-26.3051,17.9537,-2.6846,355.4442,11.9873,2.8088
71.9,-26.3054,17.9541,-2.6848,355.4433,11.9866,2.8076
71.92,-26.3052,17.954,-2.6846,355.4434,11.9869,2.8083
71.93999,-26.3055,17.9543,-2.6848,355.4424,11.9841,2.8079
71.96,-26.3055,17.9543,-2.6848,355.4421,11.9845,2.8075
71.98,-26.3055,17.9541,-2.6849,355.4427,11.984,2.8081
72,-26.3053,17.9542,-2.6847,355.4401,11.9841,2.8073
72.02,-26.305,17.9542,-2.6845,355.4411,11.9856,2.8068
72.04,-26.3054,17.9539,-2.6845,355.4436,11.9832,2.8085
72.06,-26.3054,17.954,-2.6846,355.4438,11.9818,2.8076
72.08,-26.3053,17.9541,-2.6846,355.4416,11.9818,2.8083
72.1,-26.305,17.9544,-2.6846,355.4401,11.9816,2.8071
72.12,-26.305,17.9544,-2.6845,355.4406,11.9805,2.8075
72.14,-26.3053,17.9543,-2.6845,355.44,11.9801,2.8078
72.16,-26.3056,17.9539,-2.6845,355.443,11.9781,2.8087
72.18,-26.3052,17.9542,-2.6842,355.4415,11.9804,2.8081
72.2,-26.305,17.9539,-2.6841,355.4432,11.9796,2.8083
72.22,-26.3051,17.9539,-2.6842,355.4435,11.9801,2.8075
72.24,-26.3051,17.954,-2.6843,355.4422,11.9804,2.8076
72.26,-26.3048,17.9538,-2.684,355.4443,11.9821,2.8073
72.28,-26.3051,17.9538,-2.684,355.4442,11.981,2.8073
72.3,-26.3051,17.9541,-2.6841,355.4428,11.9797,2.8066
72.32,-26.3053,17.9541,-2.6843,355.4416,11.9793,2.8068
72.34,-26.3053,17.9539,-2.6842,355.4439,11.9789,2.8074
72.36,-26.3052,17.9541,-2.6842,355.4435,11.979,2.8068
72.38,-26.3054,17.954,-2.6842,355.4433,11.9781,2.807
72.4,-26.305,17.9542,-2.6842,355.4414,11.9823,2.806
72.42,-26.3053,17.9541,-2.6843,355.4423,11.9802,2.8073
72.43999,-26.3055,17.9543,-2.6844,355.4427,11.9791,2.8069
72.46,-26.3056,17.9542,-2.6844,355.4413,11.9792,2.8077
72.48,-26.3055,17.9541,-2.6844,355.4411,11.9812,2.8078
72.5,-26.3053,17.9542,-2.6844,355.4408,11.9817,2.8082
72.52,-26.3051,17.9541,-2.6844,355.4428,11.9818,2.8074
72.54,-26.3048,17.9541,-2.6843,355.4417,11.9831,2.8074
72.56,-26.3046,17.9541,-2.6843,355.4418,11.9843,2.8081
72.58,-26.3047,17.9535,-2.6842,355.4447,11.9836,2.8098
72.6,-26.3048,17.9541,-2.6845,355.4421,11.984,2.8088
72.62,-26.3047,17.9543,-2.6846,355.4415,11.9854,2.8079
72.64,-26.3048,17.954,-2.6845,355.4427,11.9861,2.8083
72.66,-26.3048,17.954,-2.6845,355.4429,11.9856,2.8084
72.68,-26.3047,17.9538,-2.6844,355.4437,11.9859,2.8088
72.7,-26.3047,17.9539,-2.6846,355.4429,11.986,2.8092
72.72,-26.3047,17.954,-2.6846,355.4423,11.9871,2.8089
72.74,-26.3047,17.9541,-2.6847,355.4413,11.988,2.8085
72.76,-26.3048,17.9541,-2.6848,355.4422,11.9879,2.8082
72.78,-26.3046,17.9539,-2.6846,355.4428,11.99,2.8083
72.8,-26.3047,17.9541,-2.6848,355.4425,11.9884,2.8074
72.82,-26.3046,17.954,-2.6848,355.4424,11.989,2.8071
72.84,-26.3048,17.9538,-2.6846,355.4436,11.9881,2.809
72.86,-26.3048,17.9542,-2.6848,355.4418,11.9885,2.8079
72.88,-26.3048,17.954,-2.6847,355.4424,11.9887,2.8089
72.9,-26.3048,17.9543,-2.6849,355.4406,11.9897,2.8075
72.92,-26.305,17.9541,-2.6848,355.4418,11.9892,2.8079
72.93999,-26.3052,17.9539,-2.6847,355.4434,11.9882,2.808
72.96,-26.3052,17.9539,-2.6847,355.4435,11.9883,2.8084
72.98,-26.3053,17.9539,-2.6848,355.4441,11.9864,2.808
73,-26.3053,17.9542,-2.685,355.4409,11.9863,2.8081
73.02,-26.3052,17.9542,-2.6848,355.441,11.987,2.808
73.04,-26.3053,17.9542,-2.6848,355.4413,11.9871,2.8077
73.06,-26.3056,17.9543,-2.6849,355.4406,11.9862,2.8082
73.08,-26.3055,17.9541,-2.6848,355.4412,11.9858,2.8089
73.1,-26.3056,17.954,-2.6848,355.4422,11.9839,2.8087
73.12,-26.3052,17.954,-2.6846,355.4428,11.9859,2.8077
73.14,-26.3054,17.9542,-2.6846,355.4416,11.985,2.8077
73.16,-26.3055,17.9541,-2.6847,355.442,11.9835,2.808
73.18,-26.3053,17.9536,-2.6843,355.4446,11.9841,2.8092
73.2,-26.3053,17.9541,-2.6844,355.4423,11.9837,2.808
73.22,-26.3054,17.9541,-2.6844,355.4426,11.9821,2.8082
73.24,-26.3053,17.9541,-2.6844,355.4413,11.9828,2.8089
73.26,-26.3055,17.9542,-2.6844,355.442,11.9814,2.8081
73.28,-26.3054,17.9541,-2.6843,355.442,11.9818,2.8088
73.3,-26.3054,17.9543,-2.6843,355.4414,11.9807,2.8077
73.32,-26.3052,17.9543,-2.6842,355.4418,11.9818,2.8072
73.34,-26.3056,17.9542,-2.6844,355.4413,11.9793,2.8084
73.36,-26.3053,17.9541,-2.6842,355.442,11.9819,2.808
73.38,-26.3054,17.954,-2.6842,355.4424,11.9813,2.8081
73.4,-26.3052,17.954,-2.6841,355.4432,11.982,2.807
73.42,-26.3054,17.9539,-2.6841,355.4433,11.9801,2.8078
73.43999,-26.3051,17.954,-2.6839,355.4432,11.9827,2.8075
73.46,-26.3049,17.9539,-2.6839,355.4429,11.9836,2.8078
73.48,-26.3052,17.9538,-2.684,355.4441,11.9817,2.8086
73.5,-26.3054,17.954,-2.6843,355.4427,11.9822,2.8084
73.52,-26.3054,17.954,-2.6842,355.4433,11.9824,2.8084
73.54,-26.3056,17.9543,-2.6844,355.4422,11.9813,2.8079
73.56,-26.3057,17.9542,-2.6844,355.4417,11.9809,2.8082
73.58,-26.3056,17.954,-2.6842,355.443,11.9811,2.8087
73.6,-26.3059,17.9537,-2.6842,355.4441,11.978,2.8092
73.62,-26.3057,17.9539,-2.6841,355.4436,11.9793,2.8085
73.64,-26.3058,17.9538,-2.6842,355.4438,11.9787,2.8096
73.66,-26.3056,17.954,-2.6842,355.4425,11.9804,2.8086
73.68,-26.306,17.9538,-2.6842,355.4439,11.9779,2.8103
73.7,-26.3054,17.9542,-2.6842,355.442,11.9814,2.8076
73.72,-26.3055,17.954,-2.6842,355.4433,11.9804,2.8077
73.74,-26.3054,17.9542,-2.6843,355.4413,11.9819,2.8084
73.76,-26.3057,17.9541,-2.6844,355.4417,11.9807,2.8088
73.78,-26.3054,17.9541,-2.6844,355.4415,11.9835,2.8076
73.8,-26.3056,17.9543,-2.6843,355.4405,11.9842,2.8085
73.82,-26.3058,17.9542,-2.6844,355.4409,11.9824,2.8091
73.84,-26.3054,17.9541,-2.6842,355.4415,11.9846,2.8084
73.86,-26.3055,17.9542,-2.6845,355.4412,11.9836,2.8088
73.88,-26.3055,17.9543,-2.6846,355.4409,11.9841,2.8088
73.9,-26.3056,17.9541,-2.6846,355.4429,11.9862,2.8085
73.92,-26.3059,17.9541,-2.6847,355.4428,11.9849,2.8082
73.93999,-26.3057,17.9542,-2.6846,355.4416,11.9864,2.8083
73.96,-26.3058,17.954,-2.6847,355.4423,11.985,2.8099
73.98,-26.3057,17.9542,-2.6848,355.4416,11.9849,2.8092
74,-26.3051,17.9541,-2.6847,355.4434,11.9871,2.8079
74.02,-26.3049,17.9542,-2.6847,355.4423,11.9889,2.8072
74.04,-26.3051,17.954,-2.6848,355.4419,11.9878,2.8082
74.06,-26.3051,17.9541,-2.6848,355.442,11.9889,2.8078
74.08,-26.3052,17.9542,-2.6848,355.4411,11.988,2.8083
74.1,-26.3051,17.9539,-2.6848,355.4425,11.9864,2.8087
74.12,-26.3047,17.9541,-2.6847,355.442,11.9882,2.8082
74.14,-26.305,17.9542,-2.6849,355.4408,11.9874,2.8076
74.16,-26.3052,17.9543,-2.6849,355.4414,11.986,2.8075
74.18,-26.3049,17.9544,-2.685,355.4409,11.9879,2.8069
74.2,-26.3051,17.9542,-2.6849,355.442,11.9873,2.8077
74.22,-26.3049,17.9542,-2.6848,355.4418,11.9873,2.8073
74.24,-26.3051,17.9541,-2.6848,355.4415,11.986,2.8086
74.26,-26.3052,17.954,-2.6848,355.443,11.9852,2.8085
74.28,-26.3052,17.954,-2.6847,355.4421,11.9858,2.8092
74.3,-26.3055,17.9538,-2.6847,355.4433,11.9834,2.81
74.32,-26.3051,17.954,-2.6847,355.4428,11.9839,2.8082
74.34,-26.3051,17.9542,-2.6848,355.4418,11.9844,2.8077
74.36,-26.3052,17.9542,-2.6847,355.4421,11.9842,2.8071
74.38,-26.3055,17.9542,-2.6848,355.441,11.9841,2.8083
74.4,-26.3052,17.9546,-2.6847,355.4401,11.9834,2.8073
74.42,-26.305,17.9545,-2.6847,355.4397,11.9845,2.8067
74.43999,-26.3052,17.9545,-2.6848,355.4405,11.9833,2.807
74.46,-26.3052,17.9544,-2.6847,355.4412,11.9835,2.8073
74.48,-26.3054,17.9544,-2.6847,355.4406,11.9826,2.8071
74.5,-26.3055,17.954,-2.6844,355.4425,11.9813,2.8082
74.52,-26.3051,17.9542,-2.6843,355.4409,11.982,2.8086
74.54,-26.305,17.9542,-2.6843,355.4414,11.9817,2.8086
74.56,-26.3052,17.9541,-2.6845,355.4418,11.9793,2.8082
74.58,-26.3052,17.9539,-2.6845,355.4419,11.98,2.8093
74.6,-26.3056,17.9539,-2.6845,355.4431,11.9798,2.8093
74.62,-26.3056,17.9542,-2.6846,355.442,11.9794,2.8083
74.64,-26.3052,17.9543,-2.6845,355.4417,11.981,2.8072
74.66,-26.3048,17.954,-2.6843,355.4435,11.9823,2.8076
74.68,-26.3048,17.9539,-2.6843,355.4435,11.9823,2.8075
74.7,-26.305,17.954,-2.6845,355.4427,11.9807,2.8084
74.72,-26.305,17.9542,-2.6845,355.4409,11.982,2.8077
74.74,-26.3049,17.9539,-2.6843,355.4431,11.9826,2.8084
74.76,-26.3049,17.9542,-2.6843,355.4417,11.9839,2.807
74.78,-26.3046,17.9542,-2.6844,355.4412,11.9856,2.8067
74.8,-26.3049,17.9537,-2.6844,355.4447,11.9819,2.8087
74.82,-26.305,17.954,-2.6844,355.4433,11.9819,2.8077
74.84,-26.3051,17.9539,-2.6844,355.4438,11.9819,2.8085
74.86,-26.3051,17.9538,-2.6844,355.4435,11.9816,2.8089
74.88,-26.3053,17.9537,-2.6844,355.4435,11.981,2.8094
74.9,-26.3052,17.9537,-2.6843,355.4449,11.9818,2.8088
74.92,-26.3052,17.9543,-2.6844,355.4407,11.9829,2.8075
74.93999,-26.3055,17.9541,-2.6845,355.4416,11.9814,2.8084
74.96,-26.3057,17.9542,-2.6848,355.4412,11.9803,2.8083
74.98,-26.3056,17.9543,-2.6848,355.4412,11.9802,2.807
75,-26.3056,17.954,-2.6844,355.4429,11.9799,2.8084
75.02,-26.3058,17.9539,-2.6843,355.4438,11.9791,2.8098
75.04,-26.3055,17.9539,-2.6843,355.4433,11.9811,2.8086
75.06,-26.3055,17.9539,-2.6844,355.4438,11.9811,2.8093
75.08,-26.3056,17.9539,-2.6844,355.4436,11.9807,2.8092
75.1,-26.3054,17.9539,-2.6843,355.4431,11.9837,2.8083
75.12,-26.3053,17.9543,-2.6846,355.4401,11.9835,2.8076
75.14,-26.3054,17.9542,-2.6846,355.4409,11.9832,2.8083
75.16,-26.3053,17.9541,-2.6844,355.4419,11.9832,2.8089
75.18,-26.3055,17.9541,-2.6846,355.4418,11.9823,2.8086
75.2,-26.3056,17.954,-2.6849,355.4424,11.981,2.8095
75.22,-26.3052,17.9541,-2.6848,355.4419,11.9841,2.8083
75.24,-26.3053,17.9543,-2.6849,355.4404,11.9837,2.8079
75.25999,-26.3054,17.9538,-2.6847,355.4443,11.9839,2.809
75.28,-26.3053,17.9539,-2.6848,355.4422,11.9837,2.8095
75.3,-26.3052,17.954,-2.6849,355.4426,11.983,2.8083
75.32,-26.3048,17.9542,-2.6848,355.4416,11.9847,2.8075
75.34,-26.3046,17.9542,-2.6847,355.4416,11.9869,2.808
75.36,-26.3049,17.9541,-2.6848,355.4415,11.9876,2.8084
75.38,-26.3051,17.9539,-2.6848,355.4431,11.9867,2.809
75.4,-26.3051,17.954,-2.6849,355.4419,11.9858,2.808
75.42,-26.3052,17.9541,-2.6851,355.4424,11.9844,2.8081
75.43999,-26.3049,17.954,-2.6849,355.4429,11.9865,2.8085
75.46,-26.3052,17.9546,-2.6852,355.4383,11.9851,2.8074
75.48,-26.3052,17.9542,-2.685,355.4406,11.9861,2.8081
75.5,-26.3054,17.9542,-2.685,355.4413,11.985,2.8085
75.52,-26.3055,17.954,-2.6849,355.4422,11.9843,2.8086
75.54,-26.3055,17.9538,-2.6849,355.4428,11.9835,2.8099
75.56,-26.3053,17.9542,-2.6851,355.4404,11.985,2.8087
75.58,-26.3054,17.9541,-2.6851,355.4412,11.9858,2.8089
75.6,-26.3055,17.9539,-2.685,355.4435,11.9853,2.8091
75.62,-26.3054,17.9542,-2.6851,355.4424,11.9859,2.8072
75.64,-26.3055,17.9542,-2.685,355.4417,11.985,2.8081
75.66,-26.3057,17.9542,-2.685,355.442,11.9848,2.8081
75.68,-26.3056,17.9537,-2.6847,355.4434,11.985,2.8094
75.7,-26.3056,17.9541,-2.685,355.4422,11.9839,2.8081
75.72,-26.3056,17.9541,-2.685,355.4425,11.9837,2.8087
75.74,-26.3055,17.9541,-2.6849,355.442,11.9842,2.8084
75.75999,-26.3063,17.9538,-2.685,355.4424,11.9798,2.8118
75.78,-26.306,17.9541,-2.6849,355.441,11.9814,2.8105
75.8,-26.3056,17.9541,-2.6846,355.4427,11.9835,2.8081
75.82,-26.3059,17.9542,-2.6848,355.4416,11.981,2.8087
75.84,-26.3061,17.954,-2.6846,355.4422,11.9805,2.8103
75.86,-26.3061,17.9539,-2.6846,355.4428,11.9796,2.81
75.88,-26.3058,17.9541,-2.6845,355.4423,11.9798,2.8091
75.9,-26.3052,17.9543,-2.6844,355.4409,11.983,2.807
75.92,-26.3057,17.9536,-2.6843,355.444,11.9798,2.8102
75.93999,-26.3062,17.9536,-2.6844,355.4437,11.9774,2.8106
75.96,-26.3059,17.9541,-2.6843,355.4422,11.9785,2.8087
75.98,-26.3059,17.9543,-2.6845,355.4405,11.9782,2.8086
76,-26.3057,17.9538,-2.6843,355.4443,11.9793,2.8091
76.02,-26.3059,17.954,-2.6844,355.4421,11.9785,2.8084
76.04,-26.3061,17.9542,-2.6845,355.4403,11.9775,2.8077
76.06,-26.3058,17.954,-2.6843,355.4418,11.9789,2.8084
76.08,-26.3057,17.954,-2.6844,355.4418,11.9784,2.8073
76.1,-26.3056,17.9541,-2.6842,355.442,11.9793,2.8067
76.12,-26.3056,17.9543,-2.6843,355.4415,11.9789,2.8058
76.14,-26.3057,17.9542,-2.6843,355.4417,11.9794,2.8072
76.16,-26.3057,17.9541,-2.6842,355.4428,11.9792,2.8066
76.18,-26.3058,17.9542,-2.6843,355.442,11.9795,2.8068
76.2,-26.3059,17.9542,-2.6843,355.441,11.9795,2.8071
76.22,-26.3061,17.9539,-2.6842,355.4424,11.9781,2.8093
76.24,-26.3064,17.9538,-2.6844,355.4431,11.9767,2.8094
76.25999,-26.306,17.9542,-2.6843,355.4421,11.9784,2.8077
76.28,-26.306,17.9541,-2.6843,355.4418,11.9786,2.8082
76.3,-26.3062,17.954,-2.6844,355.4418,11.9769,2.8089
76.32,-26.3062,17.9539,-2.6845,355.4431,11.9765,2.8094
76.34,-26.3062,17.9542,-2.6846,355.4408,11.9781,2.8086
76.36,-26.3058,17.9542,-2.6844,355.4403,11.9811,2.8078
76.38,-26.306,17.9541,-2.6843,355.4421,11.9798,2.8087
76.4,-26.3051,17.9538,-2.6842,355.444,11.9843,2.8072
76.42,-26.3053,17.9541,-2.6845,355.4423,11.984,2.8077
76.43999,-26.3054,17.9539,-2.6844,355.4436,11.9837,2.8088
76.46,-26.3055,17.954,-2.6845,355.4432,11.984,2.8091
76.48,-26.305,17.9541,-2.6846,355.4426,11.9862,2.8088
76.5,-26.3039,17.954,-2.6843,355.4426,11.9928,2.8084
76.52,-26.3048,17.9541,-2.6847,355.4417,11.9886,2.8086
76.54,-26.3046,17.954,-2.6846,355.4428,11.9888,2.8083
76.56,-26.3052,17.954,-2.6849,355.4412,11.9839,2.8094
76.58,-26.3044,17.9539,-2.6847,355.4435,11.9899,2.8089
76.6,-26.3046,17.954,-2.6848,355.4422,11.9895,2.808
76.62,-26.3047,17.9539,-2.6848,355.4426,11.9902,2.8085
76.64,-26.3047,17.9539,-2.6849,355.4423,11.9914,2.8088
76.66,-26.3044,17.954,-2.685,355.4424,11.9921,2.808
76.68,-26.3044,17.9541,-2.685,355.4417,11.9914,2.8072
76.7,-26.3043,17.9539,-2.6848,355.4435,11.9919,2.8071
76.72,-26.3046,17.9541,-2.6849,355.4424,11.991,2.8071
76.74,-26.305,17.954,-2.6851,355.4414,11.9894,2.8075
76.75999,-26.305,17.9542,-2.6852,355.4411,11.9887,2.8076
76.78,-26.3051,17.9543,-2.6851,355.4407,11.9887,2.8069
76.8,-26.3042,17.9541,-2.6846,355.4431,11.992,2.8068
76.82,-26.3044,17.9542,-2.6849,355.4421,11.9911,2.8066
76.84,-26.3045,17.9544,-2.6851,355.4408,11.9906,2.8061
76.86,-26.3051,17.9539,-2.6848,355.4435,11.9881,2.8067
76.88,-26.305,17.9541,-2.6848,355.4415,11.9898,2.8066
76.9,-26.305,17.9543,-2.685,355.4408,11.99,2.8068
76.92,-26.3048,17.9546,-2.6851,355.4397,11.9902,2.8055
76.93999,-26.3051,17.9545,-2.6851,355.4399,11.9883,2.807
76.96,-26.3055,17.9542,-2.685,355.4414,11.986,2.8084
76.98,-26.3054,17.9541,-2.6849,355.4419,11.9878,2.8083
77,-26.305,17.9542,-2.6848,355.4411,11.9892,2.8075
77.02,-26.3051,17.9543,-2.6848,355.4409,11.9868,2.808
77.04,-26.305,17.9542,-2.6847,355.4418,11.9864,2.8084
77.06,-26.3052,17.9541,-2.6847,355.4421,11.9863,2.8089
77.08,-26.3051,17.954,-2.6846,355.4428,11.987,2.8085
77.1,-26.3048,17.9542,-2.6845,355.4422,11.987,2.8072
77.12,-26.3047,17.9542,-2.6845,355.4421,11.9864,2.8074
77.14,-26.3047,17.9538,-2.6844,355.4437,11.9853,2.8089
77.16,-26.3048,17.9538,-2.6844,355.444,11.9841,2.8081
77.18,-26.3047,17.9542,-2.6844,355.4415,11.9853,2.8068
77.2,-26.3044,17.9539,-2.6842,355.4432,11.9855,2.8072
77.22,-26.3045,17.9543,-2.6844,355.4413,11.9839,2.8059
77.24,-26.3045,17.9541,-2.6844,355.4419,11.9842,2.8067
77.25999,-26.3046,17.9541,-2.6844,355.4416,11.9825,2.8067
77.28,-26.3042,17.954,-2.6842,355.4424,11.984,2.8069
77.3,-26.3041,17.954,-2.684,355.4428,11.9846,2.807
