time,pos_x,pos_y,pos_z,rot_x,rot_y,rot_z
14.62,1.8015,2.8578,-1.7104,78.8083,125.5265,306.9602
14.64,1.82,2.8841,-1.4992,79.1648,121.9057,303.4933
14.66,1.8315,2.9244,-1.2854,79.4939,118.5128,299.805
14.68,1.8324,2.9863,-0.8451,80.1678,112.0625,292.266
14.7,1.8344,2.989,-0.6252,80.5413,108.2863,288.3257
14.72,1.8264,2.9828,-0.4023,80.9001,104.0999,284.1812
14.74,1.8298,2.9801,-0.1957,81.1456,100.0025,280.0125
14.76,1.8294,2.9838,0.0037,81.3495,95.8961,275.7457
14.78,1.8044,2.9795,0.3668,81.6331,88.1859,267.5687
14.8,1.7839,2.9659,0.5266,81.7114,84.9025,264.0878
14.82,1.7835,2.9607,0.6675,81.6644,81.3069,260.6588
14.84,1.7559,2.9418,0.8021,81.6689,78.2083,257.813
14.86,1.7351,2.9197,0.9136,81.6057,75.5778,255.4825
14.88,1.6924,2.8481,1.0743,81.4511,71.8175,252.3547
14.9,1.6616,2.7921,1.1213,81.4317,70.7476,251.6796
14.92,1.6402,2.7336,1.1412,81.4115,70.3123,251.6025
14.94,1.6078,2.6683,1.1373,81.4583,70.7374,252.375
14.96,1.5803,2.6017,1.1088,81.5248,70.9299,253.1861
14.98,1.5113,2.4537,0.9497,81.9474,73.8326,256.7943
15,1.4735,2.3985,0.812,82.2417,77.0897,260.0499
15.02,1.4435,2.3652,0.6275,82.5271,81.8245,264.6959
15.04,1.4076,2.3574,0.4053,82.7595,87.7734,270.3847
15.06,1.3249,2.3525,-0.1564,82.9624,104.2646,286.2304
15.08,1.3048,2.3732,-0.4961,82.7226,113.0182,294.7103
15.1,1.2712,2.3949,-0.8638,82.2763,122.0495,303.4223
15.12,1.2347,2.4237,-1.2675,81.4869,131.1194,311.4279
15.14,1.2054,2.4613,-1.695,80.4894,138.2763,317.9439
15.16,1.1776,2.5076,-2.1438,79.3269,144.0993,323.136
15.18,1.128,2.6497,-3.0873,76.5654,152.3996,330.254
15.2,1.1206,2.7547,-3.5684,75.1806,154.8814,333.0998
15.22,1.1038,2.8847,-4.0466,73.7704,157.0085,335.465
15.24,1.0937,3.0299,-4.5275,72.2423,158.8244,337.3612
15.26,1.0739,3.1867,-4.9945,70.7606,160.3882,338.9904
15.28,1.0284,3.4971,-5.8934,67.7845,162.9735,341.5991
15.3,0.9992,3.6543,-6.3083,66.3792,164.0265,342.7512
15.32,0.9733,3.8207,-6.6978,65.0282,164.8921,343.6979
15.34,0.9341,3.9854,-7.0484,63.7705,165.7643,344.6142
15.36,0.8947,4.1451,-7.3671,62.6025,166.5181,345.316
15.38,0.8016,4.4359,-7.8837,60.6819,167.8274,346.338
15.4,0.7474,4.5527,-8.0805,59.95,168.4001,346.7407
15.42,0.697,4.6518,-8.2377,59.4174,168.8631,347.1712
15.44,0.6348,4.7199,-8.352,59.0128,169.4123,347.5765
15.46,0.5701,4.7696,-8.4212,58.7455,169.885,347.8305
15.48,0.4345,4.7935,-8.4292,58.7439,170.7256,348.4135
15.5,0.3609,4.7669,-8.368,58.9979,171.1986,348.7251
15.52,0.2795,4.7191,-8.2538,59.4244,171.7017,348.9763
15.54,0.2026,4.652,-8.0995,60.0058,172.2479,349.1985
15.56,0.1268,4.5695,-7.8977,60.769,172.7979,349.4998
15.58,-0.0138,4.3817,-7.3488,62.8469,173.7501,350.1178
15.6,-0.0785,4.2731,-7.0047,64.1424,174.1672,350.4833
15.62,-0.1356,4.1588,-6.6177,65.6056,174.5175,350.917
15.64,-0.182,4.0431,-6.1909,67.2376,174.7078,351.3357
15.66,-0.251,3.7969,-5.2284,70.8824,174.6146,351.9716
15.68,-0.2817,3.6632,-4.7006,72.8022,174.3736,352.1304
15.7,-0.2977,3.5382,-4.1468,74.8356,173.7914,351.9913
15.72,-0.3047,3.4149,-3.5752,76.8854,172.8584,351.4815
15.74,-0.3061,3.2936,-2.9872,78.931,171.5469,350.4982
15.76,-0.2938,3.177,-2.3917,80.9507,169.3905,348.5971
15.78,-0.2573,2.9466,-1.1952,84.8805,160.1325,339.7463
15.8,-0.2096,2.8587,-0.6056,86.6374,145.7447,325.7368
15.82,-0.1523,2.8025,-0.0253,87.8128,109.2531,289.8631
15.84,-0.0798,2.7656,0.5286,87.4175,63.5208,244.6099
15.86,0.0719,2.7816,1.5693,84.5519,31.4061,212.7617
15.88,0.1494,2.8056,2.0422,83.1193,26.5316,207.6774
15.9,0.2218,2.843,2.4887,81.7703,23.7219,204.5164
15.92,0.2973,2.8794,2.9022,80.4982,21.7668,202.277
15.94,0.396,2.9382,3.2672,79.2889,20.7752,201.0719
15.96,0.5875,3.0648,3.8795,77.2412,19.6699,199.3493
15.98,0.6702,3.1068,4.1284,76.47,19.3424,198.5981
16,0.7497,3.1496,4.3417,75.8137,19.3209,198.0739
16.02,0.8216,3.1718,4.5147,75.3208,19.4156,197.8334
16.04,0.9155,3.1692,4.6263,74.9971,19.9334,198.041
16.06,1.0673,3.1438,4.7438,74.6316,20.9256,198.673
16.08,1.1323,3.1038,4.7409,74.6455,21.6896,199.4583
16.1,1.2096,3.0516,4.6825,74.7756,22.7591,200.555
16.12,1.2653,2.9794,4.584,75.0602,24.1909,202.1997
16.14,1.3394,2.8976,4.4302,75.3845,25.8941,204.4017
16.16,1.4043,2.821,4.237,75.7525,27.9875,207.1811
16.18,1.4989,2.5998,3.6959,77.0756,33.7237,213.7076
16.2,1.5365,2.4794,3.3496,77.9365,37.6008,217.6332
16.22,1.564,2.3833,2.9566,78.8335,42.394,222.4992
16.24,1.601,2.3257,2.5024,79.78,48.597,228.4787
16.26,1.627,2.314,2.0055,80.6487,56.3749,236.3786
16.28,1.6982,2.3857,0.8622,81.8302,77.7891,258.3701
16.3,1.7253,2.4477,0.2434,81.9358,90.9328,271.8304
16.32,1.748,2.5187,-0.4018,81.5877,104.3693,285.5168
16.34,1.776,2.5899,-1.0829,80.7508,117.1008,298.4
16.36,1.8123,2.8047,-2.4619,77.9302,135.3952,316.72
16.38,1.8306,2.9438,-3.1648,76.1274,141.6812,322.9725
16.4,1.8381,3.1159,-3.8562,74.2169,146.4502,327.5191
16.42,1.8356,3.314,-4.5321,72.1357,150.252,330.7439
16.44,1.8279,3.5243,-5.1922,70.0041,153.3265,333.1686
16.46,1.8087,3.9802,-6.4112,66.0258,157.4598,337.2977
16.48,1.7932,4.2231,-6.9687,64.1431,159.0737,338.9498
16.5,1.7686,4.4779,-7.4782,62.3561,160.4286,340.1931
16.52,1.7385,4.7248,-7.9437,60.6879,161.6381,341.2666
16.54,1.7049,4.9594,-8.3611,59.1345,162.7031,342.3558
16.56,1.6694,5.1748,-8.7332,57.7371,163.6492,343.3073
16.58,1.5849,5.5271,-9.3338,55.398,165.32,344.8038
16.6,1.5378,5.6565,-9.5635,54.4761,166.0667,345.3227
16.62,1.4904,5.7584,-9.7413,53.7842,166.7113,345.8141
16.64,1.4388,5.8282,-9.8644,53.2909,167.2773,346.2614
16.66,1.3291,5.8717,-9.9591,52.8561,168.1824,346.7047
16.68,1.2788,5.8427,-9.94,52.9316,168.4991,346.7983
16.7,1.2231,5.7647,-9.8737,53.1859,168.795,346.9653
16.72,1.1683,5.6425,-9.7584,53.6761,169.1096,347.2403
16.74,1.1162,5.5017,-9.5926,54.3853,169.2991,347.3678
16.76,1.0649,5.3349,-9.3766,55.2849,169.4561,347.4931
16.78,0.97,4.9467,-8.7867,57.6426,169.504,347.6414
16.8,0.9312,4.7288,-8.4162,59.1239,169.3,347.8385
16.82,0.897,4.5092,-7.9907,60.8389,168.8863,347.9829
16.84,0.8654,4.2862,-7.5159,62.7789,168.3552,348.0345
16.86,0.8448,4.088,-6.9818,64.9264,167.3849,348.0313
16.88,0.8008,3.7532,-5.7747,69.4087,164.6994,346.2292
16.9,0.7814,3.5969,-5.1216,71.705,162.961,344.5366
16.92,0.7675,3.4543,-4.4268,74.0994,160.443,342.1942
16.94,0.7567,3.3184,-3.7217,76.4308,157.1172,339.0748
16.96,0.7538,3.0804,-2.2568,80.9651,145.0735,327.555
16.98,0.7699,2.9918,-1.5281,82.8619,134.0441,316.5911
17,0.7891,2.9427,-0.7957,84.2837,116.2421,298.8223
17.02,0.8098,2.9259,-0.0711,84.8547,91.2633,273.898
17.04,0.844,2.9378,0.6328,84.341,66.9118,249.5447
17.06,0.9131,3.0227,1.9796,81.5164,39.9959,222.2545
17.08,0.9654,3.0899,2.5984,79.8163,33.5961,215.5359
17.1,1.0094,3.1624,3.1908,78.1573,29.4214,210.7937
17.12,1.0422,3.2567,3.7456,76.6073,26.4619,207.0525
17.14,1.0721,3.3584,4.2599,75.0899,24.3161,204.1946
17.16,1.1651,3.6615,5.1541,71.7819,21.8686,201.2298
17.18,1.2103,3.8093,5.5275,70.3614,21.2221,200.369
17.2,1.2493,3.9728,5.8563,69.0356,20.6713,199.5176
17.22,1.2691,4.1294,6.1484,67.8689,20.1278,198.6033
17.24,1.3178,4.2713,6.3666,66.9994,20.0006,197.9322
17.26,1.3738,4.4935,6.6933,65.834,19.1528,195.7711
17.28,1.3895,4.5639,6.7992,65.4997,18.8071,194.7848
17.3,1.3958,4.5713,6.8597,65.4544,18.4794,193.9017
17.32,1.3855,4.5546,6.8866,65.5855,18.1736,193.0583
17.34,1.4106,4.5116,6.8518,65.9088,18.2318,192.5511
17.36,1.374,4.3243,6.682,66.8841,18.0739,191.7018
17.38,1.3858,4.1925,6.5081,67.611,18.3711,191.7785
17.4,1.3888,4.0358,6.2889,68.5295,18.8693,192.2031
17.42,1.3855,3.8764,6.0277,69.5458,19.6215,193.0962
17.44,1.3757,3.6859,5.7194,70.7367,20.5378,194.227
17.46,1.3667,3.2948,4.9461,73.5363,23.3549,197.1927
17.48,1.3569,3.1224,4.4788,75.1378,25.1974,198.4077
17.5,1.3351,2.9783,3.9553,76.8619,28.1232,200.4999
17.52,1.3436,2.9075,3.3868,78.5078,32.2014,204.1512
17.54,1.339,2.8572,2.7757,80.2283,38.5136,210.1935
17.56,1.3688,2.7971,1.4416,83.015,62.12,233.5423
17.58,1.4055,2.7781,0.7252,83.6032,81.3592,252.7659
17.6,1.4452,2.7674,-0.0084,83.3312,101.8772,273.3978
17.62,1.4938,2.7628,-0.7768,82.2493,119.8779,290.9266
17.64,1.5302,2.8028,-1.5497,80.4767,132.2783,302.4983
17.66,1.6431,3.0245,-3.1228,76.0037,147.1257,316.73
17.68,1.6969,3.2025,-3.903,73.5596,151.1611,320.3033
17.7,1.744,3.4043,-4.6719,71.0208,154.3274,323.0997
17.72,1.7897,3.6335,-5.4172,68.4657,156.648,325.205
17.74,1.8275,3.8728,-6.1373,66.0193,158.5051,326.9092
17.76,1.8822,4.3965,-7.4688,61.3133,161.3069,329.6158
17.78,1.8952,4.6789,-8.0674,59.0733,162.47,330.719
17.8,1.8972,4.9659,-8.6113,56.967,163.4911,331.69
17.82,1.8926,5.2469,-9.1015,55.0339,164.3622,332.7137
17.84,1.8841,5.5134,-9.5365,53.3464,165.0923,333.9494
17.86,1.87,5.7625,-9.9152,51.9112,165.6972,335.1667
17.88,1.812,6.1847,-10.5008,49.5903,166.7604,336.8756
17.9,1.7671,6.3461,-10.7086,48.6679,167.2324,337.3329
17.92,1.7157,6.466,-10.8666,47.9279,167.6761,337.6855
17.94,1.6603,6.5349,-10.9698,47.4362,168.0686,338.0478
17.96,1.6018,6.5608,-11.023,47.2262,168.4116,338.3826
17.98,1.4829,6.4755,-10.9867,47.4415,169.0276,338.9604
18,1.4137,6.3543,-10.8815,47.9734,169.3163,339.3717
18.02,1.3481,6.2008,-10.7247,48.7398,169.5408,339.8099
18.04,1.2849,6.015,-10.5142,49.7351,169.7209,340.2
18.06,1.2193,5.7928,-10.2485,50.9215,169.8722,340.5027
18.08,1.0871,5.2615,-9.5508,53.8926,169.9955,340.9968
18.1,1.0211,4.957,-9.1226,55.6626,169.9947,341.1563
18.12,0.9559,4.634,-8.6407,57.5989,169.8734,341.2737
18.14,0.8935,4.295,-8.1128,59.7434,169.7691,341.363
18.16,0.8267,3.9569,-7.5292,62.0352,169.5988,341.2617
18.18,0.6986,3.3172,-6.2151,66.9239,169.0973,340.758
18.2,0.6365,3.0371,-5.4882,69.462,168.5911,340.1031
18.22,0.5817,2.7831,-4.7265,72.0605,167.9476,339.3774
18.24,0.5351,2.5714,-3.9334,74.7356,166.922,338.3933
18.26,0.4718,2.2898,-2.2893,80.1699,162.518,334.2572
18.28,0.4579,2.2212,-1.4609,82.7808,159.0204,330.7623
18.3,0.4533,2.2084,-0.6328,85.2633,150.0046,321.8306
18.32,0.4532,2.2417,0.1848,87.3543,122.5073,294.282
18.34,0.4737,2.3128,0.9751,87.576,63.4022,234.8473
18.36,0.5305,2.534,2.4741,84.03,18.3924,188.8718
18.38,0.5672,2.6621,3.1665,81.9779,13.0057,182.9223
18.4,0.615,2.817,3.8125,80.0549,9.8378,179.2779
18.42,0.6715,2.9918,4.4029,78.376,7.7424,176.774
18.44,0.7283,3.168,4.9402,76.6161,6.4987,174.6815
18.46,0.8293,3.5074,5.8327,73.7697,4.5691,170.7778
18.48,0.8794,3.6741,6.1878,72.621,3.9934,169.127
18.5,0.9254,3.8232,6.4745,71.7414,3.5474,167.543
18.52,0.9625,3.9439,6.6975,71.0403,3.068,166.0226
18.54,0.9966,4.0554,6.8601,70.4877,2.7458,164.8692
18.56,1.0554,4.1517,6.9878,70.0703,2.4677,163.6848
18.58,1.0697,4.1383,6.9712,70.1992,2.2904,163.0751
18.6,1.0735,4.0727,6.9042,70.6092,2.1128,162.5067
18.62,1.0819,3.9493,6.7537,71.1266,2.1735,162.5491
18.64,1.0819,3.8028,6.5539,71.88,2.4271,163.1987
18.66,1.0675,3.4468,5.9652,73.9588,3.4726,165.5807
18.68,1.0478,3.251,5.5741,75.3078,4.4038,167.292
18.7,1.0201,3.0609,5.1218,76.7536,5.5784,169.4086
18.72,1.0052,2.8697,4.5894,78.4338,7.5213,172.2831
18.74,0.9779,2.7033,3.9993,80.2768,10.2889,176.0686
18.76,0.9423,2.4341,2.6258,84.2851,22.5681,190.2171
18.78,0.9259,2.3502,1.8587,86.2577,39.7958,207.9137
18.8,0.9124,2.31,1.0448,87.3755,82.3434,250.8493
18.82,0.9188,2.3152,0.1899,86.3559,128.6248,297.6584
18.84,0.932,2.3616,-0.6927,84.0983,148.0888,317.7249
18.86,0.9777,2.5507,-2.505,78.7441,160.8167,331.425
18.88,1.0124,2.7104,-3.4165,75.9246,163.5791,334.6656
18.9,1.0511,2.9239,-4.318,73.0132,165.472,336.6104
18.92,1.0898,3.1909,-5.1993,70.0864,166.8262,338.0144
18.94,1.1405,3.5017,-6.0275,67.389,167.6879,339.4908
18.96,1.2554,4.2673,-7.5494,62.2757,168.634,342.0296
18.98,1.3131,4.6801,-8.2282,59.863,168.8633,343.0613
19,1.3691,5.0863,-8.8505,57.5864,168.9558,344.0543
19.02,1.4245,5.4675,-9.4203,55.4465,169.0337,345.0627
19.04,1.474,5.8202,-9.935,53.4122,169.0365,345.8249
19.06,1.5569,6.417,-10.7953,49.815,169.0445,346.828
19.08,1.5914,6.6651,-11.1277,48.386,169.0455,347.2077
19.1,1.6231,6.8802,-11.3925,47.1979,169.0552,347.4554
19.12,1.6494,7.0573,-11.5899,46.246,169.0298,347.534
19.14,1.6713,7.1858,-11.726,45.5666,168.9988,347.5535
19.16,1.7102,7.2797,-11.8299,45.0343,168.8377,347.56
19.18,1.7243,7.2439,-11.8038,45.1394,168.7356,347.4908
19.2,1.734,7.157,-11.7291,45.4421,168.6212,347.2804
19.22,1.7387,6.9926,-11.5867,46.0533,168.4961,346.8922
19.24,1.7408,6.7875,-11.4057,46.8342,168.3997,346.4209
19.26,1.7347,6.245,-10.8741,49.1484,168.1754,345.5328
19.28,1.7284,5.9274,-10.5202,50.6329,168.0333,345.0609
19.3,1.7141,5.5854,-10.1012,52.3146,167.8233,344.525
19.32,1.7,5.2232,-9.6278,54.144,167.5486,343.925
19.34,1.6797,4.8476,-9.0912,56.1989,167.1777,343.3019
19.36,1.6585,4.4696,-8.4958,58.4111,166.6948,342.5876
19.38,1.6049,3.7342,-7.1322,63.2842,165.1574,340.7776
19.4,1.5703,3.3872,-6.3737,65.8737,164.0884,339.4408
19.42,1.5299,3.0659,-5.5727,68.5105,162.7642,337.6842
19.44,1.4875,2.7668,-4.7397,71.1542,161.0659,335.5192
19.46,1.4397,2.503,-3.8753,73.8265,158.6748,332.6607
19.48,1.3576,2.0795,-2.1153,78.871,151.3343,324.8323
19.5,1.3053,1.9313,-1.2316,81.0736,145.477,318.3427
19.52,1.2625,1.8365,-0.3649,83.1957,135.7402,307.5671
19.54,1.2223,1.7869,0.4821,84.8497,118.8739,289.803
19.56,1.1868,1.8458,2.0733,85.2276,62.2762,231.9751
19.58,1.1838,1.9461,2.809,83.8882,43.1294,212.5563
19.6,1.1841,2.0849,3.4972,82.2278,32.2992,201.221
19.62,1.1766,2.2483,4.1379,80.5474,25.34,193.4874
19.64,1.1866,2.4155,4.7279,78.7979,20.9114,188.616
19.66,1.1867,2.5981,5.2729,77.1264,17.9869,185.2107
19.68,1.2083,2.9481,6.1747,74.2814,14.6721,181.17
19.7,1.2116,3.1179,6.5454,73.0232,13.6853,180.0096
19.72,1.2245,3.2755,6.8493,71.9073,13.2274,179.5105
19.74,1.2389,3.4137,7.1001,70.9228,12.9232,179.3649
19.76,1.2585,3.5389,7.2932,70.0566,12.8554,179.519
19.78,1.2565,3.6852,7.5059,69.0282,12.8511,180.0659
19.8,1.2579,3.6995,7.52,68.8518,12.9822,180.5275
19.82,1.2277,3.6801,7.5002,68.876,13.0482,181.0044
19.84,1.2161,3.6224,7.4162,69.1272,13.2132,181.3754
19.86,1.1387,3.386,7.0615,70.3748,13.3695,181.8443
19.88,1.0981,3.2297,6.8011,71.3325,13.6091,182.1801
19.9,1.0555,3.0682,6.4892,72.4001,13.8728,182.5061
19.92,1.006,2.8869,6.1164,73.7551,14.4075,183.0746
19.94,0.9544,2.682,5.6924,75.3019,15.0269,183.6744
19.96,0.8996,2.4826,5.2142,76.9584,15.9581,184.5747
19.98,0.7977,2.0797,4.093,80.7572,20.4103,188.9957
20,0.7613,1.9176,3.4545,82.6317,25.6453,194.6354
20.02,0.735,1.7795,2.7662,84.3921,34.9099,205.1735
20.04,0.7266,1.697,2.0279,85.8601,51.9679,223.9243
20.06,0.7154,1.6629,1.2417,86.7445,85.626,258.4648
20.08,0.7114,1.7313,-0.4237,84.2774,145.4899,318.9756
20.1,0.7356,1.8098,-1.2908,81.9906,155.278,329.2395
20.12,0.7739,1.9208,-2.1683,79.5475,160.695,335.3538
20.14,0.8145,2.0756,-3.0413,76.9597,163.8671,339.0091
20.16,0.913,2.4968,-4.7401,71.6854,167.1412,343.056
20.18,0.9786,2.7589,-5.5522,69.1219,167.8844,344.3799
20.2,1.0418,3.0499,-6.3188,66.6577,168.4192,345.7136
20.22,1.113,3.379,-7.0467,64.2203,168.7377,346.5377
20.24,1.1815,3.7199,-7.727,61.8074,168.9636,347.0886
20.26,1.3197,4.4066,-8.9241,57.4874,169.1736,348.161
20.28,1.3879,4.7365,-9.438,55.57,169.2374,348.7161
20.3,1.4576,5.0538,-9.8942,53.8092,169.2493,349.2316
20.32,1.5255,5.3549,-10.2864,52.2783,169.1653,349.6718
20.34,1.5899,5.6221,-10.6244,50.9087,169.1024,350.0329
20.36,1.697,6.029,-11.1414,48.6778,169.003,350.2229
20.38,1.7433,6.1664,-11.3193,47.8711,168.9596,350.1903
20.4,1.7827,6.2604,-11.4404,47.3049,168.8922,350.0428
20.42,1.8175,6.304,-11.5078,46.9635,168.807,349.8861
20.44,1.8492,6.3004,-11.5222,46.8722,168.6983,349.7388
20.46,1.8883,6.1465,-11.3969,47.343,168.4795,349.1898
20.48,1.8957,5.9939,-11.2425,47.9503,168.3427,348.7176
20.5,1.9008,5.8108,-11.0388,48.7773,168.1635,348.2159
20.52,1.8974,5.5837,-10.7795,49.8089,167.9676,347.7575
20.54,1.8893,5.3258,-10.4643,51.025,167.7062,347.2391
20.56,1.8549,4.7249,-9.666,54.1313,167.095,346.243
20.58,1.8262,4.3978,-9.1787,55.9175,166.696,345.6663
20.6,1.7925,4.0644,-8.6365,57.9335,166.2659,344.9603
20.62,1.7469,3.7199,-8.0391,60.0226,165.8101,344.1762
20.64,1.6976,3.3844,-7.389,62.2667,165.2057,343.2336
20.66,1.6423,3.0553,-6.6923,64.6442,164.5184,342.1014
20.68,1.5087,2.4032,-5.1982,69.7745,162.9164,338.675
20.7,1.4334,2.1078,-4.4046,72.1772,161.9074,336.439
20.72,1.3515,1.8424,-3.5834,74.6642,160.7847,334.1411
20.74,1.279,1.6233,-2.7504,77.0495,159.2612,331.5876
20.76,1.1373,1.3444,-1.0649,81.7154,153.6232,323.5819
20.78,1.0711,1.2715,-0.2351,83.892,147.6844,316.4126
20.8,1.0229,1.256,0.5785,85.8442,134.4071,302.191
20.82,0.9835,1.2712,1.3611,87.2291,104.0948,271.2348
20.84,0.9612,1.3398,2.1091,87.084,58.5493,225.048
20.86,0.9413,1.5812,3.4749,83.9417,21.5591,187.2382
20.88,0.9429,1.7406,4.0858,82.1908,15.9351,181.2434
20.9,0.9487,1.9208,4.6434,80.4918,12.6135,177.571
20.92,0.9571,2.1118,5.1561,78.8801,10.5486,175.1828
20.94,0.9662,2.2909,5.6002,77.428,9.0587,173.4758
20.96,0.9835,2.6373,6.321,74.9253,7.0115,171.0564
20.98,0.9907,2.7965,6.5913,73.9681,6.3456,170.1022
21,0.9907,2.9438,6.8087,73.1706,5.7018,169.1102
21.02,0.9963,3.0585,6.9629,72.5832,5.2407,168.3128
21.04,0.9911,3.1238,7.0583,72.2716,4.7313,167.5115
21.06,0.9727,3.175,7.1148,72.0583,4.283,166.8296
21.08,0.9662,3.1591,7.0492,72.256,3.7894,166.1256
21.1,0.9461,3.0891,6.9323,72.6828,3.5161,165.8271
21.12,0.9209,2.9931,6.76,73.261,3.2685,165.6597
21.14,0.8977,2.8629,6.5442,74.0296,3.2156,165.837
21.16,0.8587,2.7135,6.2814,74.9104,3.2449,166.3223
21.18,0.8284,2.3822,5.569,77.1109,4.4143,168.9996
21.2,0.8192,2.212,5.1281,78.4387,5.7349,171.2046
21.22,0.7988,2.0312,4.6406,79.8994,7.549,174.2358
21.24,0.7927,1.8609,4.103,81.3597,10.8381,179.2565
21.26,0.8082,1.5521,2.882,84.3381,24.828,197.0978
21.28,0.8172,1.4341,2.2047,85.7424,40.0287,213.8313
21.3,0.8307,1.3615,1.4959,86.5884,66.5875,241.7417
21.32,0.8589,1.3189,0.744,86.3717,98.4409,274.7819
21.34,0.8959,1.3337,-0.0234,85.1315,122.7928,300.4605
21.36,0.9863,1.4648,-1.6081,81.3928,142.4481,322.1367
21.38,1.0417,1.5881,-2.406,79.2588,147.3324,327.701
21.4,1.0939,1.7365,-3.1943,77.0739,150.8963,331.7502
21.42,1.158,1.9166,-3.9718,74.8863,153.5151,334.7423
21.44,1.2249,2.1272,-4.7226,72.6608,155.7375,337.4082
21.46,1.3568,2.6126,-6.1299,68.27,159.1403,341.2278
21.48,1.4244,2.8782,-6.7723,66.1647,159.9394,342.3265
21.5,1.496,3.1535,-7.3636,64.1742,160.746,343.6688
21.52,1.5698,3.4428,-7.9041,62.358,161.3543,344.834
21.54,1.6375,3.7317,-8.3863,60.6398,161.2865,345.2804
21.56,1.7558,4.2599,-9.1911,57.2927,161.3276,345.8533
21.58,1.8093,4.4821,-9.5159,56.0716,161.5662,346.2184
21.6,1.8604,4.6717,-9.7854,55.0548,161.6814,346.6027
21.62,1.9049,4.832,-9.9975,54.1834,161.7207,346.7938
21.64,1.9455,4.9573,-10.1563,53.5076,161.7173,346.8318
21.66,2.0058,5.0755,-10.316,52.7888,161.6537,346.7719
21.68,2.0249,5.0737,-10.316,52.754,161.5779,346.5379
21.7,2.037,5.0344,-10.267,52.9174,161.4739,346.2654
21.72,2.0426,4.9478,-10.1559,53.357,161.3077,345.9196
21.74,2.0388,4.8238,-9.99,53.9954,161.0951,345.4385
21.76,2.027,4.6685,-9.7738,54.8323,160.8391,344.9038
21.78,1.9753,4.2845,-9.1641,57.189,160.1081,343.7105
21.8,1.9352,4.0686,-8.7711,58.6759,159.6343,342.9959
21.82,1.888,3.8481,-8.3174,60.3614,158.9618,342.2012
21.84,1.8315,3.6228,-7.8056,62.2266,158.0797,341.2992
21.86,1.6953,3.175,-6.6314,66.3051,155.646,338.4644
21.88,1.6181,2.9529,-5.9795,68.4887,154.0815,336.5497
21.9,1.5402,2.7446,-5.284,70.7715,152.0407,334.3095
21.92,1.463,2.5503,-4.5483,73.1565,149.3824,331.5291
21.94,1.3821,2.3836,-3.7985,75.4802,145.9511,327.6874
21.96,1.2995,2.2389,-3.0201,77.7004,141.5898,322.6805
21.98,1.1512,2.0249,-1.431,81.8281,125.4134,304.9551
22,1.088,1.9636,-0.6278,83.4312,110.7279,289.6826
22.02,1.0351,1.9426,0.1659,84.3918,89.4063,267.6466
22.04,0.9938,1.9557,0.9405,84.2769,66.0465,243.3706
22.06,0.9481,2.0682,2.423,82.1504,33.7826,209.5951
22.08,0.9474,2.1505,3.1158,80.5995,25.298,200.5649
22.1,0.9472,2.2596,3.7787,78.911,19.7187,194.5335
22.12,0.9715,2.3863,4.3873,77.2947,16.3309,190.5567
22.14,0.9903,2.5159,4.9501,75.7443,13.8856,187.398
22.16,1.0608,2.8536,5.9231,72.6227,11.1975,183.3967
22.18,1.0947,3.0238,6.3237,71.3386,10.3202,181.9512
22.2,1.134,3.2001,6.6673,70.1963,9.7261,180.8251
22.22,1.1674,3.3437,6.9475,69.3348,9.1741,179.6572
22.24,1.2031,3.4631,7.1656,68.7064,8.5908,178.3056
22.26,1.2476,3.6369,7.4172,67.9802,7.605,175.5576
22.28,1.2635,3.6734,7.4441,67.9778,7.2323,174.4989
22.3,1.2796,3.6723,7.4195,68.1569,6.958,173.7287
22.32,1.2897,3.6309,7.3493,68.5426,6.7911,173.142
22.34,1.2949,3.5174,7.1928,69.1783,6.5502,172.5098
22.36,1.2966,3.2038,6.7307,71.0302,6.7617,172.6319
22.38,1.3006,3.0249,6.4054,72.1897,7.281,173.4081
22.4,1.2897,2.8309,6.0186,73.5502,8.0406,174.6667
22.42,1.2937,2.6436,5.5648,75.0281,9.369,176.6312
22.44,1.2869,2.4442,5.0514,76.6692,11.2695,179.3911
22.46,1.293,2.1031,3.8469,80.2505,18.4761,188.4973
22.48,1.3093,1.9762,3.1573,82.1019,25.4007,196.4259
22.5,1.3227,1.8806,2.4179,83.8607,37.0644,209.2719
22.52,1.3421,1.8295,1.6388,85.1762,56.9218,230.4929
22.54,1.3665,1.8249,0.8174,85.5945,86.1314,261.1861
22.56,1.3927,1.8655,-0.0356,84.7787,114.2701,290.4378
22.58,1.4453,2.0547,-1.7951,81.0407,142.2426,319.8486
22.6,1.4823,2.1902,-2.695,78.7431,145.5356,323.5558
22.62,1.5134,2.3775,-3.5774,76.0935,149.9239,328.4374
22.64,1.5372,2.6017,-4.4467,73.1742,153.888,332.4084
22.66,1.5551,3.1023,-6.1059,67.2849,159.407,336.9949
22.68,1.5703,3.3714,-6.8788,64.6135,161.3978,338.9293
22.7,1.5895,3.6545,-7.6028,62.461,163.0233,341.0177
22.72,1.6049,3.9695,-8.2644,60.2158,164.2622,342.617
22.74,1.6072,4.3045,-8.8587,58.0007,165.1764,343.4406
22.76,1.6105,4.9744,-9.8414,54.2252,166.4686,344.9528
22.78,1.6139,5.2884,-10.2305,52.6581,166.8345,345.725
22.8,1.6153,5.5695,-10.5571,51.2354,167.0442,346.3764
22.82,1.612,5.8067,-10.8245,50.022,167.1312,346.8302
22.84,1.6048,5.9884,-11.0417,49.0333,167.1623,347.0763
22.86,1.5855,6.1718,-11.3263,47.8547,167.2007,347.5511
22.88,1.5757,6.183,-11.3837,47.6997,167.2177,347.9445
22.9,1.565,6.1513,-11.3821,47.7943,167.2617,348.2482
22.92,1.5477,6.0841,-11.3226,48.0748,167.2959,348.2908
22.94,1.52,5.9561,-11.1848,48.6636,167.3154,348.1105
22.96,1.4678,5.5791,-10.7603,50.5268,167.2301,347.6837
22.98,1.441,5.3226,-10.4664,51.7976,167.0726,347.5691
23,1.4135,5.0314,-10.1194,53.2779,166.8393,347.3324
23.02,1.3801,4.7099,-9.7184,54.9288,166.5955,346.8487
23.04,1.3411,4.3738,-9.2593,56.6905,166.3117,346.0282
23.06,1.2614,3.7,-8.1592,60.7821,165.2932,344.3015
23.08,1.225,3.3738,-7.5275,63.1217,164.4697,343.4431
23.1,1.1845,3.0613,-6.8473,65.4985,163.4348,342.3228
23.12,1.1413,2.769,-6.1281,67.8651,162.0874,340.7127
23.14,1.0937,2.4971,-5.3732,70.1579,161.32,339.6662
23.16,1.0464,2.2519,-4.5912,72.7403,159.5336,337.614
23.18,0.9507,1.8555,-2.9799,77.7735,154.5874,331.8435
23.2,0.905,1.7178,-2.161,80.1142,149.7741,326.5338
23.22,0.8695,1.6204,-1.3522,82.3444,144.2659,320.4169
23.24,0.8339,1.5695,-0.5514,84.3994,134.3785,309.7194
23.26,0.7701,1.6023,0.9853,86.892,84.269,257.44
23.28,0.7442,1.6877,1.7198,86.3757,47.7279,219.8614
23.3,0.7436,1.796,2.4032,85.0765,27.2133,198.3916
23.32,0.7437,1.9283,3.0543,83.5186,16.4432,186.5546
23.34,0.7351,2.0575,3.6639,81.8586,10.637,179.6382
23.36,0.7636,2.3478,4.7475,78.9385,4.2568,171.13
23.38,0.7841,2.4923,5.214,77.5106,2.7495,168.6431
23.4,0.803,2.6393,5.6258,76.2657,1.4426,166.4922
23.42,0.8208,2.7961,5.9854,75.0852,0.7917,165.0254
23.44,0.8348,2.9425,6.2941,74.0453,0.2053,163.7363
23.46,0.8836,3.1536,6.7296,72.5673,359.6878,162.2079
23.48,0.8993,3.2319,6.8655,72.0455,359.5803,161.948
23.5,0.9127,3.2871,6.9445,71.7258,359.5856,161.9064
23.52,0.9132,3.3018,6.9737,71.6049,359.557,161.9105
23.54,0.9386,3.2777,6.9388,71.6995,359.7247,162.1265
23.56,0.9187,3.1325,6.7167,72.5253,359.7633,162.5337
23.58,0.9091,3.0081,6.5143,73.2417,359.7709,162.8681
23.6,0.902,2.8888,6.2588,74.09,0.0844,163.6691
23.62,0.8898,2.7452,5.9459,75.107,0.3969,164.6003
23.64,0.8807,2.5828,5.5739,76.2859,0.9185,165.8623
23.66,0.8753,2.4149,5.146,77.6042,1.7533,167.5617
23.68,0.8562,2.0847,4.1328,80.671,4.1657,172.0824
23.7,0.8633,1.9413,3.5438,82.4602,6.7235,175.5873
23.72,0.8689,1.8201,2.9108,84.3023,11.0312,180.784
23.74,0.8973,1.7121,2.2259,85.9435,21.3391,191.9926
23.76,0.9648,1.6192,0.7623,87.752,98.2462,271.0059
23.78,1.0047,1.6213,-0.0124,86.3778,135.3566,309.1718
23.8,1.0674,1.6601,-0.8162,84.2559,149.8134,324.5215
23.82,1.1269,1.7374,-1.6261,82.0135,156.2444,331.8841
23.84,1.1954,1.8565,-2.4424,79.6602,159.706,336.1364
23.86,1.3224,2.2102,-4.0481,74.8777,163.5595,341.4563
23.88,1.3798,2.4426,-4.8274,72.3858,164.761,342.7576
23.9,1.4348,2.7023,-5.5771,69.9283,165.6266,343.5905
23.92,1.4896,2.9855,-6.2981,67.5341,166.2887,344.4035
23.94,1.5486,3.2769,-6.9694,65.2557,166.7599,345.1763
23.96,1.5991,3.5855,-7.5945,63.1037,167.1065,345.7923
23.98,1.688,4.2038,-8.6949,59.1246,167.6078,346.7385
24,1.7242,4.5018,-9.1608,57.3757,167.7689,347.132
24.02,1.7532,4.7851,-9.5681,55.7966,167.8719,347.41
24.04,1.776,5.0403,-9.9197,54.3875,167.9473,347.6574
24.06,1.7975,5.266,-10.2174,53.1758,167.969,347.941
24.08,1.8289,5.5999,-10.6525,51.3773,167.9827,348.6053
24.1,1.8325,5.706,-10.784,50.8488,168.0013,348.8748
24.12,1.8307,5.7699,-10.8611,50.5218,168.0097,349.0098
24.14,1.8236,5.7885,-10.8866,50.4154,168.0464,349.0666
24.16,1.7941,5.6965,-10.7868,50.8392,168.1024,349.1026
24.18,1.7721,5.566,-10.6482,51.4496,168.1226,349.1617
24.2,1.7444,5.4028,-10.463,52.2406,168.0776,349.1563
24.22,1.713,5.2023,-10.2301,53.2171,168.0414,349.0204
24.24,1.6737,4.9639,-9.9446,54.3644,168.0148,348.8029
24.26,1.6281,4.6939,-9.6061,55.6952,168.0127,348.6471
24.28,1.5268,4.0962,-8.7698,58.903,167.9581,348.3652
24.3,1.469,3.7857,-8.2731,60.7435,167.915,348.0886
24.32,1.4028,3.4735,-7.7228,62.6953,167.8714,347.7823
24.34,1.3303,3.1662,-7.1244,64.767,167.8777,347.4806
24.36,1.2596,2.8816,-6.4849,67.0017,167.8376,346.973
24.38,1.0933,2.3878,-5.086,71.5885,167.9109,344.8242
24.4,1.0005,2.1825,-4.3351,73.7999,168.0083,343.6847
24.42,0.9252,2.0181,-3.5608,76.2037,167.9389,342.5643
24.44,0.8655,1.888,-2.778,78.5521,167.5557,341.2144
24.46,0.7958,1.7883,-1.9722,80.9604,166.9885,339.7162
24.48,0.7227,1.6736,-0.392,85.6406,162.3716,333.3983
24.5,0.6977,1.6528,0.3828,87.7938,153.5994,324.1304
24.52,0.6972,1.6629,1.1292,89.3403,70.0254,240.2116
24.54,0.7026,1.7198,1.8567,87.5358,9.8884,179.8452
24.56,0.7229,1.8055,2.5386,85.5082,3.5313,173.0443
24.58,0.7767,2.053,3.7919,81.6191,0.4499,168.643
24.6,0.8074,2.1966,4.3526,79.9189,0.187,167.7585
24.62,0.8493,2.3484,4.8637,78.3324,0.0711,166.9358
24.64,0.9048,2.4954,5.3158,77.0406,359.9861,166.0477
24.66,0.9514,2.7729,6.0958,74.6679,359.4306,163.8187
24.68,0.9934,2.9143,6.398,73.6435,359.3341,162.9879
24.7,1.0266,3.0336,6.645,72.8047,359.2025,162.2103
24.72,1.0521,3.1393,6.8352,72.1474,359.0984,161.5562
24.74,1.0688,3.2281,6.9747,71.6661,358.9768,160.9752
24.76,1.0752,3.307,7.0954,71.3387,358.5627,159.5148
24.78,1.0724,3.3083,7.0816,71.4356,358.2434,158.6618
24.8,1.0803,3.2727,7.0113,71.7901,357.973,157.9418
24.82,1.0787,3.2164,6.8767,72.2394,357.6952,157.4047
24.84,1.0624,3.1257,6.7001,72.856,357.1121,156.6714
24.86,1.0267,2.9045,6.202,74.6112,356.2024,155.654
24.88,0.9941,2.7649,5.8801,75.74,355.5367,155.104
24.9,0.988,2.608,5.4988,77.0518,355.0717,154.9615
24.92,0.9681,2.4562,5.0741,78.4624,354.741,155.179
24.94,0.9675,2.306,4.6019,79.9476,354.5744,155.6418
24.96,0.9627,2.1505,4.0822,81.5906,354.5717,156.4848
24.98,0.9762,1.8658,2.9071,85.1868,356.1699,160.1254
25,0.9918,1.75,2.2608,87.1281,358.8923,163.8953
25.02,1.0082,1.6642,1.5769,89.1549,12.2839,178.0506
25.04,1.0373,1.6224,0.851,88.5886,163.5581,329.7043
25.06,1.0874,1.682,-0.6642,84.0506,173.101,339.2923
25.08,1.1114,1.7721,-1.4439,81.6851,174.0286,340.0491
25.1,1.1644,1.8983,-2.2472,79.2787,174.2106,340.3246
25.12,1.2191,2.0599,-3.0453,76.8626,174.1367,340.6628
25.14,1.2665,2.2574,-3.8276,74.5127,174.0813,341.0627
25.16,1.3729,2.74,-5.3593,69.7504,173.8233,341.5108
25.18,1.4251,3.0233,-6.0835,67.452,173.6148,341.8297
25.2,1.4706,3.3229,-6.7707,65.2079,173.4087,342.2193
25.22,1.5137,3.6384,-7.4175,63.0648,173.1484,342.5805
25.24,1.55,3.9554,-8.0209,60.9928,172.9476,342.8845
25.26,1.6009,4.5713,-9.0779,57.1347,172.7083,343.5276
25.28,1.6169,4.8591,-9.5237,55.4208,172.6538,343.9463
25.3,1.6331,5.1338,-9.9177,53.899,172.5735,344.3336
25.32,1.6423,5.3758,-10.2567,52.5464,172.5412,344.7866
25.34,1.6488,5.5803,-10.5468,51.366,172.5534,345.2275
25.36,1.6428,5.8853,-10.9562,49.6632,172.5953,345.8617
25.38,1.6336,5.9778,-11.0797,49.127,172.6479,346.0659
25.4,1.6173,6.029,-11.1451,48.8328,172.703,346.1965
25.42,1.5974,6.0359,-11.1582,48.7422,172.7734,346.2324
25.44,1.577,6.0013,-11.125,48.8655,172.8389,346.26
25.46,1.5241,5.7803,-10.8923,49.839,172.9893,346.5245
25.48,1.4961,5.6119,-10.6986,50.6429,173.0315,346.7188
25.5,1.4651,5.4078,-10.4482,51.666,173.0322,346.9141
25.52,1.4321,5.1714,-10.1436,52.8801,172.9858,347.0949
25.54,1.3989,4.9067,-9.7844,54.2916,172.9029,347.2552
25.56,1.3333,4.3173,-8.903,57.674,172.5145,347.5049
25.58,1.3035,4.0069,-8.3801,59.642,172.1799,347.5374
25.6,1.2709,3.6879,-7.8055,61.7697,171.8659,347.4919
25.62,1.2396,3.3682,-7.1822,64.3667,170.7113,346.5771
25.64,1.2087,3.0584,-6.5135,66.6777,170.4736,346.4229
25.66,1.1726,2.7687,-5.799,68.9642,169.6319,345.5432
25.68,1.1068,2.2345,-4.2837,73.7302,167.9355,343.3731
25.7,1.0768,2.0076,-3.4889,76.1244,166.509,341.5333
25.72,1.0451,1.8058,-2.6845,78.5092,164.9197,339.2834
25.74,1.024,1.648,-1.8722,80.9087,162.1912,336.0576
25.76,1.0069,1.4595,-0.2668,85.3329,150.3288,323.6882
25.78,1.0076,1.427,0.514,87.0803,131.4428,304.3326
25.8,1.0161,1.4252,1.27,87.9628,84.0785,256.5221
25.82,1.0317,1.4481,1.9924,87.0647,40.3597,212.2422
25.84,1.0501,1.5035,2.6807,85.5432,24.023,195.1475
25.86,1.0756,1.5985,3.328,83.9763,16.1188,186.2799
25.88,1.1351,1.8183,4.4884,80.7167,8.7254,177.006
25.9,1.1746,1.9332,4.9914,79.2569,7.0907,174.7318
25.92,1.2169,2.0727,5.4548,77.8642,6.0979,173.1189
25.94,1.2521,2.2066,5.8549,76.645,5.515,172.0215
25.96,1.3361,2.4659,6.4925,74.655,4.7951,169.7615
25.98,1.3566,2.5372,6.7187,74.0329,4.5128,168.8851
26,1.3924,2.6255,6.8983,73.4393,4.4544,168.3682
26.02,1.4,2.6722,7.0205,73.11,4.3927,168.0707
26.04,1.4279,2.7097,7.0797,72.8986,4.4216,167.8593
26.06,1.4299,2.6775,7.0425,73.0913,4.4347,167.6176
26.08,1.3983,2.6165,6.9541,73.4056,4.4636,167.8363
26.1,1.4082,2.5085,6.7658,74.0471,4.7792,168.5112
26.12,1.3776,2.3921,6.557,74.7448,5.0751,169.3927
26.14,1.3649,2.2535,6.2764,75.6241,5.6675,170.6058
26.16,1.2838,1.9381,5.5636,77.8862,7.0023,173.4261
26.18,1.261,1.7796,5.1029,79.2728,8.3619,175.5488
26.2,1.2124,1.622,4.5961,80.7317,9.8471,178.0774
26.22,1.1762,1.4851,4.0315,82.2655,12.5781,182.0675
26.24,1.1498,1.3612,3.4084,83.8963,17.558,188.3486
26.26,1.0922,1.1731,2.0182,87.1796,48.6655,221.9127
26.28,1.0766,1.112,1.2529,87.6991,99.2364,273.4812
26.3,1.0601,1.0834,0.4607,86.4224,137.6222,312.723
26.32,1.0578,1.0901,-0.3622,84.4009,152.3914,328.4187
26.34,1.0612,1.1386,-1.2037,82.4809,158.721,335.5473
26.36,1.1098,1.4082,-2.9174,77.4756,164.5907,343.0922
26.38,1.1377,1.5949,-3.7763,74.8597,166.2091,345.1335
26.4,1.1607,1.814,-4.6091,72.2717,167.3198,346.5311
26.42,1.1934,2.0616,-5.4229,69.7197,168.1724,347.6574
26.44,1.2324,2.3441,-6.1981,67.242,168.7068,348.6632
26.46,1.3188,2.9746,-7.6266,62.4884,169.5437,350.2594
26.48,1.3644,3.3176,-8.257,60.3225,169.7236,350.8646
26.5,1.4098,3.6407,-8.8485,59.2303,169.8684,350.8901
26.52,1.4558,3.9808,-9.3676,57.5941,168.7966,350.343
26.54,1.4984,4.3112,-9.8286,55.4783,168.8658,350.6169
26.56,1.5749,4.8932,-10.5741,51.9664,168.6228,350.8034
26.58,1.6122,5.131,-10.864,50.7683,168.6083,351.003
26.6,1.6451,5.3313,-11.0933,49.8319,168.5976,351.1936
26.62,1.673,5.4956,-11.2633,49.0905,168.5374,351.198
26.64,1.6957,5.6183,-11.3773,48.5698,168.5226,351.0502
26.66,1.7293,5.7279,-11.4386,48.2489,168.4926,350.6542
26.68,1.7411,5.7115,-11.3949,48.4268,168.4466,350.5235
26.7,1.7516,5.6476,-11.3072,48.8235,168.3838,350.3995
26.72,1.7578,5.5251,-11.1518,49.4644,168.2748,350.1523
26.74,1.7598,5.3666,-10.9563,50.2747,168.1339,349.889
26.76,1.7536,4.941,-10.401,52.5641,167.6867,349.4363
26.78,1.7483,4.6907,-10.0363,54.0321,167.3441,349.1774
26.8,1.7401,4.4204,-9.613,55.6955,166.8922,348.9231
26.82,1.7282,4.1335,-9.1295,57.5477,166.2848,348.6245
26.84,1.7186,3.8406,-8.591,59.5896,165.5016,348.2389
26.86,1.6964,3.2593,-7.3384,64.2156,163.1235,347.2794
26.88,1.6777,2.9881,-6.633,66.7457,161.5224,346.2773
26.9,1.6549,2.7368,-5.8842,69.5499,159.4967,344.4098
26.92,1.6219,2.4985,-5.0913,72.0542,156.5707,341.3322
26.94,1.5878,2.2786,-4.2849,74.4474,153.5105,338.0294
26.96,1.555,2.0725,-3.4517,76.7637,149.1464,333.3476
26.98,1.4966,1.72,-1.7564,81.171,134.4973,318.1927
27,1.4741,1.5863,-0.9149,82.9154,121.2954,304.3741
27.02,1.4529,1.4963,-0.0827,84.1753,103.419,285.7281
27.04,1.4343,1.4406,0.7247,84.552,80.213,261.6125
27.06,1.417,1.4898,2.2598,83.0199,44.9653,224.7137
27.08,1.4119,1.58,2.9729,81.5318,34.1378,213.0326
27.1,1.4172,1.6942,3.6377,79.9556,27.7646,205.7887
27.12,1.434,1.8358,4.2528,78.5383,23.8058,201.1505
27.14,1.4482,1.9807,4.8174,77.0244,20.4606,196.9328
27.16,1.4668,2.2856,5.7885,74.405,16.6122,191.7956
27.18,1.4689,2.4384,6.1865,73.1986,15.1488,189.8081
27.2,1.4875,2.5969,6.5199,72.0609,14.1817,188.6874
27.22,1.4987,2.7271,6.7884,71.0821,13.6122,188.301
27.24,1.4856,2.8397,6.9992,70.2741,13.1453,188.1074
27.26,1.4709,2.9329,7.1452,69.6856,12.898,188.06
27.28,1.4057,3.0196,7.2544,69.162,12.7244,188.3713
27.3,1.3658,3.0096,7.2183,69.2598,12.6161,188.3412
27.32,1.3068,2.9699,7.1239,69.5586,12.4571,188.2838
27.34,1.2342,2.869,6.9395,70.2276,12.1584,188.1461
27.36,1.0821,2.6165,6.4076,72.0043,11.8846,188.4303
27.38,1.0167,2.4807,6.0409,73.1815,12.0931,188.8878
27.4,0.9195,2.3156,5.6188,74.6177,12.3344,189.408
27.42,0.8344,2.1464,5.1291,76.2063,12.7982,190.2476
27.44,0.7554,1.9891,4.5831,77.9321,13.6446,191.6084
27.46,0.6861,1.8447,3.9836,79.7451,15.091,193.5761
27.48,0.5767,1.6228,2.6249,83.6429,23.3314,202.7399
27.5,0.5409,1.5587,1.882,85.5508,36.05,215.8022
27.52,0.5232,1.5213,1.1008,86.9064,65.9493,246.1546
27.54,0.5273,1.5166,0.2942,86.6686,109.7854,290.7208
27.56,0.5811,1.63,-1.3656,82.9082,146.1528,328.697
27.58,0.6346,1.7539,-2.2071,80.7492,151.5868,334.7115
27.6,0.6965,1.9233,-3.0419,78.3058,155.2627,338.9295
27.62,0.7683,2.1343,-3.863,75.9056,157.3837,341.4107
27.64,0.8455,2.3788,-4.6622,73.4908,159.153,343.4633
27.66,0.9287,2.6513,-5.4355,70.9486,160.5351,344.9054
27.68,1.1073,3.2256,-6.8748,66.1419,162.295,346.9139
27.7,1.2058,3.5224,-7.5314,63.8515,163.0381,347.9509
27.72,1.3039,3.8235,-8.1363,61.75,163.665,348.9116
27.74,1.4008,4.131,-8.6839,59.7682,164.2301,349.7435
27.76,1.589,4.7226,-9.6041,56.3745,164.5427,350.6405
27.78,1.6783,4.9861,-9.9789,54.8594,164.512,350.9263
27.8,1.7631,5.22,-10.2962,53.4855,164.3892,351.131
27.82,1.8445,5.4219,-10.5583,52.3558,164.216,351.2075
27.84,1.9178,5.5867,-10.7621,51.4496,164.0258,351.1666
27.86,2.0443,5.793,-11.0017,50.2406,163.6152,350.7937
27.88,2.103,5.8144,-11.0495,50.7344,163.5161,350.7064
27.9,2.1617,5.8129,-11.0242,50.7927,161.8701,350.0202
27.92,2.2082,5.7756,-10.9537,50.6464,161.8032,350.2441
27.94,2.2513,5.6924,-10.8035,49.9333,161.3197,350.2458
27.96,2.2917,5.3976,-10.3782,51.1153,160.5599,348.8627
27.98,2.299,5.1945,-10.0782,52.7386,160.199,347.8524
28,2.3037,4.961,-9.7188,54.4687,159.4808,346.9536
28.02,2.3036,4.7059,-9.2989,56.2639,158.4406,345.9374
28.04,2.2939,4.4288,-8.823,58.1458,157.5927,345.0162
28.06,2.2509,3.8471,-7.7053,61.9821,154.8551,341.9875
28.08,2.2178,3.5496,-7.0638,64.172,153.1451,340.3263
28.1,2.1773,3.2574,-6.3752,66.4692,150.9828,338.1979
28.12,2.1339,2.9704,-5.6459,68.9025,148.2229,335.6231
28.14,2.0912,2.7033,-4.8793,71.3504,144.3749,332.1632
28.16,1.9824,2.2073,-3.2649,75.9557,132.8454,321.3953
28.18,1.9194,2.0061,-2.431,77.8778,124.9529,313.7302
28.2,1.8424,1.8229,-1.5953,79.7338,115.1872,303.7156
28.22,1.7643,1.6814,-0.7623,81.0613,102.1592,290.3
28.24,1.679,1.5777,0.0651,81.7875,85.9055,273.6147
28.26,1.5072,1.517,1.6557,81.3929,55.0381,241.3377
28.28,1.4307,1.5513,2.4025,80.4877,43.1986,228.6684
28.3,1.3488,1.6196,3.1149,79.3133,34.5734,219.3291
28.32,1.282,1.7161,3.7752,78.0477,28.5641,212.718
28.34,1.2171,1.844,4.3882,76.772,24.612,208.0406
28.36,1.1154,2.1463,5.4466,73.981,18.5861,201.2274
28.38,1.0516,2.3263,5.8933,72.6704,16.2937,198.4848
28.4,1.0011,2.4937,6.2698,71.4936,14.3577,195.9163
28.42,0.9335,2.6434,6.5926,70.5429,12.6788,193.6045
28.44,0.8794,2.7765,6.8498,69.7831,11.4107,191.6327
28.46,0.7511,2.9379,7.1895,68.9425,9.2019,188.0058
28.48,0.672,2.9844,7.2774,68.8126,8.2408,186.4636
28.5,0.5976,2.9992,7.3054,68.8898,7.2612,184.9441
28.52,0.5372,2.9878,7.2768,69.1309,6.5036,183.631
28.54,0.4593,2.9323,7.1877,69.6195,5.5586,182.2491
28.56,0.2986,2.7146,6.8326,71.0229,4.1184,180.6783
28.58,0.2276,2.5863,6.575,71.9265,3.5787,180.3315
28.6,0.155,2.4398,6.2566,73.0208,3.331,180.4293
28.62,0.0984,2.2669,5.8759,74.2533,3.2539,180.8185
28.64,0.0332,2.0795,5.4484,75.6107,3.3235,181.6178
28.66,-0.0527,1.7046,4.4238,78.794,4.9782,184.8047
28.68,-0.0832,1.529,3.8311,80.6564,6.9013,187.242
28.7,-0.0931,1.3597,3.1831,82.6425,10.524,191.4323
28.72,-0.0783,1.2224,2.4919,84.5757,17.6891,199.3613
28.74,-0.055,1.1281,1.7695,86.313,33.1447,215.7138
28.76,-0.0097,1.0566,1.0015,87.4222,70.7538,254.0543
28.78,0.131,1.0335,-0.598,85.0323,135.7753,319.8781
28.8,0.2323,1.0871,-1.4141,82.8492,144.4393,329.2823
28.82,0.3483,1.2055,-2.225,80.5789,148.4748,334.0227
28.84,0.4813,1.3806,-3.0358,78.3133,150.8534,336.8837
28.86,0.7506,1.8685,-4.5914,73.4173,153.642,339.9108
28.88,0.8934,2.1464,-5.327,71.0438,154.2277,340.7069
28.9,1.0394,2.4432,-6.028,68.7437,154.7395,341.3626
28.92,1.1814,2.7506,-6.6938,66.3899,155.2947,341.9807
28.94,1.3235,3.0658,-7.3013,64.1442,155.7017,342.4255
28.96,1.462,3.3828,-7.8662,61.9276,156.1133,342.771
28.98,1.7254,3.9829,-8.8435,57.8538,156.9659,343.3816
29,1.8562,4.258,-9.2509,56.1413,157.2335,343.8152
29.02,1.9803,4.5112,-9.6021,54.6302,157.4741,344.1881
29.04,2.0962,4.7356,-9.8959,53.3576,157.5957,344.4603
29.06,2.2054,4.9279,-10.1371,52.1922,157.5972,344.5525
29.08,2.3953,5.2066,-10.452,50.5809,157.3797,344.3311
29.1,2.4787,5.286,-10.5262,50.1965,157.0612,344.1382
29.12,2.555,5.3219,-10.5505,50.0615,156.7222,343.9265
29.14,2.6142,5.3113,-10.5213,50.1183,156.3641,343.6916
29.16,2.7098,5.164,-10.3052,50.8622,155.4334,342.6589
29.18,2.7316,5.0315,-10.1121,51.5646,154.9599,341.9712
29.2,2.7429,4.8658,-9.8678,52.4313,154.4498,341.1732
29.22,2.7408,4.6668,-9.5681,53.5358,153.9373,340.386
29.24,2.7242,4.4421,-9.2113,54.8639,153.328,339.5159
29.26,2.6958,4.1951,-8.802,56.3939,152.6275,338.5249
29.28,2.5772,3.6627,-7.8178,59.99,150.9594,335.5036
29.3,2.4927,3.4033,-7.2476,61.9041,150.0063,333.268
29.32,2.3915,3.1518,-6.618,63.8976,148.8773,330.9819
29.34,2.2916,2.9163,-5.946,66.1066,147.4553,328.5581
29.36,2.0673,2.4783,-4.481,70.522,143.1735,322.7116
29.38,1.9568,2.2701,-3.7127,72.9477,140.3925,319.4031
29.4,1.8374,2.0773,-2.9206,75.5978,136.5547,315.0435
29.42,1.7202,1.9194,-2.1161,77.9282,130.8501,308.76
29.44,1.6096,1.7916,-1.3073,79.9678,122.3935,299.8843
29.46,1.5047,1.6973,-0.5025,81.5551,110.3316,287.4759
29.48,1.3123,1.6311,1.0748,83.1144,74.1193,250.6577
29.5,1.2199,1.6503,1.8337,82.6926,54.8606,231.1202
29.52,1.1435,1.7015,2.5605,81.7439,39.9405,215.9089
29.54,1.0838,1.7784,3.2476,80.5551,29.8703,205.4807
29.56,0.9883,1.9716,4.4966,77.9007,17.9563,193.2811
29.58,0.9484,2.0977,5.0587,76.4699,14.7111,190.1351
29.6,0.9163,2.2341,5.5703,74.907,12.8597,188.5556
29.62,0.8807,2.3856,6.0312,73.552,11.2126,187.0809
29.64,0.8779,2.545,6.4147,72.2907,10.2589,186.0399
29.66,0.8251,2.8362,7.0103,70.245,8.0735,183.6243
29.68,0.8129,2.9617,7.2039,69.5067,7.3909,182.764
29.7,0.7804,3.0609,7.3444,69.0111,6.6708,181.8375
29.72,0.7717,3.1403,7.4163,68.7021,6.1628,180.9509
29.74,0.7256,3.1619,7.4395,68.7287,5.4278,179.7536
29.76,0.641,3.0887,7.31,69.4251,3.8687,177.1175
29.78,0.6098,2.9995,7.129,70.0598,3.2442,176.0896
29.8,0.5601,2.8819,6.9131,70.8507,2.5293,175.241
29.82,0.493,2.7393,6.6489,71.8124,1.8023,174.4895
29.84,0.4734,2.5708,6.2939,73.0237,1.2292,173.7595
29.86,0.4039,2.223,5.4244,75.9647,0.2972,172.8651
29.88,0.3798,2.0527,4.8985,77.6386,0.2322,173.2867
29.9,0.366,1.8925,4.3135,79.4601,0.5274,174.2268
29.92,0.3488,1.7518,3.6753,81.3971,1.3366,175.7242
29.94,0.3634,1.6254,2.9832,83.4775,3.9381,179.0374
29.96,0.4008,1.457,1.4874,87.5974,28.8895,205.7947
29.98,0.4561,1.4169,0.6656,88.3416,101.1463,278.7762
30,0.5136,1.4365,-0.1672,86.5474,142.269,320.4694
30.02,0.5854,1.503,-1.0301,84.053,153.8043,331.9324
30.04,0.6609,1.6078,-1.8978,81.3341,157.9991,336.1356
30.06,0.7551,1.7473,-2.7691,78.6438,160.1796,338.8331
30.08,0.967,2.1566,-4.469,73.3039,162.1215,341.6423
30.1,1.0802,2.41,-5.2899,70.6904,162.7753,342.6452
30.12,1.1853,2.6889,-6.0745,68.2902,163.1952,343.2222
30.14,1.2871,2.9997,-6.8157,66.2586,162.8172,342.8134
30.16,1.4819,3.6818,-8.1497,61.3428,163.2614,343.3181
30.18,1.5775,4.0335,-8.7348,59.3212,163.1775,343.5076
30.2,1.6672,4.3779,-9.2626,57.0643,163.2099,343.8915
30.22,1.7499,4.7087,-9.7311,54.6761,162.9646,344.1382
30.24,1.8219,5.0168,-10.1391,52.387,162.9667,344.4626
30.26,1.9447,5.5333,-10.7913,49.5255,163.2378,344.7341
30.28,1.9964,5.736,-11.0275,48.8489,163.3951,344.9132
30.3,2.0431,5.9035,-11.2053,48.2711,163.421,344.9484
30.32,2.0797,6.0308,-11.3226,47.6575,163.3495,344.8927
30.34,2.1034,6.1138,-11.3827,47.1782,163.3051,344.5811
30.36,2.1208,6.13,-11.35,47.115,163.1415,343.5724
30.38,2.125,6.0705,-11.2646,47.4438,163.0391,343.2682
30.4,2.1262,5.9486,-11.1042,48.109,162.8415,343.2545
30.42,2.1188,5.7938,-10.9008,49.0775,162.5954,343.1996
30.44,2.0969,5.5952,-10.6458,50.1529,162.4039,342.8665
30.46,2.0231,5.1167,-9.9626,52.8555,161.9028,341.5938
30.48,1.9766,4.8412,-9.5311,54.5615,161.5238,341.1522
30.5,1.9312,4.5521,-9.046,56.4992,161.018,340.7617
30.52,1.8768,4.2514,-8.503,58.6493,160.37,340.264
30.54,1.8139,3.9411,-7.907,60.9045,159.535,339.562
30.56,1.6751,3.307,-6.5823,65.7057,157.2439,337.4961
30.58,1.5996,2.9915,-5.8617,68.2671,155.6278,335.9972
30.6,1.5236,2.6927,-5.1098,70.8998,153.5019,333.9898
30.62,1.4367,2.4223,-4.3217,73.492,150.4494,331.0716
30.64,1.3556,2.1738,-3.5246,75.8503,147.4777,328.2174
30.66,1.177,1.7705,-1.8916,80.8309,137.2566,317.7551
30.68,1.0939,1.6237,-1.0819,82.8902,126.9367,307.1785
30.7,1.0144,1.5259,-0.2828,84.5985,112.2643,291.9977
30.72,0.9286,1.4704,0.5027,85.7215,88.7497,267.8073
30.74,0.8697,1.4555,1.2467,85.7502,59.8472,238.187
30.76,0.7548,1.5404,2.6498,83.6257,25.3324,202.2893
30.78,0.7148,1.6278,3.2827,82.0509,17.9996,194.1711
30.8,0.6663,1.744,3.8777,80.6482,13.4109,188.9746
30.82,0.6378,1.8784,4.4168,79.2086,10.356,185.2533
30.84,0.6175,2.0237,4.9004,77.7702,7.9199,182.1554
30.86,0.5947,2.3406,5.6988,75.3359,4.9835,178.15
30.88,0.5731,2.4871,6.0223,74.3687,3.9507,176.6132
30.9,0.5506,2.6047,6.2864,73.6174,3.0401,175.1362
30.92,0.5288,2.6963,6.4993,73.0135,2.2,173.7605
30.94,0.5179,2.7599,6.6547,72.5623,1.5319,172.5261
30.96,0.4963,2.7953,6.7597,72.422,1.0026,171.6903
30.98,0.4601,2.7763,6.785,72.3849,0.1468,170.7131
31,0.4373,2.7407,6.7182,72.6073,359.9077,170.5832
31.02,0.4028,2.6666,6.5588,73.1318,359.6215,170.3805
31.04,0.3829,2.5703,6.3456,73.8471,359.4572,170.1974
31.06,0.3189,2.3186,5.7416,75.8006,358.9846,170.1382
31.08,0.2883,2.1731,5.3471,77.0292,358.7944,170.3152
31.1,0.2574,2.0247,4.8927,78.436,358.8125,170.859
31.12,0.2498,1.8654,4.3635,80.0841,359.187,171.8371
31.14,0.2192,1.736,3.7842,81.9958,359.5745,172.1523
31.16,0.2382,1.5491,2.4477,86.0142,6.8757,181.2414
31.18,0.2632,1.5094,1.7053,88.0379,24.1862,199.3175
31.2,0.3063,1.5041,0.9217,88.7268,111.0109,286.8886
31.22,0.3675,1.5313,0.108,86.7638,148.8032,325.6007
31.24,0.4381,1.5871,-0.7268,84.428,156.753,334.4829
31.26,0.6335,1.8194,-2.438,79.7975,160.4668,340.0311
31.28,0.7444,1.9958,-3.2935,77.3709,160.66,341.0372
31.3,0.8657,2.2263,-4.1353,74.8983,160.8066,341.8867
31.32,0.9929,2.4919,-4.9568,72.3053,160.7603,342.3131
31.34,1.1239,2.8018,-5.7472,69.6564,160.97,342.994
31.36,1.3801,3.5172,-7.1938,64.3538,161.4245,344.0081
31.38,1.5036,3.8984,-7.8466,61.963,161.8103,344.3536
31.4,1.6268,4.2756,-8.4517,59.8698,162.0582,344.462
31.42,1.7424,4.6369,-9.0051,57.731,162.2828,344.4817
31.44,1.8562,4.9746,-9.5082,55.7687,162.3901,344.4043
31.46,2.0713,5.5621,-10.3513,52.1027,162.4223,344.2853
31.48,2.1713,5.8126,-10.6834,50.7141,162.418,344.2572
31.5,2.262,6.0327,-10.9532,49.5459,162.4195,344.1307
31.52,2.3426,6.214,-11.1623,48.5311,162.3847,343.8967
31.54,2.4152,6.3557,-11.3118,47.7936,162.2408,343.5219
31.56,2.5395,6.4898,-11.4492,46.9968,161.816,342.8312
31.58,2.5892,6.48,-11.4363,47.0046,161.5317,342.6282
31.6,2.6314,6.4276,-11.3762,47.2471,161.2453,342.4707
31.62,2.6678,6.3166,-11.2432,47.7967,160.8845,342.2533
31.64,2.6883,6.1687,-11.0595,48.5758,160.5561,341.8753
31.66,2.6949,5.9878,-10.8164,49.5676,160.2126,341.2972
31.68,2.6754,5.5154,-10.1553,52.1776,159.3254,340.0388
31.7,2.6541,5.2311,-9.7387,53.8681,158.7324,339.5613
31.72,2.6218,4.9253,-9.2639,55.7807,157.9997,338.9841
31.74,2.576,4.6061,-8.7281,57.8888,157.0867,338.2386
31.76,2.4466,3.9523,-7.491,62.5125,154.6366,336.0791
31.78,2.3671,3.6362,-6.7953,65.0027,152.8891,334.5522
31.8,2.2734,3.3419,-6.0476,67.6573,150.6133,332.5947
31.82,2.1673,3.0678,-5.2642,70.347,147.6684,329.793
31.84,2.0495,2.8162,-4.4512,72.9733,143.9331,325.9463
31.86,1.7916,2.3892,-2.7714,77.6098,133.7546,315.3857
31.88,1.6545,2.2142,-1.9231,80.2336,125.658,306.8629
31.9,1.5185,2.0776,-1.0807,82.1959,113.6309,294.132
31.92,1.3696,1.9762,-0.2408,83.6848,96.1282,275.7538
31.94,1.2323,1.9248,0.5625,84.3134,75.1028,253.7898
31.96,0.9749,1.9185,2.0881,83.4815,36.2668,212.8927
31.98,0.8582,1.955,2.7985,82.3008,24.0048,200.0135
32,0.7629,2.0113,3.4557,81.0172,16.3239,191.9477
32.02,0.6705,2.09,4.0711,79.512,12.3677,187.6377
32.04,0.5886,2.1714,4.6278,78.2245,9.4316,184.4498
32.06,0.4403,2.3901,5.5921,75.5765,6.051,180.7269
32.08,0.3756,2.5067,5.9817,74.3544,5.0219,179.721
32.1,0.3042,2.6344,6.3166,73.2618,4.1209,178.8873
32.12,0.2527,2.7481,6.5793,72.3756,3.4729,178.125
32.14,0.1899,2.8521,6.7898,71.6426,2.7038,177.1646
32.16,0.1253,2.9226,6.9439,71.1653,1.9075,175.949
32.18,-0.0206,2.9587,7.084,70.881,359.9466,173.0599
32.2,-0.0879,2.9377,7.0714,70.9602,359.0297,172.1047
32.22,-0.1576,2.9008,6.9982,71.1968,358.1068,171.2698
32.24,-0.2422,2.8346,6.852,71.6969,357.0384,170.2443
32.26,-0.3812,2.6399,6.3712,73.247,355.1795,168.474
32.28,-0.4432,2.5153,6.0403,74.2806,354.2785,167.768
32.3,-0.5021,2.3704,5.6452,75.5363,353.2719,167.0115
32.32,-0.5482,2.2346,5.1916,76.9245,352.4999,166.5601
32.34,-0.5864,2.0873,4.6763,78.4885,351.6557,166.291
32.36,-0.613,1.8351,3.4677,82.0505,350.0786,166.2265
32.38,-0.6036,1.7519,2.7839,84.0432,349.4181,166.5149
32.4,-0.5706,1.6996,2.0531,86.1614,348.7528,166.8108
32.42,-0.4985,1.6745,1.2769,88.324,348.9053,167.7849
32.44,-0.413,1.6777,0.4702,89.3136,166.0549,345.6453
32.46,-0.1753,1.7655,-1.2143,84.4471,165.5984,346.2048
32.48,-0.0253,1.8739,-2.0733,81.8354,165.3884,346.3879
32.5,0.1466,2.0284,-2.9348,79.2095,164.8875,346.0881
32.52,0.3283,2.2211,-3.7829,76.6491,164.2476,345.5731
32.54,0.524,2.4513,-4.6146,73.9579,163.8743,345.4126
32.56,0.9363,2.9929,-6.1881,68.9158,162.5067,344.4726
32.58,1.1512,3.2969,-6.9158,66.3458,161.8276,344.2843
32.6,1.3612,3.6223,-7.5912,63.7006,161.392,344.3221
32.62,1.5692,3.9647,-8.2165,60.9134,161.071,344.2611
32.64,1.7643,4.3101,-8.7826,58.3769,160.9008,344.1058
32.66,2.1291,4.958,-9.751,54.7338,160.6409,343.3513
32.68,2.2918,5.2557,-10.1452,53.1655,160.4819,342.6886
32.7,2.4477,5.5295,-10.4811,51.6137,160.215,342.0629
32.72,2.5928,5.7704,-10.7563,50.2369,159.987,341.6812
32.74,2.7289,5.9738,-10.9746,49.1219,159.7203,341.3596
32.76,2.9711,6.2441,-11.2501,47.7597,159.0948,340.8487
32.78,3.0717,6.3097,-11.3048,47.4114,158.7657,340.5175
32.8,3.1559,6.3296,-11.3046,47.3112,158.4563,340.0634
32.82,3.2214,6.3085,-11.252,47.4525,158.1628,339.5682
32.84,3.2773,6.2417,-11.1361,47.9036,157.7921,339.0572
32.86,3.3454,5.9797,-10.7255,49.5705,156.8738,338.0179
32.88,3.3551,5.7934,-10.4368,50.7367,156.332,337.4225
32.9,3.352,5.5723,-10.0923,52.1502,155.7176,336.8832
32.92,3.3311,5.3197,-9.6785,53.8388,154.9992,336.3609
32.94,3.2928,5.051,-9.2146,55.7187,154.2056,335.662
32.96,3.1543,4.469,-8.1028,59.8757,152.1867,333.3637
32.98,3.0634,4.1675,-7.4679,62.0973,150.891,331.9316
33,2.9576,3.8666,-6.7836,64.4877,149.2337,330.0876
33.02,2.8367,3.5655,-6.0633,67.0049,147.3123,327.7017
33.04,2.6979,3.2854,-5.2996,69.5741,144.7434,324.4739
33.06,2.3998,2.8121,-3.6858,74.377,137.8943,316.0995
33.08,2.2481,2.6237,-2.8479,76.6062,132.5376,310.1698
33.1,2.0956,2.4648,-2.0027,78.7412,125.1124,302.1432
33.12,1.9423,2.3541,-1.1499,80.6884,114.0082,290.3246
33.14,1.7943,2.2674,-0.3123,82.0621,100.1131,275.614
33.16,1.5291,2.2231,1.3173,82.8048,61.3584,235.5521
33.18,1.4094,2.254,2.0897,81.9721,44.2048,217.6775
33.2,1.3117,2.3349,2.8305,80.7025,31.4265,204.1839
33.22,1.2102,2.4206,3.5343,79.2892,22.2183,194.3165
33.24,1.1329,2.5367,4.19,77.7969,15.6483,187.0761
33.26,1.0098,2.8166,5.3519,74.8432,7.4204,177.9048
33.28,0.974,2.9915,5.8498,73.4784,5.2804,175.3846
33.3,0.9143,3.1749,6.3098,72.0272,4.1464,173.9393
33.32,0.9096,3.3569,6.686,70.8118,3.5931,173.0597
33.34,0.8904,3.5159,7.0109,69.7595,3.448,172.7901
33.36,0.8684,3.7683,7.4995,68.0128,3.0047,172.6864
33.38,0.8629,3.8464,7.6587,67.473,2.6942,172.6928
33.4,0.852,3.8917,7.7613,67.0892,2.4501,172.7556
33.42,0.8334,3.8866,7.8069,66.8857,2.295,172.9133
33.44,0.8221,3.8633,7.7929,66.9402,2.3151,173.2175
33.46,0.7983,3.7103,7.5705,67.7514,2.3632,173.5099
33.48,0.761,3.567,7.3723,68.6454,2.1878,173.2906
33.5,0.7464,3.4142,7.1091,69.5772,2.0699,173.2031
33.52,0.7214,3.2095,6.7839,70.7927,1.9435,173.4262
33.54,0.6904,2.9787,6.3993,72.1425,1.9164,174.0968
33.56,0.6351,2.4628,5.4214,75.5588,2.1825,175.5919
33.58,0.6098,2.2069,4.8303,77.5457,2.6545,176.6232
33.6,0.5782,1.9738,4.1788,79.6369,3.4447,178.0742
33.62,0.5709,1.7727,3.457,81.8958,5.2363,180.5551
33.64,0.5663,1.6064,2.6826,84.308,9.3424,185.112
33.66,0.5873,1.3421,0.9816,88.6943,86.2117,261.804
33.68,0.6068,1.2511,0.0834,86.7821,151.2938,326.7894
33.7,0.6548,1.2117,-0.8408,84.0021,161.5209,337.3687
33.72,0.7165,1.2225,-1.7838,81.116,164.9656,341.1679
33.74,0.7875,1.2955,-2.7294,78.1743,166.4774,342.8591
33.76,0.9596,1.6317,-4.5931,72.4745,167.6327,345.0954
33.78,1.0603,1.9152,-5.4868,69.7294,167.7981,345.8304
33.8,1.1526,2.2494,-6.3398,67.0135,167.9918,346.3713
33.82,1.2466,2.621,-7.1527,64.3196,168.077,346.5804
33.84,1.336,2.9996,-7.9227,61.6211,168.1775,346.725
33.86,1.5157,3.7633,-9.3017,56.635,168.2665,347.5312
33.88,1.597,4.1395,-9.9011,54.3766,168.3315,347.9109
33.9,1.6729,4.5082,-10.4384,52.272,168.4246,348.1229
33.92,1.7391,4.8644,-10.9112,50.3294,168.5077,348.1893
33.94,1.7979,5.1893,-11.3107,48.6041,168.5786,348.1532
33.96,1.9133,5.7314,-11.9364,46.4621,167.8134,347.861
33.98,1.9669,5.9467,-12.1521,44.9542,167.9667,348.6045
34,2.0176,6.1174,-12.3074,44.0418,166.9468,348.513
34.02,2.0551,6.239,-12.3991,43.1182,167.0509,349.1963
34.04,2.0855,6.3041,-12.4359,42.6641,166.5692,349.2723
34.06,2.1202,6.2665,-12.3576,43.3268,166.2773,349.4438
34.08,2.1258,6.16,-12.2223,43.9126,166.015,349.3391
34.1,2.1232,6.0007,-12.0356,44.8037,165.7947,349.1744
34.12,2.1094,5.7916,-11.7893,45.8838,165.503,348.9868
34.14,2.0904,5.534,-11.4886,47.2403,165.2523,348.8318
34.16,2.024,4.9119,-10.7048,50.59,164.6365,348.0645
34.18,1.9709,4.5539,-10.2233,52.5494,164.4121,347.3962
34.2,1.9027,4.1783,-9.6804,54.668,164.2121,346.4028
34.22,1.8216,3.7971,-9.0722,56.931,163.9448,345.1623
34.24,1.7327,3.4079,-8.4084,59.292,163.6416,343.9317
34.26,1.6363,3.0267,-7.6872,61.8025,163.2565,342.6526
34.28,1.4189,2.302,-6.099,67.2625,162.4122,340.1361
34.3,1.2988,1.9893,-5.2441,69.933,161.975,338.6544
34.32,1.1698,1.7221,-4.3491,72.7202,161.4852,337.11
34.34,1.0465,1.4951,-3.4397,75.5014,160.8339,335.4753
34.36,0.8132,1.1921,-1.5915,81.0975,158.8553,331.7293
34.38,0.7081,1.116,-0.6723,83.7659,156.7879,328.9884
34.4,0.6222,1.0853,0.2204,86.2351,149.8026,321.3758
34.42,0.537,1.1074,1.0942,88.3995,123.6011,294.5314
34.44,0.4701,1.1761,1.9322,88.3322,34.0134,204.2491
34.46,0.393,1.4389,3.4745,84.2816,2.6679,171.519
34.48,0.3734,1.6214,4.1736,82.1641,359.8562,167.9072
34.5,0.3718,1.8137,4.81,80.3669,358.5048,165.8183
34.52,0.3686,2.01,5.3976,78.5446,357.5531,164.0492
34.54,0.382,2.2143,5.9274,76.8387,356.9632,162.753
34.56,0.4032,2.5965,6.8044,73.9422,355.9155,160.1313
34.58,0.433,2.77,7.1466,72.7748,355.655,159.1306
34.6,0.4582,2.9201,7.4253,71.8129,355.4533,158.3294
34.62,0.478,3.056,7.6461,71.0018,355.1663,157.5457
34.64,0.5,3.1477,7.7907,70.4684,354.8503,156.6446
34.66,0.5443,3.2371,7.8879,70.0964,354.2375,155.0607
34.68,0.5634,3.2114,7.8455,70.2505,354.0159,154.6812
34.7,0.5702,3.1365,7.7515,70.6053,353.8733,154.5863
34.72,0.5895,2.9997,7.5712,71.2735,353.7815,154.6613
34.74,0.6082,2.8189,7.3373,72.1903,353.6582,154.7218
34.76,0.6198,2.3959,6.6789,74.5898,353.5366,155.2574
34.78,0.6303,2.1559,6.244,76.1272,353.5436,155.8021
34.8,0.6489,1.9237,5.7399,77.8173,353.747,156.6187
34.82,0.6566,1.6974,5.178,79.679,354.0114,157.5495
34.84,0.6768,1.4697,4.5488,81.7079,354.7319,159.0767
34.86,0.7467,1.0968,3.1197,86.0783,0.7991,167.2437
34.88,0.8051,0.9632,2.3258,88.2583,18.9011,186.7244
34.9,0.8733,0.8755,1.4879,88.6731,121.8475,291.1866
34.92,0.96,0.8306,0.5981,86.4258,151.3637,322.2373
34.94,1.0585,0.8459,-0.3024,83.9486,157.1445,329.5635
34.96,1.2817,1.0441,-2.1687,79.0518,160.6033,336.0952
34.98,1.4026,1.2212,-3.1107,76.5959,160.857,337.817
35,1.5253,1.4478,-4.039,73.7957,161.2591,339.9691
35.02,1.6487,1.7065,-4.9497,71.3052,161.3361,341.8564
35.04,1.772,2.0089,-5.8328,68.9255,161.1082,343.383
35.06,1.8822,2.365,-6.6717,66.1403,161.6088,345.4279
35.08,2.0616,3.1861,-8.1947,61.2122,162.5606,348.3519
35.1,2.1339,3.6193,-8.8718,58.8411,162.9849,349.4915
35.12,2.197,4.047,-9.4932,56.6215,163.4365,350.5105
35.14,2.2481,4.4404,-10.0652,55.8198,163.524,350.7296
35.16,2.332,5.213,-10.9936,51.0577,163.3988,351.8593
35.18,2.3602,5.5455,-11.3672,49.4279,163.1647,352.0593
35.2,2.3771,5.8563,-11.667,47.183,162.8379,352.3586
35.22,2.383,6.1101,-11.9181,45.5747,163.2841,352.7439
35.24,2.3827,6.3023,-12.1194,45.1489,163.3817,352.5844
35.26,2.3675,6.5295,-12.3444,44.3463,163.9714,353.1293
35.28,2.3499,6.56,-12.3706,44.2507,164.0424,353.244
35.3,2.325,6.5389,-12.3409,44.3946,164.1466,353.2497
35.32,2.2928,6.4687,-12.2617,44.7617,164.1942,353.0963
35.34,2.2485,6.3257,-12.1037,45.4702,164.2022,352.8917
35.36,2.153,5.9069,-11.6368,47.6059,164.0731,352.5547
35.38,2.0948,5.6319,-11.3142,49.025,163.9693,352.2074
35.4,2.0262,5.3223,-10.9307,50.6352,163.8558,351.5469
35.42,1.9493,4.9831,-10.4866,52.4168,163.7123,350.5994
35.44,1.8662,4.6168,-9.9808,54.3768,163.5344,349.5646
35.46,1.6914,3.8395,-8.7895,58.8508,163.0477,347.3286
35.48,1.5971,3.4456,-8.1082,61.2947,162.6741,345.8605
35.5,1.4984,3.0609,-7.3684,63.8698,162.1949,344.2693
35.52,1.4012,2.6891,-6.5815,66.5828,161.6929,342.6782
35.54,1.3098,2.3493,-5.7487,69.0149,161.1843,341.2584
35.56,1.2237,2.0401,-4.8799,71.7859,160.4692,339.6701
35.58,1.0612,1.5427,-3.065,77.4095,159.3056,336.4113
35.6,0.991,1.3543,-2.1415,80.1245,158.8204,334.8662
35.62,0.9364,1.215,-1.2174,82.6412,157.5074,332.7298
35.64,0.8945,1.1167,-0.3088,85.0312,154.6725,328.9168
35.66,0.8536,1.0897,1.4387,88.7487,97.0388,268.6781
35.68,0.8542,1.1516,2.2606,87.9005,25.1206,195.5059
35.7,0.8733,1.2486,3.0412,85.9517,8.5836,177.9194
35.72,0.9096,1.3762,3.7689,83.9397,3.2849,171.6076
35.74,0.9577,1.5324,4.4472,81.9972,0.755,167.9885
35.76,1.0846,1.8881,5.6355,78.3322,359.542,164.7303
35.78,1.1586,2.0739,6.1387,76.678,359.4789,163.8713
35.8,1.2381,2.2731,6.5829,75.1504,359.784,163.5871
35.82,1.3276,2.4554,6.9563,73.8112,0.2506,163.6413
35.84,1.3864,2.6217,7.2812,72.6642,0.6472,163.8123
35.86,1.4607,2.769,7.5382,71.6828,1.3197,164.4775
35.88,1.5872,2.9927,7.8592,70.325,2.5945,165.6776
35.9,1.6374,3.0389,7.914,70.1023,3.004,165.9449
35.92,1.6873,3.0475,7.8995,70.0869,3.5093,166.4458
35.94,1.7164,3.0176,7.8315,70.3148,3.9849,167.0861
35.96,1.7765,2.7915,7.4572,71.6044,5.1196,168.8561
35.98,1.7962,2.6222,7.1728,72.6136,5.6432,169.5315
36,1.7873,2.42,6.8271,73.859,5.9172,169.9279
36.02,1.79,2.1998,6.4033,75.2968,6.3105,170.4715
36.04,1.7689,1.979,5.9162,76.9062,6.7192,171.12
36.06,1.7195,1.5553,4.7269,80.7239,8.6637,173.7856
36.08,1.7002,1.3802,4.0355,82.8086,11.1211,176.7107
36.1,1.683,1.2133,3.2766,85.0353,16.4783,182.6366
36.12,1.6656,1.0975,2.4808,87.1361,32.245,199.1963
36.14,1.657,1.0118,1.6279,88.33,91.0081,258.8065
36.16,1.6922,0.985,-0.2014,84.7925,156.3148,325.3907
36.18,1.721,1.0655,-1.1531,82.1307,161.6579,331.4997
36.2,1.7428,1.1989,-2.1129,79.6439,163.8253,334.2562
36.22,1.7763,1.3907,-3.0833,76.7108,166.0144,337.0233
36.24,1.8153,1.6379,-4.0435,73.8124,166.9661,338.6152
36.26,1.8837,2.2484,-5.8984,68.1866,168.6596,341.3819
36.28,1.9166,2.6114,-6.7759,65.3916,169.2284,342.2594
36.3,1.9415,2.9978,-7.607,62.6315,169.7652,342.9626
36.32,1.9633,3.4098,-8.3823,59.9827,170.1809,343.5279
36.34,1.9793,3.8272,-9.0975,57.5222,170.4588,344.0827
36.36,2.0169,4.6842,-10.3299,53.3046,171.0348,345.8962
36.38,2.0296,5.111,-10.8339,51.0524,170.3236,346.128
36.4,2.0365,5.5259,-11.2627,48.6786,169.7237,346.635
36.42,2.0316,5.9047,-11.6245,46.569,169.6897,347.3713
36.44,2.0209,6.2322,-11.9315,45.9614,169.7375,347.5338
36.46,1.9952,6.7344,-12.354,43.8273,169.6731,349.0027
36.48,1.9773,6.8925,-12.4804,43.3398,169.5202,349.5009
36.5,1.9505,6.9834,-12.5478,42.9929,169.493,349.9373
36.52,1.9179,7.0101,-12.5574,42.9896,169.5044,350.1001
36.54,1.8853,6.9798,-12.5107,43.2358,169.5394,350.1759
36.56,1.8133,6.7214,-12.2211,44.6965,169.5865,350.6947
36.58,1.7795,6.5044,-11.9917,45.8105,169.5913,350.979
36.6,1.74,6.2343,-11.7011,47.1638,169.5682,351.0983
36.62,1.6987,5.9204,-11.3507,48.7487,169.5588,351.0143
36.64,1.6567,5.5728,-10.9358,50.554,169.5282,350.8026
36.66,1.5712,4.7994,-9.9113,54.803,169.3889,350.2119
36.68,1.5311,4.3933,-9.3036,57.173,169.2314,349.7887
36.7,1.486,3.9804,-8.6339,59.6794,169.0722,349.0939
36.72,1.438,3.5676,-7.9064,62.3026,168.8638,348.2153
36.74,1.3935,3.1729,-7.1247,65.0718,168.6159,347.2114
36.76,1.313,2.453,-5.4266,70.6476,167.8263,344.5978
36.78,1.2789,2.1456,-4.5209,73.4653,167.0743,342.7539
36.8,1.2489,1.8652,-3.5959,76.079,166.2961,340.9074
36.82,1.2333,1.6255,-2.6595,78.605,165.5469,339.0283
36.84,1.2325,1.4261,-1.7216,81.1747,163.7294,336.1336
36.86,1.235,1.151,0.137,86.4776,163.0382,332.8431
36.88,1.2677,1.0951,1.0178,88.7706,163.3875,331.1331
36.9,1.2862,1.0935,1.8825,89.0459,344.7108,150.2025
36.92,1.3372,1.1417,2.7089,87.0574,346.2688,149.417
36.94,1.3998,1.2258,3.4713,85.2141,346.959,148.0335
36.96,1.5568,1.4799,4.877,81.8488,349.8133,147.6277
36.98,1.6619,1.6272,5.488,80.3165,350.9128,147.3693
37,1.7667,1.8114,6.054,78.7148,352.6459,148.0877
37.02,1.8774,1.9649,6.5504,77.1408,354.1968,148.8494
37.04,2.0007,2.1399,6.9888,75.6885,356.24,150.5413
37.06,2.2354,2.4657,7.6595,73.2938,359.7817,153.9247
37.08,2.2973,2.6068,7.9276,72.3025,1.1333,155.578
37.1,2.3969,2.7034,8.0979,71.5975,2.7028,157.6008
37.12,2.4827,2.7715,8.2221,71.0537,4.284,159.896
37.14,2.539,2.8077,8.2877,70.6624,5.5571,161.9071
37.16,2.6601,2.7807,8.2133,70.6873,7.7641,165.0603
37.18,2.6736,2.7081,8.0918,70.9733,8.4326,166.2383
37.2,2.6949,2.5937,7.8861,71.5661,9.2587,167.6364
37.22,2.7153,2.4483,7.6192,72.3976,10.1334,169.0563
37.24,2.6863,2.2838,7.3059,73.4154,10.781,170.2969
37.26,2.6204,1.8893,6.4807,75.9396,11.9819,172.3383
37.28,2.593,1.6598,5.9538,77.5486,13.5066,174.5076
37.3,2.533,1.4479,5.392,79.1278,15.3022,177.3715
37.32,2.4968,1.2359,4.7478,80.9061,18.6651,182.0489
37.34,2.4446,1.0506,4.0502,82.8261,24.0285,188.7285
37.36,2.3528,0.8036,2.4929,86.3541,54.3527,221.1522
37.38,2.3198,0.7522,1.64,86.9279,94.0487,262.0233
37.4,2.2761,0.7363,0.7543,85.8394,130.0142,299.2354
37.42,2.2482,0.7757,-0.1641,83.7563,146.9672,317.3347
37.44,2.208,0.8541,-1.0957,81.3393,155.1725,326.5999
37.46,2.1821,1.151,-3.0056,76.157,162.1963,336.0032
37.48,2.1712,1.3602,-3.9588,73.4477,164.2706,339.2464
37.5,2.1434,1.63,-4.8686,70.8518,165.7892,341.7048
37.52,2.1181,1.9276,-5.7634,68.1128,167.033,343.4965
37.54,2.093,2.2506,-6.6197,65.4573,168.0283,345.1627
37.56,2.055,2.9102,-8.2028,60.8971,169.4963,348.4301
37.58,2.0377,3.2498,-8.9114,58.9796,169.7603,349.7657
37.6,2.0127,3.6107,-9.5472,56.8663,170.7286,351.5042
37.62,1.9845,3.9893,-10.1089,54.3929,170.6885,352.0739
37.64,1.9522,4.3619,-10.6007,52.3457,170.8635,352.582
37.66,1.8841,5.0194,-11.3978,49.2099,171.8598,353.7439
37.68,1.8526,5.2848,-11.7089,47.8932,172.1362,354.2165
37.7,1.8304,5.5008,-11.9695,47.136,172.3494,354.8162
37.72,1.8076,5.6748,-12.165,46.1182,172.5509,355.575
37.74,1.7847,5.7993,-12.3011,45.5572,172.6212,356.0079
37.76,1.7453,5.8996,-12.4002,45.1769,172.5801,356.5327
37.78,1.7293,5.8726,-12.3703,45.2619,172.5354,356.6671
37.8,1.7138,5.7917,-12.2948,45.5648,172.5018,356.6608
37.82,1.6973,5.6344,-12.1528,46.1708,172.4707,356.5567
37.84,1.6829,5.4318,-11.9714,46.869,172.4285,356.2411
37.86,1.6479,4.8975,-11.4395,48.7409,172.3207,354.6652
37.88,1.6315,4.5684,-11.0888,49.9933,172.3422,353.7833
37.9,1.6306,4.2133,-10.68,51.5643,172.2557,353.2711
37.92,1.6417,3.8369,-10.2019,53.1577,171.9416,353.2561
37.94,1.655,3.4604,-9.671,54.7961,171.4076,353.0016
37.96,1.6751,2.6796,-8.4396,58.681,170.4663,351.4686
37.98,1.6954,2.2924,-7.7507,60.8928,169.6987,350.559
38,1.7154,1.9177,-7.0118,63.2852,168.9971,349.578
38.02,1.7401,1.5613,-6.2383,65.7388,168.3641,348.6432
38.04,1.7729,1.2381,-5.4275,68.2644,167.2354,347.4033
38.06,1.8616,0.7136,-3.7313,73.4298,163.5609,343.8757
38.08,1.9226,0.5423,-2.8605,76.0134,160.4069,340.95
38.1,1.9819,0.4435,-1.9771,78.6259,156.0075,336.5829
38.12,2.0448,0.4241,-1.0905,81.0859,148.789,329.1984
38.14,2.1331,0.4499,-0.2338,83.1575,136.8116,316.9851
38.16,2.2873,0.6036,1.4645,85.1624,83.131,262.9545
38.18,2.3797,0.695,2.2504,84.2275,59.8052,239.368
38.2,2.4709,0.8088,3.0105,82.6394,45.5693,224.8274
38.22,2.5682,0.9298,3.7243,80.8429,36.652,215.6274
38.24,2.6675,1.0681,4.3954,78.9444,31.3742,210.3452
38.26,2.8393,1.3754,5.5634,75.5395,24.9103,203.0526
38.28,2.9381,1.5523,6.0514,73.9815,23.205,200.7918
38.3,3.0046,1.741,6.504,72.5378,21.8978,199.0149
38.32,3.0806,1.9055,6.8841,71.3133,21.1078,197.5623
38.34,3.1262,2.0317,7.2203,70.3234,20.5578,196.2561
38.36,3.2062,2.234,7.7403,68.7639,19.8921,194.4542
38.38,3.2488,2.2781,7.8919,68.3466,19.6829,193.7052
38.4,3.2559,2.3021,8.0104,68.0891,19.48,193.0067
38.42,3.2626,2.2929,8.0571,68.1202,19.4321,192.4032
38.44,3.2508,2.2693,8.061,68.2613,19.445,191.9363
38.46,3.1952,2.1099,7.8829,69.0563,19.2642,191.5304
38.48,3.1383,1.9984,7.7064,69.7556,19.1479,191.3997
38.5,3.0645,1.8537,7.4731,70.6526,19.0701,191.2813
38.52,2.9868,1.6894,7.1773,71.7542,19.169,191.3239
38.54,2.9137,1.5333,6.822,72.9224,19.4576,191.7291
38.56,2.6876,1.2023,5.9517,75.6777,20.3537,193.6317
38.58,2.5584,1.0616,5.4251,77.2448,21.2894,195.1763
38.6,2.4305,0.9355,4.8408,78.9191,22.9294,197.4825
38.62,2.3087,0.8264,4.2024,80.5785,25.6953,201.0147
38.64,2.1722,0.7238,3.5201,82.2462,29.4094,205.6628
38.66,1.9284,0.6069,2.0111,85.5145,50.0237,228.2901
38.68,1.8243,0.6161,1.1889,86.584,79.4404,258.7374
38.7,1.7145,0.6683,0.3466,86.4132,112.4305,292.6124
38.72,1.614,0.7552,-0.5282,85.059,137.5525,318.7867
38.74,1.5234,0.8924,-1.4141,83.1693,150.54,332.9129
38.76,1.3771,1.3031,-3.2155,78.9991,160.7878,345.4286
38.78,1.3116,1.5846,-4.107,76.3831,163.6041,349.0703
38.8,1.2415,1.9118,-4.9813,73.5448,165.8212,351.6008
38.82,1.1812,2.282,-5.831,70.4847,167.045,353.1654
38.84,1.1306,2.6787,-6.6437,67.602,167.8509,354.6925
38.86,1.0554,3.5278,-8.1348,63.0312,169.5692,358.3463
38.88,1.0245,3.9602,-8.8093,61.1183,170.2801,359.808
38.9,0.9926,4.3881,-9.4299,58.8383,170.771,0.926
38.92,0.9625,4.8021,-10.0018,56.6618,171.151,1.8508
38.94,0.9399,5.1818,-10.5058,54.6431,171.089,2.5687
38.96,0.9105,5.8439,-11.3591,51.1388,171.1147,4.2303
38.98,0.8943,6.1211,-11.6975,49.9876,171.4377,4.7321
39,0.8809,6.3659,-11.9669,48.3679,171.291,5.01
39.02,0.8691,6.5632,-12.1814,47.2748,171.2034,4.9774
39.04,0.8602,6.706,-12.3409,46.4139,171.2427,5.0335
39.06,0.8518,6.816,-12.5076,45.3472,171.3155,5.0121
39.08,0.8548,6.7855,-12.5144,45.3361,171.2196,4.8867
39.1,0.8566,6.714,-12.4696,45.4683,171.2225,4.6105
39.12,0.8603,6.5744,-12.3564,45.8412,171.1752,3.9939
39.14,0.869,6.3916,-12.1946,46.4545,171.1124,3.3735
39.16,0.8947,5.8817,-11.7115,48.4289,170.8541,1.8128
39.18,0.9136,5.5669,-11.3867,49.7844,170.6533,0.8406
39.2,0.935,5.2186,-11.0048,51.3239,170.4032,359.7215
39.22,0.96,4.8446,-10.5646,53.1018,170.1033,358.4791
39.24,0.9915,4.4523,-10.0629,54.9358,169.403,357.1284
39.26,1.0584,3.6592,-8.8793,59.1735,167.9055,353.7864
39.28,1.0971,3.2739,-8.2011,61.4221,166.9382,351.822
39.3,1.1365,2.9061,-7.4665,63.9035,165.7964,349.6229
39.32,1.1784,2.546,-6.6884,66.6121,164.4158,347.277
39.34,1.2337,2.2269,-5.8619,69.425,162.3239,344.6505
39.36,1.3551,1.6986,-4.1054,75.0553,155.3574,336.8582
39.38,1.4271,1.5012,-3.1936,77.6102,149.1639,330.2825
39.4,1.5028,1.3355,-2.2745,79.9197,140.3941,321.0688
39.42,1.5808,1.1971,-1.3585,81.8057,127.6305,307.752
39.44,1.6704,1.1052,-0.453,82.9197,110.9045,290.3528
39.46,1.8586,1.0095,1.2848,83.0823,71.1545,248.6153
39.48,1.9569,1.0176,2.1057,82.0982,54.6415,231.1818
39.5,2.0598,1.0729,2.8858,80.6906,42.7097,218.5706
39.52,2.1741,1.1726,3.6101,79.1376,34.8356,210.058
39.54,2.2925,1.303,4.2794,77.5616,29.8117,204.3889
39.56,2.508,1.6245,5.4603,74.3813,24.8694,198.2368
39.58,2.6043,1.7902,5.9632,73.1912,23.4436,196.3151
39.6,2.7193,1.9444,6.3893,71.9647,22.7459,195.0515
39.62,2.8058,2.0893,6.7636,70.8485,22.1025,193.9319
39.64,2.8887,2.2339,7.069,69.8222,21.567,193.0655
39.66,3.0384,2.4515,7.4536,68.3421,20.9211,191.9666
39.68,3.0619,2.5355,7.5635,67.8614,20.8373,192.0353
39.7,3.0859,2.5619,7.5991,67.649,20.9509,192.4435
39.72,3.1231,2.5573,7.5679,67.6283,21.4094,193.1642
39.74,3.1206,2.5099,7.4894,67.916,21.9384,194.0124
39.76,3.0807,2.2987,7.0807,69.1626,23.2293,195.9966
39.78,3.056,2.1658,6.7817,70.0893,24.1308,197.2435
39.8,2.9983,2.0093,6.4212,71.2663,25.1657,198.569
39.82,2.9162,1.841,6.0056,72.6311,26.3608,199.8991
39.84,2.8564,1.65,5.5149,74.2195,28.2511,201.8442
39.86,2.6828,1.3043,4.3671,77.6837,33.7468,207.954
39.88,2.5855,1.1523,3.7047,79.5599,38.2951,212.8626
39.9,2.4831,1.0536,2.9909,81.3864,45.6759,220.4794
39.92,2.3781,0.9884,2.2127,83.0686,57.7974,232.9201
39.94,2.2879,0.9671,1.4043,84.1685,76.8461,252.3961
39.96,2.0839,1.0614,-0.3167,83.5963,122.4113,299.0361
39.98,1.9948,1.1756,-1.2176,81.9814,137.432,314.7118
40,1.8991,1.3349,-2.1254,79.9245,147.0301,325.0922
40.02,1.81,1.5431,-3.0388,77.5683,153.2377,332.0694
40.04,1.7142,1.7901,-3.9407,74.9915,157.5983,337.1045
40.06,1.535,2.3908,-5.6911,69.7502,162.8568,343.6637
40.08,1.4479,2.7498,-6.5115,67.3756,164.6119,346.1605
40.1,1.3625,3.1296,-7.2904,65.0865,165.8783,348.1481
40.12,1.2734,3.5295,-8.0158,62.6833,167.1805,349.9629
40.14,1.1888,3.9448,-8.6859,60.2395,168.0456,351.2223
40.16,1.0271,4.7619,-9.8362,55.7941,169.4492,353.6457
40.18,0.9523,5.1452,-10.3123,54.0353,170.0382,354.8407
40.2,0.8822,5.493,-10.7225,52.5243,170.5721,356.0865
40.22,0.8148,5.8013,-11.064,51.2664,170.9879,357.2377
40.24,0.7487,6.0586,-11.3401,50.2137,171.3436,358.2068
40.26,0.6183,6.4007,-11.6788,48.8735,171.8638,359.7827
40.28,0.5557,6.478,-11.738,48.723,172.1184,0.435
40.3,0.4964,6.4928,-11.7188,48.9043,172.2969,0.99
40.32,0.4449,6.4473,-11.6304,49.4879,172.389,1.6023
40.34,0.3917,6.3232,-11.445,50.4447,172.3921,2.2524
40.36,0.3066,5.8923,-10.8523,53.5994,172.1245,3.2954
40.38,0.2773,5.6124,-10.4302,55.4441,171.6987,3.6052
40.4,0.2535,5.2971,-9.9219,57.8201,171.2874,3.8902
40.42,0.2357,4.9546,-9.3322,60.4449,170.5969,3.811
40.44,0.2244,4.5915,-8.6718,63.0365,169.5454,3.0839
40.46,0.2144,3.8514,-7.1442,68.754,166.9345,0.2898
40.48,0.2216,3.487,-6.2921,71.8796,165.0773,358.2517
40.5,0.2398,3.141,-5.3937,74.97,162.5997,355.5827
40.52,0.2657,2.819,-4.4609,77.7813,158.2934,350.9336
40.54,0.3021,2.5298,-3.5038,80.5162,151.4689,343.5764
40.56,0.4069,2.0661,-1.5558,84.6984,117.0921,308.0372
40.58,0.487,1.9096,-0.589,85.0127,85.2291,275.5786
40.6,0.5742,1.7961,0.3593,84.05,58.5283,248.311
40.62,0.6658,1.7197,1.2777,82.2952,41.191,230.3317
40.64,0.7802,1.6889,2.1526,80.145,31.1624,219.7873
40.66,1.0222,1.7574,3.7468,75.9274,21.6816,209.3449
40.68,1.1414,1.8629,4.4541,74.1702,18.8516,206.1238
40.7,1.259,1.9924,5.0844,72.6116,17.196,203.9933
40.72,1.3617,2.1552,5.6443,71.2079,16.1744,202.178
40.74,1.4689,2.3149,6.1224,70.0216,15.907,200.8531
40.76,1.6442,2.6137,6.8621,68.4325,16.243,198.8769
40.78,1.7146,2.73,7.1297,67.8529,16.3111,197.9483
40.8,1.7799,2.8309,7.3303,67.4464,16.4814,197.3147
40.82,1.8051,2.8661,7.477,67.2037,15.847,196.051
40.84,1.8586,2.8687,7.5361,67.1554,15.1397,194.9523
40.86,1.8966,2.7697,7.4962,67.5653,13.9794,193.7941
40.88,1.8971,2.673,7.3549,68.0804,13.9085,193.6558
40.9,1.8824,2.5478,7.1424,68.84,14.2413,193.971
40.92,1.8842,2.4188,6.8516,69.8204,15.2978,195.0347
40.94,1.8539,2.2572,6.5057,71.1006,16.8679,196.7997
40.96,1.7858,1.9277,5.6085,73.9617,20.6294,201.3923
40.98,1.7616,1.757,5.0554,75.4614,22.6672,203.9796
41,1.718,1.6097,4.4535,77.0859,25.1318,207.1092
41.02,1.7014,1.473,3.7734,78.8592,29.1243,211.814
41.04,1.6614,1.3761,3.054,80.6085,35.1553,218.5678
41.06,1.618,1.2857,1.4602,83.6018,61.9892,246.7476
41.08,1.6024,1.3089,0.6125,84.1478,83.1075,268.4804
41.1,1.5957,1.3612,-0.2688,83.7243,105.97,292.0168
41.12,1.5918,1.4595,-1.1636,82.4574,123.0533,309.8083
41.14,1.5936,1.6115,-2.0664,80.7236,134.659,321.9483
41.16,1.6097,2.0516,-3.8656,76.1498,148.0287,336.4656
41.18,1.6158,2.3386,-4.7358,73.5997,151.8601,340.7402
41.2,1.6228,2.6599,-5.5743,71.115,154.6441,344.099
41.22,1.6327,3.0055,-6.3766,68.6764,156.8295,346.9967
41.24,1.6352,3.3713,-7.1308,66.2962,158.564,349.3054
41.26,1.6308,4.118,-8.4969,61.7078,161.272,352.5849
41.28,1.6191,4.4717,-9.1016,59.5045,162.2917,353.5794
41.3,1.6033,4.8022,-9.651,57.3009,163.0766,354.2397
41.32,1.5929,5.1132,-10.1399,55.4501,163.7411,354.942
41.34,1.5861,5.3954,-10.5614,53.8992,164.3582,356.0464
41.36,1.5645,5.8937,-11.2056,51.316,165.347,357.3848
41.38,1.5466,6.0879,-11.4334,50.3163,165.7613,357.6322
41.4,1.5281,6.2383,-11.5989,49.5618,166.0837,357.8218
41.42,1.5118,6.3416,-11.7019,49.1197,166.3174,358.0782
41.44,1.4968,6.3895,-11.7503,48.912,166.493,358.3369
41.46,1.4666,6.3308,-11.6812,49.282,166.6054,358.7321
41.48,1.4474,6.2143,-11.5483,49.8955,166.5631,358.7833
41.5,1.4274,6.0562,-11.3585,50.7419,166.4565,358.7824
41.52,1.4055,5.8609,-11.1047,51.8461,166.2826,358.6585
41.54,1.3812,5.6285,-10.7889,53.1817,166.0899,358.3484
41.56,1.3283,5.0821,-9.9535,56.5403,165.3074,357.2961
41.58,1.308,4.7664,-9.4416,58.5915,164.7287,356.9446
41.6,1.2861,4.4281,-8.8733,60.8098,164.0318,356.3399
41.62,1.2548,4.0634,-8.2554,63.1481,163.2014,355.2779
41.64,1.2228,3.6981,-7.5845,65.6332,161.9936,353.6555
41.66,1.1603,3.0111,-6.0892,70.9694,158.1623,348.8855
41.68,1.1323,2.7115,-5.2714,73.584,155.0328,345.2312
41.7,1.1063,2.4451,-4.4211,75.9166,150.7933,340.4167
41.72,1.087,2.2059,-3.5503,78.2464,145.4392,334.3649
41.74,1.0743,1.9919,-2.6614,80.5395,137.4203,325.8092
41.76,1.0718,1.8157,-1.7649,82.6492,124.1968,312.4855
41.78,1.0968,1.615,-0.0048,84.49,78.0138,264.8806
41.8,1.1249,1.5846,0.8386,83.7333,55.1546,241.2714
41.82,1.1628,1.607,1.6576,82.2236,39.5574,224.9152
41.84,1.2079,1.6534,2.4255,80.6115,30.2073,214.6924
41.86,1.3295,1.8541,3.8249,77.476,20.9578,203.6522
41.88,1.3924,1.971,4.4463,76.0632,18.7275,200.3754
41.9,1.4555,2.0976,5.0141,74.8567,17.1987,197.9163
41.92,1.5283,2.2327,5.5285,73.4696,15.8491,195.6315
41.94,1.5989,2.3574,5.9662,72.4056,15.2543,194.2712
41.96,1.7259,2.6234,6.6747,70.2968,13.7156,191.1909
41.98,1.7861,2.7316,6.9362,69.505,13.2289,190.2132
42,1.8502,2.8132,7.1277,68.8255,13.0893,189.6768
42.02,1.896,2.8783,7.2711,68.3599,13.0757,189.3996
42.04,1.9235,2.9029,7.3536,68.1382,13.2393,189.5155
42.06,1.9695,2.8628,7.3337,68.2891,13.9183,190.1969
42.08,1.9791,2.8146,7.2444,68.6193,14.3151,190.6792
42.1,1.9925,2.7205,7.0749,69.1326,14.7822,191.2841
42.12,1.9929,2.5892,6.8554,69.9407,15.4665,192.253
42.14,1.9897,2.4445,6.5805,70.8021,16.0667,193.2163
42.16,1.9582,2.0937,5.8655,73.1117,18.2248,196.4703
42.18,1.9389,1.8986,5.4144,74.4955,19.837,198.7756
42.2,1.9218,1.725,4.9087,75.9765,22.116,201.7261
42.22,1.8889,1.5594,4.3453,77.6255,25.1188,205.2843
42.24,1.8594,1.4104,3.7249,79.3688,29.276,209.8076
42.26,1.8041,1.1879,2.3193,82.869,45.897,227.0009
42.28,1.7713,1.1286,1.5561,84.2315,62.0126,243.647
42.3,1.7591,1.1127,0.7443,84.8799,85.879,267.9516
42.32,1.7397,1.1378,-0.0925,84.5169,110.9554,293.5061
42.34,1.7281,1.2104,-0.9495,83.248,129.5388,312.7024
42.36,1.7177,1.4919,-2.6968,79.4094,148.1848,333.0604
42.38,1.711,1.7029,-3.5689,77.1514,153.0298,338.6722
42.4,1.6999,1.9532,-4.4291,74.7792,156.0822,342.2975
42.42,1.6845,2.2356,-5.2682,72.2888,158.6323,345.2333
42.44,1.6698,2.5463,-6.0763,69.7188,160.3728,347.4865
42.46,1.6304,3.2378,-7.5663,64.7029,162.9519,351.1694
42.48,1.6035,3.6091,-8.2384,62.5898,164.0716,352.4395
42.5,1.5677,3.9783,-8.8585,60.3407,165.0366,353.2507
42.52,1.5266,4.3318,-9.4279,58.1838,165.9323,353.7967
42.54,1.4863,4.6629,-9.9423,56.2404,166.6753,354.2412
42.56,1.4056,5.2527,-10.7891,52.9454,167.8761,355.248
42.58,1.3622,5.5045,-11.1188,51.5797,168.3642,355.5611
42.6,1.3183,5.721,-11.3894,50.4343,168.8375,355.7482
42.62,1.2727,5.898,-11.5981,49.5095,169.254,355.8408
42.64,1.2273,6.0283,-11.7479,48.8272,169.6378,355.9315
42.66,1.14,6.1268,-11.884,48.1465,170.2487,356.2579
42.68,1.0988,6.0944,-11.8753,48.1734,170.5087,356.3963
42.7,1.0581,6.0167,-11.8185,48.4184,170.7457,356.4507
42.72,1.0088,5.8753,-11.684,48.9859,170.9864,356.4707
42.74,0.9654,5.7029,-11.5012,49.7539,171.1951,356.3884
42.76,0.8777,5.2275,-10.9712,51.8816,171.5017,356.0613
42.78,0.8364,4.925,-10.6313,53.2344,171.5948,355.9121
42.8,0.7966,4.5925,-10.2371,54.8081,171.6387,355.7613
42.82,0.7554,4.2364,-9.7879,56.5481,171.6555,355.5071
42.84,0.7158,3.8708,-9.284,58.4708,171.6582,355.1355
42.86,0.6372,3.1469,-8.1073,62.7469,171.5515,353.996
42.88,0.5978,2.8067,-7.4402,64.5417,171.3212,353.0641
42.9,0.5633,2.4859,-6.7274,66.9578,171.2121,351.9655
42.92,0.535,2.1858,-5.9631,69.381,171.1402,351.1163
42.94,0.5172,1.9158,-5.1786,71.8791,171.2158,350.6059
42.96,0.5005,1.4646,-3.5227,76.8507,170.8374,348.5413
42.98,0.5121,1.2959,-2.67,79.3415,169.9604,346.9369
43,0.5353,1.1561,-1.819,81.7054,169.0639,345.2276
43.02,0.5696,1.0672,-0.9692,83.994,167.2234,342.139
43.04,0.623,1.0133,-0.1274,86.2651,159.557,333.6569
43.06,0.7791,0.994,1.4906,88.4084,63.6272,236.5735
43.08,0.8797,1.0237,2.2559,86.8641,30.1244,202.6668
43.1,0.9918,1.0822,2.9833,84.9638,19.5126,191.5919
43.12,1.1106,1.1789,3.6771,83.0947,15.8458,187.3941
43.14,1.2379,1.2944,4.3245,81.2203,13.9816,184.9562
43.16,1.5,1.5672,5.4733,77.9451,13.449,183.5771
43.18,1.6397,1.7228,5.965,76.4103,13.3952,183.0453
43.2,1.776,1.8737,6.4028,75.0325,13.5573,182.8247
43.22,1.9165,2.0313,6.7872,73.7404,13.8954,182.8266
43.24,2.0354,2.1675,7.114,72.6363,14.1163,182.7415
43.26,2.2694,2.3897,7.5938,70.9351,14.8314,183.0686
43.28,2.3795,2.4715,7.7437,70.3549,15.29,183.3566
43.3,2.4695,2.5045,7.8311,70.0216,15.6716,183.6315
43.32,2.5513,2.5242,7.8684,69.8186,16.1762,184.106
43.34,2.6173,2.4974,7.848,69.8642,16.7438,184.7433
43.36,2.7175,2.3425,7.6186,70.5361,18.3543,186.8069
43.38,2.7507,2.2243,7.4142,71.1359,19.3721,188.1414
43.4,2.7743,2.0878,7.1503,71.9197,20.6011,189.7259
43.42,2.7856,1.911,6.8157,72.9278,22.1468,191.6946
43.44,2.7732,1.7412,6.4292,74.0465,23.9874,194.0521
43.46,2.7346,1.4025,5.4471,76.8046,29.3536,200.2905
43.48,2.6865,1.2596,4.8675,78.3544,33.1872,204.4789
43.5,2.6501,1.1262,4.2165,79.9561,38.5266,210.2082
43.52,2.5942,1.0316,3.5285,81.3517,44.956,217.2279
43.54,2.5335,0.9476,2.7792,82.8058,55.6712,228.4657
43.56,2.3938,0.9082,1.1459,84.4073,91.9853,265.3061
43.58,2.3219,0.9609,0.2667,83.8925,115.748,289.1172
43.6,2.232,1.0575,-0.6285,82.6135,132.6486,306.1007
43.62,2.1597,1.2074,-1.56,80.553,144.9133,318.4973
43.64,2.0711,1.4015,-2.4895,78.1769,152.1717,325.8881
43.66,1.8839,1.8919,-4.3349,72.905,160.859,334.981
43.68,1.7963,2.1788,-5.23,70.2051,163.1878,338.067
43.7,1.6998,2.4874,-6.0884,67.631,165.078,340.969
43.72,1.6052,2.8226,-6.912,65.0657,166.5473,343.4016
43.74,1.4999,3.1807,-7.6812,62.6777,167.8009,345.3842
43.76,1.2874,3.9385,-9.0484,58.3985,169.0789,348.0595
43.78,1.1849,4.3282,-9.6366,56.4112,169.8348,349.5651
43.8,1.0818,4.7155,-10.152,54.3197,170.2948,350.8279
43.82,0.9835,5.0925,-10.6025,52.3694,170.6211,351.8531
43.84,0.8904,5.442,-10.9873,50.5451,170.8592,352.8602
43.86,0.7355,6.0075,-11.5824,47.8177,171.3586,355.513
43.88,0.6695,6.209,-11.8018,46.899,171.7695,356.9244
43.9,0.6083,6.3508,-11.9702,46.2573,172.2853,358.2979
43.92,0.5586,6.4355,-12.087,45.9484,172.7844,359.8108
43.94,0.524,6.4588,-12.1457,45.8932,173.1822,1.5425
43.96,0.4994,6.3513,-12.0974,46.8131,173.888,5.8386
43.98,0.49,6.2095,-11.9779,47.5067,174.2119,7.2921
44,0.4803,6.0323,-11.8069,48.4558,174.4456,8.0319
44.02,0.4661,5.8135,-11.578,49.444,174.5921,7.9766
44.04,0.4609,5.5599,-11.2906,50.6872,174.6003,7.5549
44.06,0.4817,4.955,-10.5259,53.7976,174.0821,6.5665
44.08,0.5038,4.6139,-10.0537,55.6277,173.6863,5.7528
44.1,0.5297,4.2557,-9.522,57.6361,173.2358,4.6873
44.12,0.5652,3.8854,-8.9369,59.7953,172.5993,3.2888
44.14,0.6058,3.5063,-8.294,62.1135,171.8644,1.8298
44.16,0.7185,2.7827,-6.8416,67.0895,169.5656,358.6313
44.18,0.7828,2.4495,-6.0448,69.745,167.9728,356.4267
44.2,0.8527,2.1391,-5.2113,72.4218,165.7843,353.5666
44.22,0.9312,1.8496,-4.3524,75.1478,163.0025,350.2044
44.24,1.0122,1.5917,-3.4729,77.6587,158.8073,345.2598
44.26,1.1839,1.1868,-1.6938,82.1126,145.4543,329.4633
44.28,1.2726,1.0465,-0.8056,83.9609,132.5619,315.1592
44.3,1.377,0.9562,0.0711,85.2351,110.1672,291.6904
44.32,1.4813,0.9031,0.9262,85.6818,82.5437,263.0989
44.34,1.585,0.8947,1.7554,85.0017,57.5241,237.0005
44.36,1.8161,1.0017,3.3019,81.9455,34.9047,211.9306
44.38,1.9312,1.1248,4.0253,80.178,29.7715,205.6781
44.4,2.0513,1.2536,4.6821,78.5162,26.5139,201.3475
44.42,2.1604,1.4082,5.306,76.8459,24.3221,198.328
44.44,2.2694,1.5722,5.8697,75.3704,22.7203,195.8602
44.46,2.4687,1.8791,6.8252,72.7851,20.4405,191.3872
44.48,2.547,2.0387,7.2256,71.6748,19.4656,189.3933
44.5,2.5988,2.1614,7.5669,70.8003,18.6635,187.5203
44.52,2.6688,2.2832,7.8316,70.052,18.1168,186.0275
44.54,2.7193,2.3489,8.0172,69.587,17.5568,184.7517
44.56,2.7618,2.5101,8.2539,68.8589,16.5342,182.74
44.58,2.7771,2.5407,8.2711,68.7835,16.2417,182.0951
44.6,2.75,2.5156,8.2473,68.9547,15.9527,181.7431
44.62,2.753,2.4506,8.1439,69.3229,15.8913,181.6089
44.64,2.71,2.349,7.9777,69.9063,15.8018,181.6317
44.66,2.6143,2.042,7.4781,71.6693,15.8996,182.1199
44.68,2.5528,1.8583,7.1396,72.7854,16.2153,182.8794
44.7,2.4913,1.6618,6.7364,74.0491,16.7589,184.0921
44.72,2.3916,1.4526,6.2848,75.4691,17.2941,185.4758
44.74,2.3015,1.2542,5.7561,77.0609,18.2903,187.2625
44.76,2.0875,0.939,4.5279,80.7545,21.4831,191.0338
44.78,1.9703,0.8275,3.8289,82.7795,25.8318,195.1042
44.8,1.8512,0.7344,3.0884,84.5563,31.7783,201.4589
44.82,1.752,0.6767,2.295,86.1717,49.0143,219.4373
44.84,1.6611,0.6583,1.4656,87.0371,81.7423,253.3202
44.86,1.4957,0.7303,-0.2879,85.0516,142.5688,317.2139
44.88,1.4229,0.8455,-1.1957,83.0429,152.8506,328.6182
44.9,1.3548,1.0013,-2.1161,80.7897,158.6505,335.6004
44.92,1.2973,1.2041,-3.0444,78.553,161.4374,339.8655
44.94,1.2523,1.4462,-3.9491,76.1979,163.6394,343.761
44.96,1.1765,2.0519,-5.7085,71.0149,166.208,349.9627
44.98,1.1471,2.4062,-6.5406,68.2737,167.0405,352.5298
45,1.121,2.7881,-7.329,65.6833,167.7188,354.699
45.02,1.0963,3.1896,-8.0669,63.3686,168.2839,356.4992
45.04,1.0765,3.6013,-8.7528,61.1857,168.9137,358.0976
45.06,1.0419,4.422,-9.9501,56.8743,169.825,0.2294
45.08,1.0343,4.8142,-10.458,54.8888,170.0099,0.9804
45.1,1.0315,5.1818,-10.9026,53.1053,170.1685,1.7428
45.12,1.033,5.5199,-11.2881,51.4388,170.356,2.371
45.14,1.039,5.8217,-11.6159,49.9725,170.3856,2.7273
45.16,1.0555,6.2812,-12.1068,47.8044,170.5604,3.0519
45.18,1.0698,6.4357,-12.2682,47.0822,170.5872,3.1301
45.2,1.088,6.5383,-12.3729,46.6151,170.5759,3.1543
45.22,1.1083,6.5872,-12.4208,46.3822,170.5121,3.0872
45.24,1.1291,6.5841,-12.4115,46.4054,170.3993,2.9098
45.26,1.1732,6.4246,-12.2204,47.1434,170.0055,1.8575
45.28,1.1991,6.2669,-12.0395,47.8381,169.6778,1.0874
45.3,1.2269,6.0592,-11.8038,48.7689,169.2467,0.3052
45.32,1.2595,5.8017,-11.5159,49.9461,168.7489,359.5267
45.34,1.2941,5.5023,-11.1719,51.3438,168.1575,358.6332
45.36,1.3751,4.8013,-10.315,54.686,166.5676,356.5588
45.38,1.4207,4.4172,-9.797,56.3355,165.3561,355.3428
45.4,1.4665,4.0193,-9.2228,58.494,164.382,354.0786
45.42,1.5122,3.6188,-8.5927,61.1573,163.7238,352.8295
45.44,1.5568,3.2286,-7.9042,63.7785,162.5052,350.9816
45.46,1.6409,2.5004,-6.3767,68.6976,159.0446,345.9876
45.48,1.6813,2.1737,-5.5468,71.3089,156.4227,342.6449
45.5,1.7234,1.8871,-4.6873,73.7585,153.0922,338.3572
45.52,1.7561,1.6392,-3.8017,76.0655,149.3201,333.2301
45.54,1.7853,1.4397,-2.9017,78.2936,144.621,326.7861
45.56,1.8515,1.19,-1.0804,82.4557,128.0485,306.427
45.58,1.8954,1.1216,-0.1854,84.1858,112.5224,289.0534
45.6,1.9396,1.1004,0.6992,85.2142,89.015,263.4731
45.62,1.9886,1.1048,1.5559,85.2112,62.3447,234.3812
45.64,2.0473,1.1295,2.374,84.4674,40.6942,210.3738
45.66,2.1833,1.2961,3.8978,81.5832,18.1914,183.7048
45.68,2.2722,1.4229,4.5777,80.0437,13.193,177.1162
45.7,2.3612,1.5807,5.2093,78.4911,10.6735,173.3557
45.72,2.4623,1.7528,5.7748,76.9788,9.6319,171.3968
45.74,2.5525,1.9187,6.2797,75.5499,9.0258,170.0048
45.76,2.7334,2.2813,7.1013,72.9254,9.1316,169.2009
45.78,2.8117,2.4387,7.418,71.854,9.6535,169.6419
45.8,2.8784,2.5558,7.6672,70.981,10.153,170.2655
45.82,2.9381,2.6518,7.8552,70.2197,10.8118,171.3287
45.84,2.9896,2.71,7.9739,69.7215,11.5225,172.557
45.86,2.9958,2.7081,8.029,69.4056,12.7027,175.2077
45.88,2.9835,2.6569,7.9632,69.5819,13.2316,176.5051
45.9,2.961,2.5557,7.8021,70.0474,13.793,177.6833
45.92,2.9015,2.4382,7.5928,70.7221,14.1099,178.5257
45.94,2.8189,2.2838,7.3166,71.6489,14.32,179.1967
45.96,2.6579,1.9226,6.5481,74.1265,15.2432,181.2914
45.98,2.548,1.7394,6.0706,75.653,15.9193,182.6902
46,2.4476,1.5663,5.5129,77.336,16.8763,184.3266
46.02,2.3073,1.4045,4.8937,79.2919,18.0422,185.7248
46.04,2.1864,1.2871,4.1959,81.4284,20.9239,188.3432
46.06,1.9043,1.1628,2.6623,85.571,37.9057,206.0742
46.08,1.7812,1.1496,1.8145,87.075,68.4088,237.3833
46.1,1.6581,1.1842,0.928,86.948,117.2672,287.0766
46.12,1.5437,1.2547,0.0054,85.1655,145.3673,315.8741
46.14,1.4267,1.3627,-0.9386,82.7877,157.44,328.558
46.16,1.2613,1.7135,-2.8802,77.571,165.935,338.2972
46.18,1.1806,1.946,-3.8442,75.0884,167.9817,341.0307
46.2,1.1165,2.2325,-4.7945,72.3209,169.4621,343.196
46.22,1.0547,2.5585,-5.7173,69.7207,170.3701,344.5875
46.24,0.9921,2.9292,-6.598,66.9042,171.2881,345.8229
46.26,0.879,3.7246,-8.2301,61.7088,172.5107,347.1296
46.28,0.835,4.1567,-8.9585,58.9704,173.1447,347.9541
46.3,0.7942,4.6078,-9.6161,56.6643,173.4876,348.4515
46.32,0.7567,5.0556,-10.2086,54.7823,173.8683,348.7673
46.34,0.7226,5.4913,-10.7299,52.6875,173.9187,349.027
46.36,0.6761,6.2444,-11.5903,49.3222,173.7202,349.8429
46.38,0.6615,6.5439,-11.9291,47.6981,173.4523,350.4196
46.4,0.6477,6.7868,-12.2017,45.8075,173.2368,351.1176
46.42,0.6353,6.9691,-12.4081,44.8663,173.1714,351.5919
46.44,0.6233,7.0964,-12.5401,44.2718,173.2941,351.9641
46.46,0.6028,7.1725,-12.5856,44.0257,173.4073,352.0125
46.48,0.6003,7.1144,-12.5148,44.3795,173.426,352.1246
46.5,0.6068,6.9764,-12.3674,45.1743,173.3849,352.4243
46.52,0.6199,6.7834,-12.1544,46.2498,173.2517,352.7266
46.54,0.6385,6.5433,-11.8778,47.5977,173.0571,352.9438
46.56,0.6756,5.9323,-11.1207,51.6261,172.5192,352.1756
46.58,0.7026,5.5841,-10.6379,53.6169,171.9798,351.5919
46.6,0.7397,5.2121,-10.0882,55.8152,171.479,351.2008
46.62,0.7893,4.8276,-9.4681,58.2403,170.5969,350.9319
46.64,0.8518,4.4459,-8.7805,60.8998,169.4024,350.5767
46.66,0.9858,3.7102,-7.22,66.5621,165.7303,348.2992
46.68,1.0607,3.3587,-6.3638,69.5179,162.8946,346.2457
46.7,1.1426,3.0278,-5.4669,72.5136,159.17,343.4858
46.72,1.2257,2.7207,-4.5405,75.4551,153.8985,338.8998
46.74,1.3094,2.4499,-3.592,78.1647,146.0003,331.4044
46.76,1.4758,2.0378,-1.6647,82.0123,118.6485,304.4402
46.78,1.5678,1.9069,-0.7136,82.816,97.4398,283.0871
46.8,1.6476,1.8221,0.2299,82.5541,75.1535,260.4415
46.82,1.7291,1.7864,1.145,81.3872,58.4806,243.058
46.84,1.8051,1.7911,2.032,79.8815,47.0815,230.776
46.86,1.8862,1.8149,2.8697,78.32,39.3299,222.0312
46.88,2.0704,1.9971,4.4028,75.2115,29.7926,210.4352
46.9,2.1262,2.1362,5.1082,73.773,26.4159,205.9138
46.92,2.2014,2.3116,5.754,72.3149,24.1261,202.4404
46.94,2.2546,2.4725,6.3216,71.0288,22.2818,199.4938
46.96,2.367,2.8373,7.2809,68.5286,19.9476,195.1305
46.98,2.4159,3.0155,7.6649,67.4245,19.1706,193.2509
47,2.4427,3.1685,7.9835,66.5229,18.4752,191.5477
47.02,2.4597,3.3003,8.2266,65.8367,17.7208,189.7688
47.04,2.4446,3.3913,8.4059,65.4057,16.9331,187.9677
47.06,2.4105,3.5131,8.5416,65.0416,15.9554,185.8549
47.08,2.3832,3.4771,8.4983,65.3314,15.6573,185.1356
47.1,2.3305,3.399,8.4024,65.8559,15.4085,184.6719
47.12,2.2579,3.2926,8.2153,66.5121,15.2573,184.4496
47.14,2.2065,3.126,7.9429,67.5447,15.2554,184.3131
47.16,1.9853,2.7385,7.215,70.4359,15.4255,184.5973
47.18,1.881,2.5105,6.7327,72.0644,15.785,185.4825
47.2,1.7742,2.2884,6.169,73.9755,16.3294,185.9961
47.22,1.6622,2.0797,5.5379,76.1174,17.7452,187.5789
47.24,1.5537,1.8724,4.8364,78.2716,20.0953,190.6711
47.26,1.3371,1.534,3.2488,82.7133,30.5322,202.4996
47.28,1.2531,1.4073,2.3589,84.8653,45.0494,217.4647
47.3,1.1535,1.3297,1.4327,86.2707,75.9615,248.8026
47.32,1.0772,1.308,0.4617,85.9046,116.3445,290.0579
47.34,1.0063,1.341,-0.5402,84.0089,140.4899,315.2404
47.36,0.9147,1.5895,-2.6196,78.6575,157.8389,334.3997
47.38,0.8749,1.7998,-3.6563,75.743,161.4338,338.8156
47.4,0.8454,2.0694,-4.6823,72.7151,163.7602,341.8506
47.42,0.8122,2.3917,-5.6793,69.6417,165.5986,343.9786
47.44,0.7733,2.7464,-6.6414,66.4808,167.2024,345.2987
47.46,0.7253,3.108,-7.5637,63.271,168.7237,345.9529
47.48,0.6417,3.8047,-9.2706,56.825,170.9268,346.6222
47.5,0.6312,4.1552,-10.0236,54.1735,171.5733,348.3196
47.52,0.6294,4.5389,-10.6902,51.8802,172.1207,350.0229
47.54,0.6131,4.9454,-11.2672,50.1192,172.8757,350.7862
47.56,0.565,5.7406,-12.1777,45.9767,173.6894,350.8257
47.58,0.5506,6.0806,-12.5344,44.4178,173.8692,351.0977
47.6,0.5445,6.3714,-12.8283,43.0924,173.9549,351.77
47.62,0.5409,6.6017,-13.0685,42.6441,174.1833,352.4265
47.64,0.5408,6.7858,-13.2387,41.7083,173.8206,352.974
47.66,0.5179,6.9821,-13.4021,40.5226,173.646,353.0077
47.68,0.5065,6.992,-13.3927,40.4527,173.658,352.9715
47.7,0.5001,6.9493,-13.331,40.7289,173.724,353.0621
47.72,0.4954,6.8397,-13.2001,41.3649,173.7415,353.1785
47.74,0.4869,6.6706,-13.0072,42.2706,173.8378,353.0778
47.76,0.4654,6.1854,-12.4444,44.67,174.0641,352.0634
47.78,0.4619,5.8758,-12.064,46.2838,174.1554,351.6453
47.8,0.4662,5.5278,-11.619,48.1402,174.1697,351.2769
47.82,0.4755,5.1482,-11.1089,50.2399,174.14,350.815
47.84,0.4888,4.7403,-10.5351,52.4934,174.0642,350.2621
47.86,0.5335,3.8814,-9.1964,57.4858,173.7145,348.9713
47.88,0.5683,3.4528,-8.4328,60.2203,173.3768,348.2406
47.9,0.6098,3.0297,-7.6162,63.0255,172.9182,347.361
47.92,0.657,2.6192,-6.7401,65.9343,172.2425,346.1642
47.94,0.7073,2.2299,-5.8432,68.8235,171.3482,344.656
47.96,0.8315,1.502,-3.9477,74.454,167.8346,339.8921
47.98,0.9123,1.1856,-2.9775,77.0567,165.4767,337.3416
48,1.0012,0.9313,-2.0015,79.6217,161.7687,333.1583
48.02,1.0951,0.7384,-1.033,82.0923,156.5325,327.4128
48.04,1.2055,0.6132,-0.0854,84.2961,146.9056,317.1133
48.06,1.445,0.5327,1.7362,86.5026,92.9036,261.9575
48.08,1.5685,0.5589,2.5878,85.7666,62.0539,230.2858
48.1,1.707,0.629,3.3898,84.3186,45.4784,212.6905
48.12,1.8366,0.743,4.1465,82.7278,36.7895,203.0265
48.14,1.974,0.8761,4.8341,81.0849,29.9762,195.3228
48.16,2.243,1.246,6.0225,77.8285,22.3605,186.0983
48.18,2.3576,1.4518,6.5255,76.3597,20.1851,183.2354
48.2,2.4768,1.6363,6.9515,75.0391,18.7636,181.245
48.22,2.59,1.8248,7.3181,73.8477,17.8435,179.7931
48.24,2.6994,1.9811,7.6183,72.8383,17.3899,178.9568
48.26,2.8821,2.2146,8.0354,71.3705,17.0816,177.9682
48.28,2.9477,2.2684,8.1497,70.9484,17.2431,178.0209
48.3,3.0073,2.2846,8.2037,70.7058,17.6178,178.4646
48.32,3.0543,2.2595,8.1884,70.6998,18.0837,179.0829
48.34,3.0743,2.2136,8.1203,70.8622,18.6879,179.9761
48.36,3.062,1.9716,7.7632,71.948,20.2864,182.6077
48.38,3.038,1.7909,7.4919,72.8103,21.3799,184.2178
48.4,3.0048,1.6068,7.1572,73.8463,22.5908,185.7995
48.42,2.9446,1.4004,6.761,75.1142,24.0016,187.5156
48.44,2.8864,1.1709,6.2881,76.63,25.8585,189.5538
48.46,2.7031,0.766,5.1659,79.9784,31.6659,195.9967
48.48,2.6157,0.5861,4.5003,81.7695,37.4653,202.2721
48.5,2.5048,0.447,3.7899,83.4887,46.6937,212.1384
48.52,2.4037,0.3497,3.0206,84.908,62.6701,228.8809
48.54,2.2937,0.2791,2.2013,85.6626,88.5514,255.7192
48.56,2.0919,0.2959,0.442,83.8208,137.0812,306.5701
48.58,1.9889,0.3631,-0.4852,81.8595,148.8883,319.7104
48.6,1.8932,0.4898,-1.4265,79.6368,155.5429,327.6407
48.62,1.7979,0.655,-2.3815,77.6321,159.9304,333.1737
48.64,1.7112,0.8801,-3.3351,75.2969,162.6248,337.2312
48.66,1.521,1.4628,-5.196,70.23,166.403,343.5653
48.68,1.4251,1.8157,-6.0872,67.7135,167.7292,345.8858
48.7,1.3223,2.1964,-6.9363,65.2241,168.8645,347.9111
48.72,1.2156,2.5996,-7.7388,62.7584,169.8795,349.5115
48.74,1.0975,3.0019,-8.4921,60.2784,170.8784,350.7568
48.76,0.863,3.7595,-9.8525,56.4432,172.3641,352.0819
48.78,0.7604,4.1356,-10.4328,53.6337,172.5622,353.0386
48.8,0.6586,4.4908,-10.9514,52.1765,173.2448,353.9031
48.82,0.56,4.8353,-11.3947,50.4523,173.5296,354.5447
48.84,0.4575,5.1491,-11.7759,48.7031,174.5249,355.2267
48.86,0.2712,5.6459,-12.3613,46.1001,175.5651,355.8136
48.88,0.1947,5.8246,-12.5597,45.3168,176.0559,356.5379
48.9,0.1276,5.9616,-12.6916,44.7716,176.4079,357.267
48.92,0.064,6.0545,-12.7579,44.5109,176.7457,357.8463
48.94,0.0058,6.098,-12.7621,44.4607,176.997,358.1006
48.96,-0.0966,6.0216,-12.616,45.0051,177.4009,358.2143
48.98,-0.1443,5.8828,-12.4499,45.7089,177.5504,358.2769
49,-0.1792,5.6937,-12.242,46.6142,177.6627,358.358
49.02,-0.208,5.4554,-11.9798,47.7472,177.781,358.2729
49.04,-0.2308,5.1807,-11.6561,49.0725,177.8065,357.8041
49.06,-0.2299,4.5364,-10.8157,52.4417,177.5457,357.1823
49.08,-0.2021,4.1797,-10.3001,54.5264,177.1127,357.0013
49.1,-0.1633,3.804,-9.725,56.7418,176.4945,356.5141
49.12,-0.1141,3.4142,-9.0948,59.0428,175.7279,355.6977
49.14,-0.054,3.0205,-8.4091,61.4539,174.7477,354.4805
49.16,0.1177,2.2636,-6.8765,66.4919,171.9299,351.6495
49.18,0.2274,1.9211,-6.0388,69.2048,170.1189,349.9503
49.2,0.3488,1.6083,-5.1646,71.9463,167.8743,347.6547
49.22,0.4831,1.3324,-4.2636,74.5606,165.4649,344.9689
49.24,0.6231,1.0836,-3.343,77.1382,161.5779,340.8029
49.26,0.9315,0.7163,-1.4841,81.6037,149.5208,327.6663
49.28,1.0982,0.5986,-0.5629,83.3786,138.0138,315.5059
49.3,1.2672,0.5054,0.3383,84.6305,120.1732,296.9031
49.32,1.4572,0.4448,1.2053,85.0005,97.5691,273.6603
49.34,1.6423,0.4208,2.0449,84.5889,74.6533,249.9894
49.36,1.8276,0.4332,2.8453,83.5394,58.8196,233.4705
49.38,2.2144,0.5709,4.2847,80.5586,40.058,213.3398
49.4,2.3938,0.6993,4.9237,79.0253,35.3573,207.7393
49.42,2.5596,0.854,5.5002,77.5258,32.2489,203.7036
49.44,2.7317,1.0278,6.0037,76.1309,30.0378,200.5523
49.46,2.8777,1.2098,6.452,74.8612,28.3388,198.0197
49.48,3.1445,1.5566,7.1446,72.7554,26.4543,194.5622
49.5,3.2783,1.6984,7.3901,71.9316,26.0694,193.3785
49.52,3.3584,1.791,7.5834,71.3324,25.7151,192.7007
49.54,3.4409,1.8323,7.7109,70.9273,25.7813,192.5565
49.56,3.52,1.8347,7.7959,70.6161,26.2481,193.0929
49.58,3.5667,1.7882,7.7182,70.79,26.8567,193.7963
49.6,3.5696,1.7121,7.5707,71.221,27.615,194.7306
49.62,3.5555,1.5926,7.3432,71.921,28.5723,195.9137
49.64,3.5081,1.4435,7.0659,72.7802,29.498,197.1048
49.66,3.3567,1.0767,6.3286,75.0874,32.3894,200.5447
49.68,3.2834,0.8763,5.8393,76.5442,34.7742,202.9807
49.7,3.1762,0.6906,5.2994,78.1231,37.7843,206.0207
49.72,3.0357,0.5027,4.695,79.8619,42.0622,210.457
49.74,2.8945,0.3708,4.0347,81.5159,48.6368,217.2564
49.76,2.5881,0.1744,2.5291,84.3419,75.862,245.471
49.78,2.4313,0.1365,1.7005,84.8287,99.1721,269.4819
49.8,2.2666,0.1587,0.8422,84.3145,122.5886,293.7589
49.82,2.1063,0.2178,-0.0683,82.924,140.2883,312.365
49.84,1.9435,0.3358,-0.9969,81.0376,151.218,324.3508
49.86,1.6179,0.7195,-2.9002,76.4606,162.6145,338.1593
49.88,1.4587,0.9869,-3.8527,74.4009,165.8272,342.2791
49.9,1.299,1.3002,-4.7955,71.8143,168.3206,345.7517
49.92,1.1341,1.6583,-5.7186,69.1989,170.2074,348.5028
49.94,0.9776,2.0393,-6.5957,67.4385,171.4858,350.1168
49.96,0.8251,2.4655,-7.4349,64.6939,172.5863,351.8939
49.98,0.5271,3.3448,-8.9676,59.876,174.4956,354.0027
50,0.3906,3.7835,-9.6505,57.1096,174.6809,354.4279
50.02,0.2645,4.2063,-10.2743,54.168,175.4498,355.4129
50.04,0.156,4.6092,-10.8327,51.7922,175.7537,356.3696
50.06,-0.027,5.348,-11.7459,48.4558,177.1631,358.4228
50.08,-0.1063,5.6785,-12.0957,46.9523,177.6443,358.9368
50.1,-0.1772,5.9684,-12.3816,45.6402,178.0638,359.167
50.12,-0.2373,6.2085,-12.6056,44.5847,178.3946,359.3599
50.14,-0.2848,6.3962,-12.7679,43.8204,178.6558,359.6229
50.16,-0.3464,6.5967,-12.9197,43.126,178.9287,0.1463
50.18,-0.3635,6.6044,-12.9153,43.1569,179.0231,0.2503
50.2,-0.3736,6.5552,-12.86,43.3844,179.0475,0.2333
50.22,-0.3743,6.4402,-12.7434,43.9322,179.0733,0.1455
50.24,-0.3668,6.2649,-12.5655,44.6963,179.0671,359.9265
50.26,-0.3293,5.7692,-12.0486,46.8417,179.0778,358.8217
50.28,-0.3016,5.4499,-11.7035,48.1756,179.1382,357.8909
50.3,-0.2652,5.0908,-11.302,49.6974,179.234,356.7463
50.32,-0.2202,4.6941,-10.8442,51.3987,179.4079,355.5167
50.34,-0.163,4.2701,-10.3266,53.2964,179.6071,354.3215
50.36,-0.0117,3.383,-9.1166,57.5373,180.0781,351.6659
50.38,0.0853,2.9398,-8.4267,59.8336,180.2957,350.2579
50.4,0.1983,2.5098,-7.6822,62.2903,180.4966,348.901
50.42,0.3274,2.1008,-6.8912,64.8825,180.6883,347.5294
50.44,0.4678,1.7215,-6.0543,67.2883,180.6797,346.1766
50.46,0.7883,1.0754,-4.2874,72.431,180.8607,343.493
50.48,0.9713,0.8232,-3.3752,74.9611,181.105,342.4314
50.5,1.1638,0.6128,-2.4533,77.5303,180.4071,340.6324
50.52,1.3667,0.4436,-1.5356,79.9649,180.4568,339.7717
50.54,1.5843,0.3061,-0.6383,82.3734,178.6617,337.1139
50.56,2.0359,0.1287,1.0955,86.5069,168.8395,325.8619
50.58,2.2597,0.0846,1.9255,88.1858,147.0735,303.2888
50.6,2.4891,0.0672,2.7114,88.5978,79.7775,235.2164
50.62,2.687,0.0859,3.466,87.3958,42.305,196.921
50.64,2.9264,0.1235,4.1277,85.9516,32.7317,186.3971
50.66,3.3148,0.3366,5.3248,82.8854,23.5745,175.4465
50.68,3.504,0.4786,5.8219,81.4975,22.2155,173.3678
50.7,3.6783,0.6578,6.264,80.0626,21.3506,171.8826
50.72,3.8224,0.8109,6.6341,78.8562,20.8964,171.0937
50.74,3.9583,0.9572,6.9467,77.7472,21.2014,171.3123
50.76,4.159,1.1855,7.3965,75.9709,22.7414,173.6615
50.78,4.2394,1.2598,7.5165,75.3399,23.9432,175.7107
50.8,4.2778,1.2929,7.57,74.9194,25.1516,177.8553
50.82,4.3145,1.3233,7.5552,74.6452,26.4209,180.1772
50.84,4.3145,1.3291,7.4897,74.5745,27.7748,182.7364
50.86,4.2429,1.2183,7.0873,75.1301,30.5607,187.8242
50.88,4.1581,1.1102,6.7978,75.816,32.133,190.4049
50.9,4.0686,1.0011,6.4404,76.54,33.4613,192.6118
50.92,3.9544,0.8715,6.0094,77.5534,35.7578,195.8651
50.94,3.819,0.7286,5.523,78.782,38.9034,200.0265
50.96,3.5039,0.4706,4.3507,81.4149,46.6623,209.532
50.98,3.3299,0.3673,3.6634,82.9845,55.8735,219.3749
51,3.1377,0.2994,2.9286,84.33,69.9722,234.0985
51.02,2.9469,0.2623,2.1398,85.1618,92.123,256.9171
51.04,2.7585,0.2674,1.3021,85.0219,118.6421,284.1707
51.06,2.3428,0.3926,-0.4724,82.8003,151.948,318.5173
51.08,2.1386,0.5289,-1.4064,80.6345,161.3874,328.858
51.1,1.9365,0.7254,-2.3495,78.4184,165.7966,334.1443
51.12,1.7345,0.9754,-3.3004,75.7976,169.7836,339.0327
51.14,1.5317,1.2737,-4.2437,73.1228,172.171,342.1444
51.16,1.1368,1.9852,-6.0843,67.8615,175.2921,346.3267
51.18,0.9486,2.3874,-6.9586,65.1989,176.3132,348.0828
51.2,0.7724,2.8159,-7.7929,62.5632,177.0974,349.6572
51.22,0.6012,3.2534,-8.5849,59.8969,177.7252,350.7157
51.24,0.4343,3.6793,-9.3337,57.9813,178.2988,351.2427
51.26,0.2865,4.1234,-10.0168,55.3033,178.5322,351.9523
51.28,0.033,5.0162,-11.1768,49.9439,178.7196,353.1263
51.3,-0.0736,5.4387,-11.657,48.1625,179.3103,353.9231
51.32,-0.1668,5.8301,-12.0757,46.9809,179.4531,354.2127
51.34,-0.2492,6.1904,-12.4272,44.9328,180.1558,354.8983
51.36,-0.3692,6.7477,-12.9649,41.9708,180.0353,355.4824
51.38,-0.4098,6.9402,-13.1493,41.0619,180.2087,355.9668
51.4,-0.438,7.0735,-13.2766,40.4908,180.2846,356.3484
51.42,-0.4507,7.145,-13.3458,40.204,180.2647,356.8321
51.44,-0.4459,7.1574,-13.354,40.285,180.1772,357.5326
51.46,-0.4064,7.0082,-13.1977,41.2637,179.7006,358.4301
51.48,-0.3705,6.8304,-13.0227,42.1367,179.3664,358.6554
51.5,-0.3245,6.5987,-12.7987,43.2826,178.9706,358.8579
51.52,-0.265,6.3099,-12.5172,44.7047,178.519,359.1118
51.54,-0.1924,5.9729,-12.1742,46.3984,178.0178,359.3805
51.56,-0.0203,5.1794,-11.2981,50.4072,176.8856,359.2498
51.58,0.0834,4.7394,-10.7593,52.7837,176.1484,359.0559
51.6,0.2022,4.2797,-10.1564,55.3301,175.2614,358.8254
51.62,0.3269,3.814,-9.4859,58.0306,174.1668,358.2358
51.64,0.46,3.3502,-8.7553,60.8118,172.8821,357.2013
51.66,0.7403,2.4553,-7.1232,66.5996,169.4925,353.9145
51.68,0.8907,2.0484,-6.2284,69.3496,166.8123,351.5267
51.7,1.0474,1.6795,-5.2917,72.2222,163.794,348.8111
51.72,1.1982,1.3453,-4.3268,75.2252,159.7177,344.7298
51.74,1.3509,1.0583,-3.3475,77.6515,153.8906,338.8148
51.76,1.6457,0.6567,-1.3595,81.9573,132.4846,316.9256
51.78,1.7916,0.5566,-0.3737,83.1974,114.4076,298.5619
51.8,1.9418,0.504,0.5826,83.5521,92.3478,276.0527
51.82,2.0757,0.504,1.5173,82.9302,72.1792,255.3265
51.84,2.214,0.556,2.4108,81.6688,58.2783,240.8153
51.86,2.4712,0.7796,4.0588,78.4163,41.5781,222.5896
51.88,2.5938,0.9481,4.8042,76.7446,36.9309,217.0948
51.9,2.706,1.1422,5.4906,75.08,32.9736,212.0496
51.92,2.7991,1.3542,6.1221,73.502,29.6746,207.505
51.94,2.8823,1.5743,6.6758,72.0721,27.2247,203.6235
51.96,3.004,2.0242,7.6166,69.5331,23.6968,197.3877
51.98,3.0541,2.2288,7.981,68.5278,22.4945,194.9523
52,3.1032,2.4085,8.2794,67.6751,21.5089,192.82
52.02,3.0977,2.5691,8.535,66.9567,20.3475,190.8289
52.04,3.1015,2.6747,8.7121,66.4493,19.4785,189.3287
52.06,3.0818,2.801,8.8787,65.9006,18.3954,187.8217
52.08,3.0542,2.799,8.8514,66.0248,18.0186,187.2303
52.1,3.0128,2.7659,8.7678,66.3741,17.7657,186.7614
52.12,2.944,2.6903,8.5897,66.9934,17.6751,186.474
52.14,2.8824,2.5603,8.3544,67.8577,17.7957,186.4663
52.16,2.7196,2.1951,7.7153,70.1386,18.5158,187.5092
52.18,2.6383,1.9642,7.2946,71.5359,19.2405,188.6073
52.2,2.5233,1.7264,6.8201,73.109,20.0266,189.8615
52.22,2.4465,1.4866,6.2565,74.8916,21.4999,191.6098
52.24,2.36,1.2717,5.6302,76.8023,23.644,194.0207
52.26,2.1752,0.8965,4.2018,80.939,32.2898,203.4409
52.28,2.0975,0.7477,3.4018,82.9378,41.6897,213.37
52.3,2.0419,0.646,2.5523,84.5767,58.8131,230.9477
52.32,1.9841,0.5677,1.6607,85.4047,86.8759,259.419
52.34,1.9402,0.5324,0.7419,84.7962,116.8519,289.8806
52.36,1.9039,0.5975,-1.1839,80.8464,147.3524,321.8164
52.38,1.8929,0.7017,-2.1631,78.3099,153.8961,328.7277
52.4,1.8908,0.844,-3.146,75.596,158.1158,333.1339
52.42,1.8886,1.0251,-4.1153,72.8262,160.9936,336.1976
52.44,1.8942,1.2586,-5.0655,70.1088,162.9831,338.3827
52.46,1.9176,1.8813,-6.8563,64.8063,165.4996,341.7257
52.48,1.9216,2.2491,-7.6808,62.209,166.4152,342.7043
52.5,1.9291,2.63,-8.4547,60.4177,166.7167,343.0314
52.52,1.9397,3.0413,-9.166,57.8599,167.4552,344.224
52.54,1.9448,3.4655,-9.8088,55.271,167.627,344.7967
52.56,1.9336,4.2988,-10.9009,51.2066,168.4526,345.3127
52.58,1.9286,4.6864,-11.3531,49.4872,168.4377,345.1827
52.6,1.926,5.0457,-11.7409,47.6364,168.2096,345.2582
52.62,1.9208,5.3616,-12.0724,45.7462,168.815,345.9517
52.64,1.9196,5.6311,-12.3483,44.4437,168.6137,346.1431
52.66,1.914,6.0128,-12.7403,42.8313,168.8468,346.6906
52.68,1.9081,6.1214,-12.8546,42.347,168.9252,346.8177
52.7,1.9013,6.1727,-12.914,42.105,168.9744,346.962
52.72,1.8948,6.169,-12.9204,42.1153,169.0024,347.0919
52.74,1.8856,6.1149,-12.8747,42.3412,169.0237,347.1387
52.76,1.8645,5.8403,-12.5912,43.6867,168.9567,347.2361
52.78,1.8533,5.6376,-12.3585,44.7574,168.8242,347.2951
52.8,1.8463,5.396,-12.0633,46.0953,168.5616,347.4439
52.82,1.8409,5.1211,-11.698,47.7366,168.1576,347.7359
52.84,1.8378,4.8196,-11.2662,49.6122,167.6156,347.9949
52.86,1.8196,4.1475,-10.2072,53.9196,166.2592,347.6399
52.88,1.8117,3.8017,-9.575,56.4343,165.3449,347.1917
52.9,1.8038,3.4623,-8.869,59.1593,164.1714,346.7502
52.92,1.7963,3.1307,-8.0917,61.971,162.6937,346.0106
52.94,1.782,2.8084,-7.2807,64.743,161.0296,344.752
52.96,1.7472,2.1941,-5.5106,70.5946,156.3793,340.3842
52.98,1.7342,1.9253,-4.5768,73.5166,152.9539,336.8834
53,1.7116,1.6843,-3.6151,76.4079,148.4426,332.129
53.02,1.6991,1.5017,-2.6429,79.1026,141.3186,324.473
53.04,1.6823,1.3685,-1.6655,81.4927,130.5819,312.6892
53.06,1.6649,1.2662,0.2714,84.1558,89.6779,269.4415
53.08,1.672,1.2728,1.2101,83.892,64.7615,243.4342
53.1,1.6891,1.3137,2.1196,82.704,46.1225,223.7015
53.12,1.73,1.3902,2.9785,81.1298,33.9715,210.4319
53.14,1.7645,1.5013,3.8019,79.3353,25.9088,201.3608
53.16,1.8863,1.849,5.2789,75.5415,18.0372,191.7683
53.18,1.9432,2.0513,5.9311,73.7295,16.191,189.2874
53.2,2.0406,2.2787,6.4991,72.1029,15.3292,187.8932
53.22,2.0832,2.4931,7.0299,70.5147,14.87,187.0377
53.24,2.1653,2.7012,7.4634,69.1022,14.656,186.4857
53.26,2.2665,3.0445,8.1467,66.8625,14.2424,185.9302
53.28,2.311,3.1672,8.3697,66.1661,13.9311,185.7343
53.3,2.3412,3.2673,8.5213,65.5716,13.5738,185.3565
53.32,2.3344,3.3174,8.6049,65.3093,13.2847,184.9667
53.34,2.324,3.3102,8.608,65.4026,13.1751,184.6613
53.36,2.2707,3.1683,8.4026,66.338,12.8617,183.8466
53.38,2.232,3.013,8.175,67.2392,12.7361,183.4819
53.4,2.1941,2.8469,7.8922,68.2562,12.5879,183.0705
53.42,2.1164,2.6285,7.5396,69.626,12.4021,182.7261
53.44,2.044,2.4135,7.1081,71.0908,12.1897,182.4229
53.46,1.8906,2.0199,6.0186,74.6606,12.3739,182.4297
53.48,1.8159,1.8304,5.3702,76.7581,13.0999,183.1823
53.5,1.7471,1.6694,4.6712,78.9015,14.5406,184.7907
53.52,1.6709,1.4974,3.9121,81.3162,17.1567,187.0381
53.54,1.6084,1.3561,3.1113,83.6527,23.0812,193.2069
53.56,1.5259,1.161,1.3601,87.4208,73.6624,244.4899
53.58,1.4946,1.1358,0.4316,86.748,127.6097,298.5733
53.6,1.4743,1.173,-0.5097,84.5934,149.5114,320.9519
53.62,1.4972,1.2531,-1.4967,81.9525,158.1999,330.324
53.64,1.5115,1.3921,-2.4728,79.2112,162.3484,334.9526
53.66,1.5522,1.7942,-4.4125,73.5434,166.8596,339.954
53.68,1.5761,2.0736,-5.3469,70.7223,168.1501,341.3134
53.7,1.6024,2.4012,-6.2472,67.9421,169.0996,342.4071
53.72,1.6317,2.7623,-7.1088,65.7625,169.6276,342.726
53.74,1.658,3.1585,-7.9153,63.1559,170.2912,343.3765
53.76,1.7307,4.0017,-9.3593,57.7483,170.3223,344.4221
53.78,1.7657,4.4363,-9.9785,55.0154,169.9574,344.9252
53.8,1.7968,4.8536,-10.5334,52.9166,170.0511,345.5976
53.82,1.8223,5.2444,-11.0295,51.1169,170.1568,345.9007
53.84,1.8384,5.5992,-11.4577,49.3268,170.1396,345.9684
53.86,1.8557,5.9091,-11.8229,48.2485,170.109,346.1559
53.88,1.8849,6.3939,-12.3518,45.8505,170.0065,347.0339
53.9,1.8903,6.5556,-12.5225,45.1234,169.9411,347.0789
53.92,1.889,6.66,-12.6319,44.5387,169.9453,347.0245
53.94,1.882,6.6994,-12.6798,44.2729,169.9517,346.8232
53.96,1.8761,6.6077,-12.6077,44.5852,169.8466,347.1303
53.98,1.874,6.4622,-12.4717,45.2229,169.6772,347.4556
54,1.8651,6.2673,-12.2867,46.0258,169.5421,347.5753
54.02,1.8503,6.0232,-12.045,47.0272,169.3849,347.5237
54.04,1.833,5.7308,-11.7498,48.2191,169.2192,347.3893
54.06,1.7937,5.014,-11.0011,51.241,168.8918,347.2912
54.08,1.7711,4.6067,-10.5458,53.0024,168.7206,347.2241
54.1,1.7432,4.1755,-10.0324,54.9047,168.5314,347.0994
54.12,1.7098,3.7275,-9.4678,56.9279,168.3395,346.7574
54.14,1.6699,3.2616,-8.8541,59.0928,168.1517,346.2152
54.16,1.5891,2.36,-7.4658,63.521,167.6193,345.2949
54.18,1.5419,1.9585,-6.6946,65.657,167.2589,344.5671
54.2,1.4853,1.6036,-5.8743,68.2218,167.5517,343.8005
54.22,1.4222,1.2909,-5.0158,70.8396,168.1937,343.154
54.24,1.3665,1.0223,-4.1319,73.2308,168.6244,342.4023
54.26,1.2802,0.6113,-2.312,77.9401,167.7019,339.9911
54.28,1.2577,0.4636,-1.4042,80.1893,165.936,337.6425
54.3,1.2476,0.359,-0.5089,82.3907,162.9372,334.008
54.32,1.2439,0.2954,0.3721,84.5644,157.6343,328.0916
54.34,1.262,0.2917,1.2242,86.6022,145.36,315.0921
54.36,1.3259,0.4113,2.8354,87.592,47.4893,216.1907
54.38,1.3837,0.5229,3.5765,85.8506,25.6378,193.72
54.4,1.4561,0.6695,4.285,83.9261,18.5474,186.0325
54.42,1.5338,0.805,4.9438,82.0839,16.0768,183.2014
54.44,1.6273,0.9331,5.5448,80.3001,14.7999,181.6783
54.46,1.8098,1.2497,6.6076,77.022,14.0844,180.6994
54.48,1.9115,1.4136,7.0482,75.5006,14.0353,180.6568
54.5,2.0035,1.571,7.4294,74.0975,14.2026,181.1471
54.52,2.1214,1.7311,7.7458,72.8236,14.695,181.9703
54.54,2.2129,1.8542,8.0014,71.776,14.9024,182.4326
54.56,2.386,2.0601,8.3498,70.1856,15.6244,183.8431
54.58,2.4591,2.127,8.4322,69.6734,15.9396,184.4451
54.6,2.5179,2.1565,8.4431,69.4675,16.3006,184.8899
54.62,2.5698,2.1521,8.3937,69.5303,16.6658,185.218
54.64,2.6147,2.1178,8.2817,69.7541,17.076,185.5938
54.66,2.68,1.8999,7.8453,71.0316,18.4779,187.0428
54.68,2.6967,1.745,7.5493,71.8587,19.2127,187.8053
54.7,2.7159,1.5782,7.1872,72.895,20.376,189.0572
54.72,2.7252,1.3782,6.7478,74.1603,21.61,190.3563
54.74,2.7299,1.1909,6.2451,75.5579,23.3078,192.1319
54.76,2.7296,1.0223,5.6755,77.2017,26.0247,194.792
54.78,2.6908,0.7005,4.3686,80.9084,35.7958,203.7878
54.8,2.6781,0.5475,3.6316,82.6572,46.1903,214.1682
54.82,2.6756,0.4212,2.8445,83.9814,63.468,231.8848
54.84,2.6691,0.3333,2.0159,84.5262,87.1518,256.006
54.86,2.6663,0.2802,1.1406,83.9787,112.2635,281.425
54.88,2.67,0.3306,-0.702,80.4726,141.4671,311.6084
54.9,2.6692,0.4215,-1.659,78.1284,148.7783,319.5527
54.92,2.6658,0.5777,-2.632,75.6126,153.6762,324.798
54.94,2.6503,0.7676,-3.592,72.9218,157.3079,328.2898
54.96,2.5962,1.2435,-5.501,67.3299,162.1388,332.7452
54.98,2.5718,1.5451,-6.418,64.6728,163.5493,334.7358
55,2.541,1.8906,-7.2967,62.0702,164.6536,336.5233
55.02,2.4967,2.2758,-8.124,59.5145,165.57,337.984
55.04,2.4399,2.6898,-8.8978,56.9941,166.4288,339.0719
55.06,2.3022,3.5254,-10.2788,52.7467,167.6949,340.4767
55.08,2.2318,3.9405,-10.8721,50.83,167.7122,341.2104
55.1,2.1597,4.3486,-11.403,48.359,168.3548,342.3824
55.12,2.0806,4.7314,-11.8692,46.8962,168.3923,342.7505
55.14,1.9974,5.1011,-12.2628,44.9626,168.7309,343.4355
55.16,1.8119,5.7215,-12.8724,42.4045,169.5953,343.5815
55.18,1.7242,5.9686,-13.0854,41.2292,169.7003,343.8662
55.2,1.631,6.1636,-13.2476,40.0272,170.3783,344.1248
55.22,1.5353,6.2963,-13.3627,39.3351,170.6391,343.875
55.24,1.4362,6.3655,-13.4322,38.8626,171.1229,343.5583
55.26,1.2456,6.3206,-13.4369,38.6663,172.1651,342.6127
55.28,1.1488,6.2009,-13.3669,38.9677,172.6806,342.3195
55.3,1.0657,6.0223,-13.2418,39.5423,173.0063,342.4976
55.32,1.026,5.7951,-13.0674,40.6527,173.1824,344.5741
55.34,1.0059,5.5149,-12.8401,42.3483,173.2858,347.7507
55.36,0.9359,4.8303,-12.2252,45.641,173.9894,352.0084
55.38,0.8628,4.4602,-11.8228,47.1293,174.3887,351.8228
55.4,0.781,4.0916,-11.3459,49.0489,175.1364,351.0844
55.42,0.7114,3.7263,-10.7961,51.5435,176.101,350.882
55.44,0.6613,3.3681,-10.1796,54.0578,176.56,351.0865
55.46,0.5847,2.6812,-8.7767,58.7949,176.3136,350.7894
55.48,0.5615,2.3551,-8.0026,61.3764,176.0932,350.7464
55.5,0.5429,2.0417,-7.1854,64.0184,175.8454,350.5591
55.52,0.5271,1.7435,-6.3312,66.7036,175.6244,350.1977
55.54,0.5112,1.4705,-5.4438,69.3432,175.5123,349.4847
55.56,0.4997,1.2301,-4.5302,71.939,175.3758,348.3322
55.58,0.5188,0.8554,-2.6559,77.2397,175.5386,346.2075
55.6,0.5461,0.7201,-1.7061,79.9485,175.5189,345.2063
55.62,0.6006,0.6175,-0.7664,82.6595,174.8874,343.7811
55.64,0.6764,0.5454,0.1598,85.3006,173.1405,341.6536
55.66,0.8375,0.4972,1.9372,89.6506,129.5963,294.782
55.68,0.9651,0.5171,2.7702,87.8955,9.6304,174.313
55.7,1.1076,0.5629,3.5528,85.6315,8.3543,173.0285
55.72,1.2683,0.6574,4.2727,83.6065,8.6255,172.7719
55.74,1.4412,0.7914,4.9291,81.6787,8.8544,172.6056
55.76,1.7684,1.1733,6.0393,78.1639,9.7969,173.1962
55.78,1.928,1.3838,6.4929,76.5475,10.3972,173.786
55.8,2.0999,1.5678,6.8677,75.1923,11.148,174.5253
55.82,2.2569,1.7354,7.1822,74.0556,11.8201,175.0946
55.84,2.398,1.8671,7.4296,73.1397,12.2804,175.2073
55.86,2.6367,2.0233,7.7278,72.1243,12.8374,174.3863
55.88,2.7239,2.0406,7.7754,72.041,12.9433,173.7151
55.9,2.8251,2.0382,7.7543,72.102,13.3855,173.4349
55.92,2.9095,1.9914,7.675,72.4098,13.8111,173.268
55.94,2.9825,1.8762,7.5154,72.9801,14.5004,173.6626
55.96,3.0204,1.7525,7.3032,73.7316,15.3822,174.508
55.98,3.0756,1.4182,6.6568,76.0394,17.867,176.1367
56,3.0878,1.2335,6.2187,77.4981,19.8458,177.8212
56.02,3.094,1.0491,5.7044,79.1436,22.9522,180.6313
56.04,3.0783,0.8691,5.1225,80.8623,27.6969,185.4181
56.06,3.0512,0.71,4.4767,82.5856,34.6713,192.5051
56.08,2.966,0.4659,2.9959,85.5037,69.1505,227.3826
56.1,2.928,0.4014,2.1632,85.6505,100.9515,259.4432
56.12,2.8673,0.3899,1.2932,84.5612,127.4112,286.3339
56.14,2.8069,0.421,0.3726,82.6337,143.1958,302.7772
56.16,2.6858,0.6572,-1.5489,77.9769,156.973,317.94
56.18,2.6076,0.8525,-2.5276,75.4773,160.5082,322.2617
56.2,2.5271,1.096,-3.5089,72.8251,163.1613,325.7922
56.22,2.4368,1.3761,-4.4819,70.7831,164.2076,327.243
56.24,2.3336,1.7087,-5.4284,67.9636,166.1741,329.7697
56.26,2.2201,2.0665,-6.3479,64.6978,167.6407,331.6609
56.28,1.969,2.8531,-8.0525,59.5498,170.0737,334.3684
56.3,1.8326,3.2593,-8.8274,56.9809,171.0457,335.6019
56.32,1.7,3.6714,-9.5409,54.5445,171.8114,336.924
56.34,1.5728,4.0812,-10.1961,52.3369,172.4741,338.3572
56.36,1.3153,4.8672,-11.2961,48.8322,173.4611,340.6526
56.38,1.1869,5.2491,-11.7277,46.4767,173.7603,341.608
56.4,1.0586,5.5977,-12.0954,45.8663,174.035,341.8671
56.42,0.9381,5.926,-12.3752,44.1769,174.3392,342.9467
56.44,0.8203,6.2125,-12.5877,42.6461,174.8494,343.9775
56.46,0.6026,6.597,-12.8365,41.847,175.3656,345.688
56.48,0.5036,6.6889,-12.8756,41.6982,175.6,346.6584
56.5,0.4082,6.71,-12.8552,41.9539,175.8221,347.5597
56.52,0.322,6.6684,-12.7811,42.4604,176.0429,348.3362
56.54,0.2282,6.5584,-12.6255,43.2754,176.2481,349.0153
56.56,0.1459,6.3935,-12.4041,44.391,176.4686,349.5952
56.58,0.0047,5.9067,-11.7514,47.445,176.7648,350.5513
56.6,-0.0502,5.594,-11.3181,49.3886,176.8318,351.0909
56.62,-0.0957,5.2434,-10.8136,51.5867,176.8636,351.557
56.64,-0.1297,4.8678,-10.2374,53.9912,176.8357,351.9263
56.66,-0.1645,4.0757,-8.8681,59.4019,176.4942,352.3831
56.68,-0.166,3.6738,-8.088,62.3145,176.0762,352.2054
56.7,-0.1536,3.2696,-7.2557,65.3273,175.4615,351.9111
56.72,-0.1244,2.8805,-6.3733,68.4791,174.4957,351.4948
56.74,-0.0825,2.5126,-5.4532,71.7156,173.2697,350.7155
56.76,0.0311,1.8836,-3.5301,78.0567,168.8434,346.3014
56.78,0.113,1.6369,-2.5523,80.9992,163.8513,341.2894
56.8,0.2023,1.4448,-1.5699,83.7616,154.4966,331.8553
56.82,0.3065,1.2982,-0.6081,86.0107,134.0607,311.3668
56.84,0.4307,1.2079,0.321,86.9326,90.0776,267.1957
56.86,0.678,1.171,2.0692,83.9015,34.266,210.5979
56.88,0.7983,1.217,2.8712,81.9104,26.5507,202.2383
56.9,0.9357,1.2865,3.5931,80.1055,22.3818,197.3259
56.92,1.0663,1.3803,4.2596,78.4055,19.8639,194.0508
56.94,1.2008,1.5105,4.8373,77.1489,18.3518,191.9658
56.96,1.447,1.7791,5.7594,74.7409,16.075,188.7178
56.98,1.5508,1.8889,6.0932,73.8548,15.9578,188.2382
57,1.6593,1.9967,6.3429,73.0374,15.8855,187.8227
57.02,1.7625,2.0601,6.5001,72.5709,15.9031,187.5794
57.04,1.8367,2.0851,6.5766,72.334,16.0158,187.4493
57.06,1.9153,2.033,6.5062,72.6031,16.6682,187.6019
57.08,1.9609,1.9412,6.3225,73.2741,17.5049,188.0523
57.1,1.9767,1.8225,6.0731,74.0999,18.5359,188.7623
57.12,1.9961,1.6653,5.74,75.1764,20.1854,190.1423
57.14,1.993,1.5001,5.3466,76.4162,22.2756,192.1481
57.16,1.9851,1.3173,4.8838,77.8102,25.0991,195.0179
57.18,2.0019,1.0103,3.739,80.6156,35.397,205.6668
57.2,1.9756,0.8913,3.1008,81.968,43.9451,214.7306
57.22,1.9799,0.7835,2.3827,83.1831,57.4918,228.8139
57.24,1.9733,0.7264,1.6411,83.8309,75.951,247.8149
57.26,1.9961,0.6873,0.0316,82.676,116.1348,289.4846
57.28,2.0113,0.7435,-0.8046,81.1418,128.9369,303.2686
57.3,2.0298,0.854,-1.661,79.3032,137.4184,312.5712
57.32,2.0421,1.0141,-2.5217,77.1873,143.6731,319.3831
57.34,2.0414,1.2188,-3.3734,74.9769,148.2238,324.2276
57.36,2.0494,1.7174,-5.0421,70.1412,154.3508,330.9887
57.38,2.0408,2.0092,-5.832,67.8448,156.5001,333.361
57.4,2.024,2.3238,-6.5873,65.5317,158.3431,335.0377
57.42,1.9952,2.6526,-7.2942,63.2897,159.9456,336.3083
57.44,1.9697,2.9929,-7.952,61.0974,161.1652,337.2697
57.46,1.9416,3.3274,-8.5533,59.1492,162.2734,338.3242
57.48,1.8939,3.9537,-9.5673,56.192,162.637,339.723
57.5,1.8681,4.2376,-9.9666,54.4308,163.3006,340.8778
57.52,1.8418,4.4819,-10.297,53.1701,163.7357,341.7898
57.54,1.817,4.6816,-10.5605,52.4764,164.234,342.4568
57.56,1.7941,4.8271,-10.7483,51.82,164.5127,343.0412
57.58,1.754,4.9581,-10.8947,51.2679,164.7358,343.7403
57.6,1.7367,4.9369,-10.8556,51.5199,164.7458,343.9353
57.62,1.722,4.8716,-10.7501,52.0186,164.652,343.9563
57.64,1.7041,4.7352,-10.536,52.8428,164.4444,343.8452
57.66,1.6803,4.3506,-9.9286,55.2036,163.844,343.4902
57.68,1.6682,4.1112,-9.515,56.7674,163.3678,343.1421
57.7,1.652,3.8444,-9.0347,58.5025,162.8143,342.6199
57.72,1.6315,3.5591,-8.4894,60.4064,162.0788,341.8752
57.74,1.6122,3.2669,-7.8867,62.5689,161.1488,340.9554
57.76,1.586,2.9639,-7.2269,64.7702,159.8914,339.8968
57.78,1.5252,2.3823,-5.7678,69.516,156.6567,336.899
57.8,1.4798,2.109,-4.9797,71.8788,154.2397,334.293
57.82,1.4323,1.8535,-4.1657,74.1998,151.0835,330.8257
57.84,1.387,1.6218,-3.3317,76.5454,146.872,326.2936
57.86,1.2935,1.2676,-1.626,80.9874,132.2562,310.8102
57.88,1.2533,1.1614,-0.7751,82.7226,119.2183,297.2034
57.9,1.2117,1.0947,0.0664,83.8996,100.6544,278.08
57.92,1.1812,1.0588,0.8919,84.2141,77.8953,254.8171
57.94,1.1555,1.0578,1.6751,83.6946,56.5134,232.708
57.96,1.1244,1.1434,3.144,81.0716,31.454,206.2597
57.98,1.1231,1.2409,3.8164,79.8069,24.4149,198.7151
58,1.1334,1.3562,4.4331,78.246,19.3241,193.2006
58.02,1.1402,1.4788,4.9989,77.0108,15.4651,188.8931
58.04,1.1514,1.6034,5.515,75.7083,13.3627,186.226
58.06,1.1859,1.8341,6.3674,73.8466,10.5153,182.0209
58.08,1.2106,1.9464,6.7076,73.0568,9.9487,181.0812
58.1,1.2243,2.0297,6.9942,72.3122,9.6593,180.3774
58.12,1.2398,2.097,7.2101,71.7133,9.3246,179.8378
58.14,1.2587,2.179,7.3628,71.1709,9.1805,179.6336
58.16,1.2695,2.2575,7.4752,70.7813,9.0784,179.3828
58.18,1.2767,2.2549,7.4466,70.8213,9.182,179.5646
58.2,1.2692,2.2048,7.3692,71.0781,9.2993,179.8884
58.22,1.261,2.1026,7.2009,71.6211,9.5386,180.359
58.24,1.224,1.9726,6.995,72.3438,9.6685,180.7682
58.26,1.2178,1.8424,6.7165,73.1671,10.091,181.4713
58.28,1.1634,1.5223,5.9705,75.4346,11.1439,183.148
58.3,1.1464,1.3509,5.4974,76.891,12.342,184.5284
58.32,1.1257,1.1814,4.9726,78.5204,14.1543,186.5816
58.34,1.1062,1.0184,4.3925,80.2867,16.7539,189.4638
58.36,1.0875,0.7329,3.0627,83.9856,28.3231,201.8049
58.38,1.0901,0.6361,2.324,85.7105,42.8205,216.7153
58.4,1.1012,0.5722,1.5374,86.8729,73.5454,247.8576
58.42,1.1306,0.56,0.7069,86.5173,115.383,290.0358
58.44,1.1691,0.599,-0.1565,84.8165,139.3958,314.4282
58.46,1.2711,0.8298,-1.9355,80.3264,155.5196,332.322
58.48,1.3307,1.0122,-2.8418,77.8222,158.7365,336.3575
58.5,1.3951,1.2205,-3.7547,75.2099,160.9773,339.3303
58.52,1.4626,1.4745,-4.6519,72.5866,162.2272,341.2662
58.54,1.5282,1.7454,-5.532,70.0115,163.0826,343.0081
58.56,1.6609,2.4086,-7.1957,65.5733,163.6352,345.2708
58.58,1.7168,2.7954,-7.9563,63.1946,163.099,345.5443
58.6,1.7633,3.2055,-8.6618,60.7591,163.3046,346.2657
58.62,1.8027,3.6281,-9.3063,57.716,163.2258,346.8239
58.64,1.8342,4.0469,-9.8918,54.512,162.9811,347.2537
58.66,1.8706,4.7945,-10.8932,50.5614,163.6862,348.5338
58.68,1.8801,5.1132,-11.3093,49.3,164.2306,349.0793
58.7,1.8835,5.3935,-11.6619,48.1239,164.8358,349.6969
58.72,1.882,5.6388,-11.9468,47.0629,165.2258,350.1527
58.74,1.8729,5.8416,-12.165,46.1333,165.4915,350.3997
58.76,1.8372,6.0925,-12.4117,45.0803,166.0522,350.7121
58.78,1.8123,6.1361,-12.4428,44.9313,166.2546,350.737
58.8,1.7838,6.121,-12.4156,45.0406,166.3927,350.7247
58.82,1.7532,6.0563,-12.3362,45.4113,166.4996,350.699
58.84,1.7123,5.9166,-12.1724,46.1468,166.5791,350.6617
58.86,1.629,5.5189,-11.6775,48.309,166.5943,350.408
58.88,1.5828,5.2566,-11.3316,49.7709,166.5578,350.2759
58.9,1.5319,4.9598,-10.9182,51.4782,166.4641,350.0722
58.92,1.4753,4.6255,-10.436,53.4236,166.3594,349.8547
58.94,1.4195,4.2758,-9.8995,55.5679,166.2202,349.6375
58.96,1.359,3.9096,-9.2909,57.9116,166.0353,349.3916
58.98,1.2304,3.1572,-7.8872,63.2236,165.3541,349.0334
59,1.1567,2.7845,-7.1059,66.1468,164.9015,348.4341
59.02,1.0744,2.4287,-6.2785,69.0949,164.3134,347.3144
59.04,0.9888,2.1004,-5.4078,71.9706,163.2579,345.6451
59.06,0.8235,1.5615,-3.5806,77.5841,159.8844,340.4951
59.08,0.7431,1.35,-2.6432,80.2822,157.0968,336.5638
59.1,0.6669,1.1881,-1.6973,82.8425,153.9919,332.2019
59.12,0.602,1.0695,-0.7577,85.5026,147.2397,323.9431
59.14,0.5473,0.9869,0.1626,87.8049,129.2948,304.2498
59.16,0.4876,0.9747,1.9211,86.9074,3.9134,175.4959
59.18,0.4903,1.0471,2.7413,84.8153,354.6315,164.7273
59.2,0.5041,1.1634,3.5178,82.7547,351.9482,160.8058
59.22,0.5435,1.3156,4.2392,80.8233,352.0448,159.9642
59.24,0.5855,1.4854,4.9075,79.0291,353.5837,160.7193
59.26,0.6982,1.8156,6.0547,76.0394,356.1071,162.0521
59.28,0.7655,1.9792,6.5424,74.8822,357.3673,162.7905
59.3,0.8217,2.0987,6.9667,73.8726,357.9043,163.114
59.32,0.8834,2.2137,7.3245,72.7311,358.2857,163.3036
59.34,0.9427,2.3108,7.6072,71.8087,358.4543,163.2869
59.36,1.0333,2.4672,7.9518,70.6272,359.01,163.6627
59.38,1.0626,2.5107,8.0165,70.4002,359.3143,163.9089
59.4,1.0793,2.5063,8.0123,70.4605,359.6219,164.3284
59.42,1.0863,2.4759,7.9475,70.7041,359.9463,164.9146
59.44,1.0886,2.3767,7.7884,71.2478,0.0595,165.3833
59.46,1.0614,2.1002,7.275,72.902,0.0902,165.8797
59.48,1.0399,1.9422,6.9095,74.0439,359.9169,166.0072
59.5,1.0269,1.7762,6.4634,75.3735,-0.0008,166.6051
59.52,0.9975,1.6283,5.9581,76.7942,0.2335,167.6914
59.54,0.9779,1.473,5.3798,78.4026,0.4429,168.7838
59.56,0.9575,1.1382,4.0339,82.3218,1.6993,171.5758
59.58,0.9442,0.9965,3.2888,84.4548,3.8876,174.696
59.6,0.9627,0.8719,2.4804,86.721,10.0979,181.8277
59.62,0.9878,0.7925,1.6261,88.8426,46.3372,218.9217
59.64,1.0354,0.767,0.7287,87.9205,145.0836,318.3701
59.66,1.1567,0.8855,-1.149,82.738,163.4141,337.8936
59.68,1.2511,1.0401,-2.1139,80.0095,164.3338,339.8611
59.7,1.351,1.2624,-3.0751,77.3143,164.5541,341.2307
59.72,1.457,1.5393,-4.0288,74.5864,164.7065,342.5354
59.74,1.5725,1.8532,-4.9713,72.8856,164.0888,342.3788
59.76,1.7938,2.614,-6.7514,66.7445,163.3992,343.5557
59.78,1.8955,3.0156,-7.5825,64.3529,162.6814,343.3667
59.8,1.9959,3.4385,-8.3583,61.267,162.8608,344.3179
59.82,2.0892,3.8584,-9.0786,58.3693,162.8095,345.0595
59.84,2.1767,4.2716,-9.7358,56.6571,162.4317,345.3367
59.86,2.3208,5.0649,-10.8509,52.2451,163.2944,347.0263
59.88,2.3785,5.413,-11.3143,50.5399,163.5459,347.4335
59.9,2.4304,5.7232,-11.7158,48.8046,163.8082,347.8419
59.92,2.474,5.9921,-12.0598,47.3346,164.0797,348.0382
59.94,2.5055,6.204,-12.3345,46.0329,164.3087,348.0319
59.96,2.5505,6.4587,-12.7322,44.0013,164.8133,347.7291
59.98,2.5695,6.5017,-12.8426,43.5322,165.013,347.846
60,2.5812,6.4979,-12.8858,43.3383,165.1549,347.9941
60.02,2.5818,6.4468,-12.8716,43.5947,165.3729,347.8259
60.04,2.5756,6.3505,-12.801,43.7477,165.1239,347.4138
60.06,2.5385,5.9713,-12.4647,44.9285,165.2867,346.873
60.08,2.516,5.7179,-12.209,46.2046,165.2165,346.8643
60.1,2.4838,5.4282,-11.8867,47.5745,165.0604,346.7794
60.12,2.4433,5.1057,-11.5053,49.1388,164.8091,346.3733
60.14,2.387,4.7404,-11.0612,50.9308,164.544,345.8968
60.16,2.3264,4.3452,-10.5617,52.9278,164.2312,345.4159
60.18,2.1839,3.5084,-9.3787,57.5259,163.4035,344.4009
60.2,2.0966,3.0896,-8.6952,60.0282,162.9805,343.6017
60.22,1.9967,2.6866,-7.9526,62.5734,162.5073,342.3646
60.24,1.8905,2.3085,-7.1559,65.1484,161.9319,340.9075
60.26,1.6725,1.638,-5.421,70.2562,160.965,338.4311
60.28,1.5665,1.3577,-4.4998,73.11,159.9059,336.7058
60.3,1.4561,1.1195,-3.5528,76.0738,159.2705,335.0562
60.32,1.3561,0.9162,-2.6018,78.8539,158.2205,332.8058
60.34,1.2561,0.7641,-1.6394,81.4791,157.3962,330.7046
60.36,1.1045,0.5863,0.26,86.4457,150.1158,321.6303
60.38,1.0778,0.5676,1.1593,88.4328,121.3683,292.0525
60.4,1.0545,0.591,2.0367,88.2668,38.7006,208.6992
60.42,1.0476,0.6598,2.8782,86.4309,15.0874,184.5672
60.44,1.0747,0.7732,3.6603,84.3534,9.1401,178.0612
60.46,1.1505,1.1017,5.0753,80.3633,6.0464,174.0827
60.48,1.2053,1.2872,5.6943,78.5044,5.6429,173.4549
60.5,1.264,1.4805,6.2534,76.7791,5.7289,173.5064
60.52,1.3317,1.6927,6.7573,75.1031,5.9201,173.615
60.54,1.3971,1.8773,7.1914,73.6598,6.1964,173.8784
60.56,1.5201,2.2343,7.8641,71.3499,6.4153,173.4414
60.58,1.5621,2.3494,8.0983,70.6369,6.2638,172.6786
60.6,1.5948,2.4459,8.2771,70.0788,6.0524,171.9819
60.62,1.6327,2.4863,8.3735,69.7944,5.9894,171.5847
60.64,1.665,2.4849,8.3985,69.7413,5.9158,171.4072
60.66,1.6752,2.469,8.3698,69.8478,5.8661,171.3002
60.68,1.6965,2.291,8.0493,70.9622,5.7056,171.0994
60.7,1.6922,2.1599,7.7966,71.777,5.8663,171.4588
60.72,1.6667,1.9856,7.4776,72.8341,5.9743,171.8397
60.74,1.6517,1.7734,7.0931,74.1106,6.3815,172.4973
60.76,1.577,1.3057,6.1377,77.2712,7.6423,174.3678
60.78,1.5403,1.0812,5.5566,79.0946,8.9504,176.0684
60.8,1.5182,0.8885,4.9084,81.0023,11.2592,178.8555
60.82,1.4848,0.7045,4.1932,83.0958,15.2379,183.4944
60.84,1.4746,0.5615,3.4141,85.2036,23.6451,192.4706
60.86,1.4504,0.4013,1.7107,87.7474,102.7843,272.3426
60.88,1.4616,0.3845,0.7936,86.091,141.3252,311.5926
60.9,1.4795,0.423,-0.1563,83.8849,153.8559,324.8184
60.92,1.5102,0.5117,-1.1473,81.3156,159.7794,331.3957
60.94,1.5343,0.6592,-2.1239,78.6413,162.8016,335.1804
60.96,1.5981,1.1232,-4.103,73.0883,165.9289,339.5066
60.98,1.6394,1.419,-5.0877,70.2038,166.8401,340.7547
61,1.6775,1.7543,-6.0405,67.4152,167.4908,341.882
61.02,1.7092,2.1168,-6.958,65.5887,167.8387,342.3879
61.04,1.7438,2.5393,-7.8241,62.7463,168.1442,343.3497
61.06,1.7876,3.4177,-9.406,57.5936,168.058,343.7886
61.08,1.8079,3.8667,-10.1097,54.6666,168.1178,344.368
61.1,1.8282,4.3179,-10.7449,51.7211,168.0043,345.0591
61.12,1.8415,4.7601,-11.3093,49.1147,168.0757,345.8524
61.14,1.8465,5.1754,-11.8097,47.446,168.4622,346.4766
61.16,1.8468,5.9098,-12.6215,44.7853,169.2113,347.2805
61.18,1.8474,6.2163,-12.9315,43.056,169.2959,347.9203
61.2,1.8453,6.467,-13.1874,41.7792,169.5282,348.4498
61.22,1.842,6.6592,-13.3844,41.0103,169.4474,348.8154
61.24,1.8371,6.7994,-13.5217,40.4009,169.5776,349.3016
61.26,1.816,6.8999,-13.6246,39.9218,169.7083,349.8067
61.28,1.8016,6.8591,-13.5967,40.0777,169.7705,349.9314
61.3,1.7845,6.7582,-13.5181,40.4501,169.7894,350.0157
61.32,1.7639,6.5769,-13.3712,41.1801,169.814,350.0905
61.34,1.7431,6.3503,-13.1768,42.1238,169.8263,350.121
61.36,1.6908,5.7489,-12.6062,44.752,169.849,349.8387
61.38,1.6582,5.3824,-12.2293,46.4077,169.8878,349.4901
61.4,1.6207,4.9797,-11.7891,48.3163,169.9531,348.9907
61.42,1.5761,4.5517,-11.284,50.4025,170.0147,348.1713
61.44,1.5257,4.11,-10.7106,52.297,170.0287,347.1259
61.46,1.417,3.2145,-9.3665,56.8903,170.3949,344.909
61.48,1.3552,2.7887,-8.596,59.4824,170.9125,343.4654
61.5,1.2918,2.3914,-7.7617,62.1949,171.4883,341.8361
61.52,1.2322,2.0214,-6.8722,64.8921,172.2336,340.4195
61.54,1.1915,1.6918,-5.9367,67.6706,172.8293,339.4044
61.56,1.1679,1.1314,-3.9753,73.358,174.0937,338.8153
61.58,1.1828,0.9132,-2.9652,76.1969,174.3382,338.5358
61.6,1.2198,0.7337,-1.9582,78.9947,174.2295,337.8912
61.62,1.2761,0.6013,-0.9622,81.7897,173.7106,336.89
61.64,1.3427,0.5188,0.0247,84.5462,172.412,335.2143
61.66,1.5456,0.4945,1.8966,89.2282,115.5426,277.4836
61.68,1.6636,0.5279,2.7679,87.994,21.644,182.8309
61.7,1.7757,0.5946,3.594,85.9646,10.7594,170.9487
61.72,1.8941,0.7074,4.3638,84.0579,7.5576,166.4886
61.74,2.0194,0.8567,5.0643,82.1558,5.8904,163.6854
61.76,2.2689,1.2513,6.2563,78.5922,4.3445,160.3552
61.78,2.3881,1.4638,6.7382,77.0769,4.1952,159.4504
61.8,2.5114,1.676,7.1507,75.6914,4.4814,159.1711
61.82,2.6033,1.8736,7.5115,74.447,4.829,159.2243
61.84,2.7112,2.017,7.7785,73.5165,5.4006,159.5767
61.86,2.7921,2.1296,7.987,72.7709,5.9264,159.985
61.88,2.9067,2.2175,8.1824,72.0266,7.2708,161.7737
61.9,2.9539,2.2068,8.1656,72.0046,8.1359,163.0542
61.92,2.9605,2.1465,8.0873,72.3051,8.926,164.3499
61.94,2.9582,2.0161,7.8951,72.9179,9.6133,165.4086
61.96,2.9458,1.8809,7.6413,73.7362,10.4193,166.5897
61.98,2.8509,1.493,6.9244,76.0842,11.8767,168.9811
62,2.7839,1.2824,6.4589,77.5514,12.7855,170.3904
62.02,2.7081,1.0675,5.9209,79.2146,13.9243,172.0313
62.04,2.6229,0.8523,5.3149,81.0673,15.6938,174.3269
62.06,2.4411,0.4947,3.909,85.0565,25.2244,185.2976
62.08,2.3536,0.3496,3.1134,87.0285,42.4686,203.4037
62.1,2.2659,0.2635,2.276,88.0088,94.3119,256.1029
62.12,2.1744,0.206,1.3882,86.7515,143.4733,306.1089
62.14,2.0993,0.1975,0.454,84.48,159.4023,322.8111
62.16,1.9409,0.3551,-1.4778,79.4315,168.8613,333.9229
62.18,1.8696,0.5152,-2.4663,76.7479,170.7615,336.4461
62.2,1.7983,0.7258,-3.4604,73.9938,172.1198,338.2574
62.22,1.7282,0.9884,-4.4453,71.2054,173.1655,339.6048
62.24,1.6538,1.2953,-5.4107,68.4014,173.9895,340.705
62.26,1.4998,2.0107,-7.2513,62.8387,175.2845,342.4285
62.28,1.4177,2.4052,-8.1103,60.0968,175.8484,343.0677
62.3,1.3307,2.8169,-8.9158,57.422,176.3889,343.592
62.32,1.2398,3.2428,-9.6598,54.8652,176.8794,344.0503
62.34,1.1542,3.6774,-10.3408,52.4437,177.2988,344.5622
62.36,0.9898,4.5344,-11.5017,48.1071,177.9855,345.6447
62.38,0.9126,4.9368,-11.9814,46.2233,178.2471,346.2485
62.4,0.8374,5.3038,-12.4016,45.4353,178.5456,346.5239
62.42,0.7644,5.6438,-12.7506,43.7948,178.8089,347.0903
62.44,0.6925,5.9414,-13.0381,42.0696,178.6338,347.218
62.46,0.6233,6.1818,-13.2722,40.7878,178.6289,347.5067
62.48,0.501,6.4892,-13.5748,39.4709,178.9633,348.7131
62.5,0.4468,6.5601,-13.6401,39.2124,179.1107,349.2654
62.52,0.3949,6.5736,-13.647,39.186,179.2473,349.6836
62.54,0.3476,6.5335,-13.602,39.3777,179.3777,349.8995
62.56,0.3004,6.4293,-13.4982,39.8392,179.5022,350.1174
62.58,0.23,6.0467,-13.1128,41.6103,179.6067,350.667
62.6,0.2077,5.7837,-12.8355,42.8532,179.5965,350.8625
62.62,0.1934,5.4755,-12.4964,44.3586,179.5692,351.0702
62.64,0.1884,5.1311,-12.093,46.0888,179.5063,351.2463
62.66,0.2159,4.358,-11.0934,50.1994,179.19,351.5197
62.68,0.2499,3.9358,-10.4983,52.5702,178.8693,351.8195
62.7,0.297,3.4994,-9.8438,55.0975,178.4262,352.0739
62.72,0.3522,3.0495,-9.133,57.7347,177.9293,352.2065
62.74,0.4139,2.6011,-8.3662,60.4443,177.3201,352.1093
62.76,0.5623,1.7481,-6.6852,65.9449,175.7822,351.2088
62.78,0.6437,1.3654,-5.7803,68.5308,174.7497,350.3102
62.8,0.7378,1.0264,-4.8463,71.1883,173.7162,349.1166
62.82,0.8248,0.7168,-3.8889,73.8234,172.5965,347.7462
62.84,0.921,0.4622,-2.9201,76.4047,170.9315,345.4686
62.86,1.1361,0.0969,-0.9922,81.4116,164.9623,338.1722
62.88,1.248,0.009,-0.0461,83.688,158.567,330.8618
62.9,1.3693,-0.015,0.8716,85.7521,145.6128,316.8502
62.92,1.498,0.0258,1.7608,87.1941,115.3849,285.4902
62.94,1.6327,0.1187,2.5957,87.1255,69.0505,238.1031
62.96,1.9047,0.3956,4.1427,83.9227,30.8086,198.1203
62.98,2.0314,0.5552,4.8374,82.1084,25.3265,191.9783
63,2.1742,0.7554,5.4761,80.2816,22.3707,188.2166
63.02,2.2936,0.9434,6.0499,78.613,20.1769,185.3457
63.04,2.4003,1.149,6.57,77.0113,18.7967,183.3706
63.06,2.5865,1.5466,7.4039,74.3726,16.9384,180.1217
63.08,2.6545,1.7326,7.7274,73.339,16.1071,178.4028
63.1,2.6962,1.8831,7.9894,72.557,15.1958,176.54
63.12,2.745,1.9943,8.18,71.9765,14.4122,174.9086
63.14,2.7585,2.0594,8.3136,71.6179,13.6256,173.5238
63.16,2.7644,2.1081,8.3904,71.5315,12.271,170.9638
63.18,2.7394,2.0614,8.336,71.8958,11.6122,169.7642
63.2,2.7165,1.9807,8.1988,72.4256,11.0605,168.9001
63.22,2.6795,1.8675,7.9983,73.1212,10.738,168.5259
63.24,2.6249,1.7152,7.7361,74.0551,10.6259,168.6066
63.26,2.4691,1.3512,7.0054,76.5475,10.6769,169.3252
63.28,2.3815,1.1702,6.5351,78.0327,11.0103,169.9421
63.3,2.3016,0.9895,5.9993,79.5955,12.0407,171.4916
63.32,2.1905,0.7969,5.3936,81.3631,13.1763,173.4244
63.34,2.0955,0.6321,4.7179,83.1981,15.9441,177.1602
63.36,1.9903,0.4924,3.9815,85.1586,21.02,183.2847
63.38,1.804,0.3191,2.3259,88.4808,96.9928,260.0079
63.4,1.7196,0.2868,1.4254,86.9523,151.1323,315.0083
63.42,1.6518,0.3105,0.4865,84.5684,163.6027,328.3885
63.44,1.5979,0.3813,-0.4869,82.122,168.3072,334.0401
63.46,1.5045,0.6798,-2.4927,76.814,172.5371,339.6039
63.48,1.4785,0.9118,-3.5072,74.1039,173.4007,340.9673
63.5,1.4491,1.1934,-4.5057,71.3762,174.0439,342.1187
63.52,1.4423,1.5417,-5.4879,68.5582,174.2488,342.7863
63.54,1.4341,1.9374,-6.4317,65.7486,174.3723,343.3761
63.56,1.4374,2.8189,-8.1894,61.6075,174.5889,344.1293
63.58,1.4542,3.3026,-8.98,59.3893,174.1084,344.6271
63.6,1.4735,3.7955,-9.7062,56.6797,173.852,345.3162
63.62,1.4994,4.291,-10.3646,53.8976,173.2859,345.8402
63.64,1.5247,4.7785,-10.95,50.5747,172.6642,346.5477
63.66,1.545,5.2287,-11.4778,48.1642,172.4241,346.9149
63.68,1.5804,5.9971,-12.3351,45.221,172.6128,347.6662
63.7,1.6028,6.3144,-12.6665,43.8159,172.5907,348.0363
63.72,1.6234,6.5796,-12.9342,42.6477,172.5448,348.1575
63.74,1.637,6.7847,-13.1366,41.688,172.5636,348.0485
63.76,1.646,6.9277,-13.2797,40.9506,172.6498,347.6382
63.78,1.6627,7.0148,-13.3955,40.2383,172.8667,346.6891
63.8,1.6763,6.9621,-13.3732,40.3358,172.9337,346.491
63.82,1.6926,6.848,-13.2967,40.6772,172.9472,346.412
63.84,1.7105,6.6571,-13.1473,41.3539,172.9241,346.2898
63.86,1.7372,6.1389,-12.683,43.3933,172.8044,345.7471
63.88,1.7494,5.8091,-12.3573,44.7884,172.6704,345.4827
63.9,1.7619,5.437,-11.9708,46.4402,172.5031,345.2622
63.92,1.7764,5.0304,-11.5168,48.3702,172.2629,345.0751
63.94,1.7907,4.6063,-11.0068,50.4892,171.9739,344.9199
63.96,1.8111,3.7104,-9.7799,55.3122,171.2173,344.3763
63.98,1.8201,3.2675,-9.0648,57.9926,170.699,344.0389
64,1.8278,2.8284,-8.2954,60.7773,170.1577,343.4926
64.02,1.8257,2.403,-7.4649,63.7316,169.5066,342.6924
64.04,1.824,1.9983,-6.5903,66.7073,168.7192,341.5154
64.06,1.7979,1.289,-4.7111,72.4074,166.3146,337.9211
64.08,1.7837,0.9972,-3.731,75.3421,165.2945,336.0966
64.1,1.765,0.7605,-2.7301,78.1145,163.1332,333.0472
64.12,1.7552,0.5781,-1.7298,80.8152,160.6864,329.5274
64.14,1.7468,0.4426,-0.7373,83.2957,156.8213,324.5671
64.16,1.7548,0.3479,1.2038,87.8327,125.5571,291.2669
64.18,1.7718,0.3688,2.1256,88.2237,52.0519,216.8763
64.2,1.8069,0.4392,2.9962,86.5253,20.0707,184.114
64.22,1.8392,0.5588,3.8345,84.4908,12.2653,175.6456
64.24,1.8869,0.7081,4.6095,82.5248,9.9319,172.8241
64.26,1.946,0.9034,5.325,80.5178,8.7547,171.2254
64.28,2.0518,1.3499,6.5758,76.8207,8.5873,170.5349
64.3,2.0888,1.5872,7.1062,75.1381,8.4634,170.4035
64.32,2.1389,1.8016,7.561,73.6645,8.7099,170.8942
64.34,2.1704,1.984,7.9518,72.2982,8.9333,171.4271
64.36,2.2124,2.1722,8.2735,71.1199,9.1485,171.8563
64.38,2.208,2.3844,8.7023,69.6022,9.4081,172.7843
64.4,2.1594,2.4863,8.8179,69.0913,9.3663,173.1754
64.42,2.1751,2.5344,8.7991,68.9507,9.6776,173.7146
64.43999,2.1238,2.5532,8.7442,69.0141,9.6634,174.1151
64.46,1.9759,2.4267,8.3666,69.9885,9.7335,175.2003
64.48,1.8974,2.291,8.0812,70.8888,9.7585,175.7247
64.5,1.7903,2.084,7.7141,72.1367,9.6286,176.0684
64.52,1.7058,1.8844,7.2746,73.5554,9.8476,176.6554
64.54,1.6034,1.6683,6.7663,75.1786,9.9683,177.1974
64.56,1.3909,1.2276,5.531,78.9879,10.9732,179.6416
64.58,1.2897,1.0341,4.8062,81.0967,12.5504,182.1817
64.6,1.2164,0.882,4.0084,83.2947,16.306,186.8227
64.62,1.1504,0.7565,3.155,85.5647,24.6209,195.9163
64.64,1.0871,0.6499,2.2526,87.6435,52.564,224.5489
64.66,1.0258,0.5379,0.3214,85.3894,152.5141,325.6759
64.68,1.0184,0.5469,-0.6893,82.7801,161.364,335.2569
64.7,1.0239,0.6183,-1.7177,80.0005,165.4249,339.805
64.72,1.059,0.754,-2.7682,76.9782,167.4996,342.2462
64.74,1.0938,0.9559,-3.8044,73.9925,168.6951,343.8904
64.76,1.2014,1.5465,-5.8218,68.7291,169.8055,345.6266
64.78,1.2673,1.9371,-6.7731,65.6738,169.909,346.2902
64.8,1.3393,2.3551,-7.6841,63.6202,169.3067,346.0056
64.82,1.4105,2.8248,-8.5251,60.6395,169.2567,346.652
64.84,1.4831,3.3024,-9.3107,57.8678,169.0805,346.991
64.86,1.5528,3.7825,-10.0271,55.3516,168.0894,346.8297
64.88,1.6805,4.6989,-11.2598,49.6696,167.5485,347.5992
64.9,1.7391,5.122,-11.7651,46.9404,167.3527,348.3161
64.92,1.7887,5.5136,-12.2037,45.0119,167.419,348.7103
64.93999,1.8255,5.853,-12.5636,43.8793,167.7103,348.6632
64.96,1.8783,6.3949,-13.0747,41.5855,168.1909,348.2515
64.98,1.901,6.5775,-13.227,40.8233,168.2478,348.0845
65,1.9236,6.6955,-13.3146,40.4088,168.261,348.0797
65.02,1.9437,6.7434,-13.3386,40.3077,168.2141,348.1754
65.04,1.9594,6.7221,-13.3018,40.4987,168.1018,348.2775
65.06,1.9786,6.4808,-13.0194,41.9009,167.7207,348.323
65.08,1.9751,6.2717,-12.7719,43.0699,167.543,348.09
65.1,1.9665,6.0098,-12.4522,44.5102,167.3215,347.7571
65.12,1.9547,5.6987,-12.0602,46.2276,167.019,347.4182
65.14,1.9388,5.3407,-11.5956,48.2492,166.6924,347.1445
65.16,1.8881,4.5171,-10.4535,52.9724,165.9158,346.337
65.18,1.8519,4.0752,-9.7754,55.6295,165.4324,345.6256
65.2,1.8077,3.6196,-9.0304,58.4312,164.8178,344.6931
65.22,1.756,3.1594,-8.2219,61.3662,164.0386,343.5966
65.24,1.7017,2.7025,-7.3608,64.392,163.0733,342.3235
65.26,1.5766,1.8601,-5.4939,70.4498,159.9869,338.3248
65.28,1.5044,1.5012,-4.5043,73.3202,158.5143,336.0484
65.3,1.4292,1.1937,-3.4911,76.3731,156.656,333.1212
65.32,1.3607,0.9352,-2.4743,79.411,154.316,329.6011
65.34,1.2916,0.7425,-1.4521,82.2338,150.3411,324.3508
65.36,1.1887,0.5374,0.5377,87.275,133.883,305.1449
65.38,1.1549,0.5182,1.4808,88.7424,72.5078,242.4867
65.4,1.1387,0.5731,2.3869,87.3466,12.8522,181.4603
65.42,1.1211,0.6642,3.2427,85.3697,2.7119,169.8228
65.43999,1.1298,0.8251,4.0406,83.4239,359.1173,164.8365
65.46,1.1486,1.0086,4.7678,81.5982,357.5782,161.8445
65.48,1.2026,1.4762,6.0361,77.9315,355.9057,157.4542
65.5,1.2339,1.7184,6.5689,76.268,355.1991,155.4657
65.52,1.268,1.9424,7.0277,74.7985,354.6524,153.9099
65.54,1.3021,2.1558,7.4209,73.461,354.3735,152.7001
65.56,1.3445,2.3361,7.7376,72.331,354.4925,152.216
65.58,1.413,2.6048,8.1572,70.8085,354.9517,152.2075
65.6,1.4277,2.6623,8.2578,70.4816,355.1656,152.5182
65.62,1.4509,2.7064,8.2936,70.3039,355.5806,153.0774
65.64,1.4581,2.6715,8.2543,70.4305,355.8234,153.5927
65.66,1.4499,2.4895,7.9443,71.4662,356.5122,155.4879
65.68,1.4373,2.3612,7.6784,72.3015,356.9607,156.6341
65.7,1.3989,2.1922,7.3406,73.4256,357.0539,157.4678
65.72,1.3686,2.0205,6.9284,74.7309,357.1784,158.274
65.74,1.3286,1.8279,6.4434,76.2167,357.2419,159.2045
65.76,1.2475,1.4477,5.2654,79.7055,357.5037,161.3273
65.78,1.2101,1.2843,4.579,81.7178,357.8033,162.4475
65.8,1.1735,1.1333,3.8297,83.7326,358.351,163.9384
65.82,1.1518,1.0177,3.019,86.0533,1.1614,167.7046
65.84,1.1483,0.937,2.1528,88.2749,13.657,181.0163
65.86,1.1665,0.9291,0.2965,86.4309,161.8852,331.1653
65.88,1.2014,1.0085,-0.6823,83.8229,165.5142,335.6017
65.9,1.2448,1.1247,-1.681,81.3815,166.951,337.6096
65.92,1.3074,1.2962,-2.7004,78.5739,167.6356,339.084
65.93999,1.3714,1.5043,-3.6952,75.7784,167.3268,339.4963
65.96,1.5193,2.0718,-5.6553,69.4357,167.7789,340.9231
65.98,1.5845,2.4074,-6.5884,66.6798,168.2837,341.2161
66,1.6519,2.7715,-7.4779,63.7832,168.5081,341.4767
66.02,1.7242,3.1726,-8.3084,61.1316,168.7423,342.0558
66.04,1.7915,3.6009,-9.0736,58.5573,168.8482,342.4605
66.06,1.9025,4.4879,-10.4035,53.6567,168.9979,342.2986
66.08,1.9438,4.9046,-10.9745,51.3423,169.0954,341.8084
66.1,1.9821,5.2853,-11.488,49.1984,169.2007,341.3026
66.12,2.023,5.6271,-11.9393,47.3194,169.2586,341.178
66.14,2.0665,5.9346,-12.3248,45.7378,169.2688,341.3145
66.16,2.1456,6.4478,-12.8887,43.2695,169.2345,341.407
66.18,2.1776,6.6361,-13.0705,42.4066,169.1978,341.3716
66.2,2.2072,6.7718,-13.1899,41.8319,169.1138,341.3461
66.22,2.2349,6.8494,-13.2518,41.5274,168.9824,341.3208
66.24,2.2617,6.8656,-13.2574,41.4891,168.7868,341.4
66.26,2.3106,6.7148,-13.1106,42.2047,168.2662,341.7935
66.28,2.3298,6.5439,-12.9395,42.9643,167.9916,341.8566
66.3,2.3437,6.3284,-12.7143,43.9653,167.7087,341.8854
66.32,2.3536,6.0646,-12.4267,45.2381,167.3968,341.936
66.34,2.3644,5.7631,-12.0762,46.777,167.0165,342.013
66.36,2.3678,5.0456,-11.1813,50.4834,166.0947,342.0524
66.38,2.3577,4.6459,-10.6378,52.6008,165.5275,341.7251
66.4,2.3395,4.2274,-10.0338,54.8802,164.9569,341.1044
66.42,2.3086,3.8078,-9.3605,57.3309,164.3235,340.1073
66.43999,2.2706,3.3934,-8.625,59.9089,163.5624,338.8531
66.46,2.1822,2.6183,-6.9844,65.3195,161.5178,335.5042
66.48,2.1315,2.2559,-6.0962,68.0414,160.3601,333.6247
66.5,2.081,1.9179,-5.1752,70.786,158.8759,331.3114
66.52,2.0383,1.6137,-4.2291,73.5396,156.8031,328.6701
66.54,1.9994,1.3473,-3.2665,76.2854,154.0092,325.4001
66.56,1.922,0.929,-1.3319,81.6083,144.6911,314.4973
66.58,1.8837,0.7905,-0.3739,83.8365,135.567,304.2608
66.6,1.8654,0.6955,0.5536,85.8425,121.0127,288.4562
66.62,1.8473,0.6467,1.4557,87.1763,88.9405,255.1077
66.64,1.8492,0.6442,2.3127,87.0934,46.7715,211.7317
66.66,1.8626,0.7786,3.9087,84.0352,11.9651,174.3631
66.68,1.8859,0.8983,4.6199,82.2706,6.126,167.0098
66.7,1.9215,1.0543,5.2666,80.6485,3.985,163.6057
66.72,1.9584,1.2224,5.8424,78.9671,1.9595,160.5373
66.74,2.0068,1.4409,6.3525,77.3514,0.9128,158.5717
66.76,2.0319,1.657,6.7971,75.9711,0.1436,157.1002
66.78,2.0995,2.0379,7.466,73.6835,359.5069,155.3795
66.8,2.1168,2.1728,7.7062,72.8341,359.3893,154.9442
66.82,2.1352,2.257,7.873,72.2539,359.2998,154.5951
66.84,2.1603,2.3297,7.9687,71.8754,359.2187,154.0827
66.86,2.1285,2.3427,7.9576,71.9403,357.8606,150.9615
66.88,2.1045,2.3069,7.852,72.3248,356.8172,148.9796
66.9,2.0693,2.2281,7.6415,72.9026,355.7509,147.2492
66.92,2.0299,2.0858,7.3729,73.7987,354.4764,145.4847
66.93999,1.9851,1.914,7.0396,74.9398,352.8581,143.4177
66.96,1.8938,1.5067,6.1806,77.8276,348.986,138.9638
66.98,1.839,1.2754,5.6584,79.5401,346.3118,136.4026
67,1.8013,1.0335,5.0496,81.4723,342.97,133.5501
67.02,1.7654,0.8254,4.3874,83.4646,338.2376,129.4884
67.04,1.7471,0.6509,3.6624,85.5113,330.2648,122.2641
67.06,1.7049,0.3958,2.0598,88.158,245.9324,39.9721
67.08,1.6956,0.3376,1.1939,86.5786,201.3242,356.6043
67.1,1.7087,0.3296,0.2816,84.2631,187.4318,343.9206
67.12,1.7244,0.3694,-0.6521,81.7749,181.4276,339.2047
67.14,1.7456,0.4539,-1.6065,79.1409,178.0196,337.1322
67.16,1.8077,0.7731,-3.5207,73.8157,173.9944,335.8529
67.18,1.8411,0.9891,-4.4671,71.1157,172.9619,336.089
67.2,1.8761,1.2481,-5.3916,68.4265,172.1172,336.5721
67.22,1.9099,1.5494,-6.2843,65.8127,171.5886,337.4359
67.24,1.9362,1.9006,-7.128,63.3121,171.213,338.3796
67.26,1.9598,2.6828,-8.6669,58.4568,171.0841,339.852
67.28,1.9575,3.0983,-9.3433,56.1914,171.1322,340.5729
67.3,1.9563,3.5266,-9.9633,54.0637,171.1697,341.1122
67.32,1.9466,3.9401,-10.5192,52.2865,171.1595,341.5896
67.34,1.9355,4.3265,-11.0162,51.1738,170.7982,341.7281
67.36,1.905,5.0252,-11.8253,47.2429,170.612,342.8962
67.38,1.8915,5.3077,-12.1486,46.236,170.1006,343.0915
67.4,1.8748,5.5479,-12.4098,44.6628,170.4173,344.2554
67.42,1.8531,5.7457,-12.6074,43.6089,170.3342,344.7513
67.43999,1.8269,5.8943,-12.7414,43.428,170.4626,345.0962
67.46,1.7759,6.0563,-12.8179,43.13,170.6435,345.9165
67.48,1.7485,6.0598,-12.7655,43.3323,170.6115,346.1646
67.5,1.7216,6.0128,-12.6624,43.8613,170.5379,346.4585
67.52,1.6925,5.8932,-12.4779,44.6354,170.3777,346.8265
67.54,1.6706,5.7339,-12.2476,45.7159,170.1329,347.1706
67.56,1.6167,5.2649,-11.5976,48.5715,169.6448,347.4953
67.58,1.5864,4.9719,-11.176,50.341,169.4221,347.3811
67.6,1.56,4.6517,-10.692,52.2958,169.1854,347.1816
67.62,1.5346,4.3072,-10.1388,54.4529,168.8711,346.9845
67.64,1.5126,3.9409,-9.5246,56.8049,168.4884,346.822
67.66,1.4941,3.5608,-8.8516,59.2956,168.03,346.6204
67.68,1.4549,2.8104,-7.329,64.6766,166.8731,345.4221
67.7,1.4354,2.4547,-6.4886,67.5329,166.024,344.2946
67.72,1.419,2.108,-5.6098,70.4433,164.9278,342.988
67.74,1.4088,1.7853,-4.6972,73.3619,163.332,341.2018
67.76,1.3829,1.2196,-2.8184,78.9249,158.9139,335.2053
67.78,1.3795,0.9842,-1.8793,81.4014,155.2051,330.053
67.8,1.3678,0.7928,-0.9303,83.5963,150.7373,323.9011
67.82,1.3656,0.6325,-0.0014,85.7479,142.1694,313.6254
67.84,1.3994,0.5238,0.8873,87.5412,126.943,296.7417
67.86,1.454,0.4598,2.5896,87.6187,22.228,188.8932
67.88,1.499,0.4994,3.374,85.9477,7.9888,173.3228
67.9,1.5682,0.5945,4.094,84.2795,3.9703,168.014
67.92,1.6399,0.742,4.7706,82.4823,2.3289,165.1606
67.93999,1.7225,0.903,5.3666,80.8268,1.9942,163.9331
67.96,1.8647,1.2714,6.3997,77.8957,2.8311,163.9885
67.98,1.9502,1.4356,6.8122,76.57,3.7383,164.9023
68,2.015,1.5736,7.1702,75.3856,4.6702,166.072
68.02,2.0729,1.6929,7.4648,74.4344,5.8824,167.708
68.04,2.1361,1.7839,7.6854,73.6566,6.9844,169.2839
68.06,2.2018,1.8972,7.9414,72.5461,8.8307,172.3977
68.08,2.2156,1.8856,7.9553,72.4379,9.6149,173.8251
68.1,2.2112,1.8843,7.9165,72.4527,10.1238,174.9662
68.12,2.2036,1.8381,7.8028,72.7142,10.5429,175.8333
68.14,2.1383,1.7235,7.619,73.2721,10.668,176.3791
68.16,2.0668,1.4548,7.0476,75.0573,11.2375,177.345
68.18,1.9718,1.2493,6.6721,76.4098,11.2437,177.6033
68.2,1.9224,1.0668,6.2105,77.8748,11.879,178.4254
68.22,1.852,0.8795,5.6857,79.5087,12.6842,179.4713
68.24,1.7696,0.7106,5.1036,81.2382,14.1516,181.4122
68.26,1.637,0.4303,3.7203,85.0435,23.5525,192.1083
68.28,1.5879,0.3426,2.9381,86.8733,40.2779,209.6269
68.3,1.5285,0.2903,2.1105,87.8873,86.3478,256.686
68.32,1.4937,0.2961,1.2319,86.8196,132.9971,304.3703
68.34,1.4806,0.3299,0.2902,84.6978,150.7535,323.2064
68.36,1.4577,0.5926,-1.65,79.8152,161.3238,335.8362
68.38,1.4696,0.8025,-2.6564,77.4268,163.5361,338.6089
68.4,1.4773,1.0724,-3.652,74.6119,164.9287,340.633
68.42,1.4945,1.3743,-4.6493,71.8605,165.8668,342.0408
68.43999,1.5064,1.7045,-5.6239,69.2216,166.4438,342.8669
68.46,1.5332,2.4436,-7.4817,63.2512,167.6892,344.4681
68.48,1.5434,2.8333,-8.3477,60.4419,168.2518,345.024
68.5,1.5491,3.2262,-9.161,57.6878,168.8599,345.6249
68.52,1.5523,3.6392,-9.9079,55.0649,169.3955,346.0187
68.54,1.5515,4.0575,-10.5828,52.6148,169.9296,346.445
68.56,1.5498,4.8978,-11.7052,48.7776,170.7894,346.8599
68.58,1.5476,5.2916,-12.1538,46.8302,170.835,346.9607
68.6,1.546,5.6556,-12.5334,44.9313,171.1525,347.3217
68.62,1.5458,5.9714,-12.8543,43.7545,171.1461,347.3512
68.64,1.5459,6.2384,-13.1064,42.5531,170.9041,347.5005
68.66,1.5438,6.6116,-13.4333,40.4854,170.9841,348.0416
68.68,1.538,6.7051,-13.5082,40.1722,171.0408,348.1566
68.7,1.5312,6.7388,-13.5254,40.0829,171.0801,348.1679
68.72,1.5233,6.7101,-13.4896,40.2399,171.0718,348.1657
68.74,1.5176,6.6235,-13.4043,40.679,171.0181,348.2625
68.76,1.506,6.2367,-13.0417,42.4481,170.7636,348.5396
68.78,1.4978,5.9679,-12.7802,43.6796,170.6412,348.6105
68.8,1.4885,5.6542,-12.4589,45.1342,170.5097,348.5952
68.82,1.4769,5.3024,-12.0755,46.8267,170.3869,348.4601
68.84,1.4629,4.9201,-11.627,48.733,170.2583,348.2302
68.86,1.4305,4.0949,-10.5339,53.0774,169.9758,347.5159
68.88,1.414,3.663,-9.8941,55.4914,169.7631,347.0138
68.9,1.3952,3.2271,-9.1916,58.0501,169.5135,346.5277
68.92,1.3767,2.7937,-8.4258,60.7367,169.2016,345.8413
68.93999,1.3521,2.3796,-7.6215,63.4525,168.9288,345.0011
68.96,1.3089,1.618,-5.8674,68.8958,168.399,343.2836
68.98,1.2899,1.2764,-4.9403,71.5738,167.6346,342.2057
69,1.2824,0.9698,-3.9937,74.329,167.233,341.7411
69.02,1.271,0.6963,-3.0375,77.0356,166.4122,340.7455
69.04,1.2659,0.4694,-2.0846,79.4326,165.6568,339.748
69.06,1.2762,0.1678,-0.2142,83.896,156.7866,330.2345
69.08,1.2983,0.0998,0.6845,85.8416,143.6848,316.9462
69.1,1.3296,0.0783,1.5442,87.1208,114.8754,288.0391
69.12,1.369,0.1078,2.3627,87.0601,70.2144,243.2956
69.14,1.4147,0.1787,3.1304,85.7181,44.4959,217.5922
69.16,1.47,0.278,3.8418,83.9523,32.4089,205.6491
69.18,1.5706,0.5446,5.0884,80.352,23.1774,196.9745
69.2,1.6188,0.7005,5.6107,78.7527,20.9865,194.8979
69.22,1.6572,0.8701,6.0665,77.301,19.5095,193.5322
69.24,1.6978,1.0491,6.4496,76.0008,18.6077,192.7919
69.26,1.7359,1.3518,7.0164,73.9996,17.3657,191.9262
69.28,1.7452,1.4687,7.1968,73.3211,16.9559,191.6029
69.3,1.7295,1.5377,7.3148,72.9025,16.4664,191.1205
69.32,1.7229,1.5744,7.3619,72.733,16.2072,190.7789
69.34,1.6924,1.572,7.3447,72.7914,15.9167,190.4327
69.36,1.6,1.4422,7.0735,73.769,15.4588,189.8678
69.38,1.5363,1.3449,6.8246,74.6091,15.2765,189.5404
69.4,1.4536,1.2229,6.512,75.7059,14.9756,188.8862
69.42,1.3737,1.0818,6.1227,77.0113,14.7865,188.2871
69.43999,1.283,0.9265,5.6708,78.5198,14.7418,188.0123
69.46,1.1319,0.6281,4.5511,81.9782,16.9494,190.2846
69.48,1.0582,0.5123,3.8963,83.884,20.2592,193.773
69.5,0.9931,0.4131,3.1814,85.8049,27.2973,201.089
69.52,0.9436,0.3436,2.4098,87.5701,49.3862,223.62
69.54,0.9132,0.3171,1.59,88.0266,107.9475,282.7274
69.56,0.9025,0.3745,-0.1714,84.352,157.8042,333.7721
69.58,0.9181,0.4674,-1.0904,81.9254,162.486,339.1349
69.6,0.9518,0.6022,-2.0292,79.5402,164.8968,342.0442
