time,pos_x,pos_y,pos_z,rot_x,rot_y,rot_z
30.9,-22.8551,-16.3645,4.738,82.3256,121.678,351.5868
30.92,-22.868,-16.3612,4.7354,82.362,121.8797,351.8391
30.94,-22.8948,-16.3719,4.7325,82.4041,122.426,352.456
30.96,-22.9158,-16.3731,4.7318,82.4561,122.6635,352.7263
30.98,-22.9303,-16.3749,4.737,82.4863,122.8172,352.8904
31,-22.9466,-16.3783,4.7402,82.5351,123.0789,353.1503
31.02,-22.9672,-16.3811,4.7456,82.581,123.307,353.3819
31.04,-23.0073,-16.3889,4.7615,82.7097,123.6586,353.6994
31.06,-23.0273,-16.3878,4.774,82.7887,123.6435,353.6454
31.08,-23.0447,-16.3916,4.787,82.8602,123.7579,353.7177
31.1,-23.0631,-16.3952,4.803,82.9337,123.746,353.6622
31.12,-23.0805,-16.4029,4.8188,82.9898,123.72,353.5694
31.14,-23.1112,-16.4159,4.867,83.1649,123.0119,352.7496
31.16,-23.1263,-16.4273,4.8933,83.2413,122.588,352.2877
31.18,-23.1395,-16.435,4.924,83.3061,121.8306,351.5076
31.2,-23.1459,-16.436,4.9633,83.3722,120.866,350.5243
31.22,-23.1547,-16.4372,5.0037,83.445,119.9152,349.6287
31.24,-23.1661,-16.441,5.0946,83.5725,117.73,347.6335
31.26,-23.1696,-16.4395,5.1479,83.635,116.269,346.2859
31.28,-23.1709,-16.4359,5.2038,83.7095,114.6712,344.7605
31.3,-23.1742,-16.4473,5.2545,83.7399,113.3281,343.4817
31.32,-23.1768,-16.4443,5.3136,83.7961,111.3414,341.5301
31.34,-23.1759,-16.4524,5.431,83.8748,107.9034,338.1451
31.36,-23.1737,-16.4601,5.4848,83.8964,106.3769,336.6387
31.38,-23.1773,-16.4611,5.537,83.9317,104.6447,334.9423
31.4,-23.1737,-16.4702,5.5848,83.9331,103.3353,333.6611
31.42,-23.1728,-16.4721,5.6307,83.9417,101.8165,332.1995
31.44,-23.1651,-16.4835,5.7056,83.9333,99.4418,329.9245
31.46,-23.1639,-16.4915,5.7283,83.9162,98.7462,329.2543
31.48,-23.1564,-16.4934,5.7485,83.899,98.0038,328.5348
31.5,-23.1521,-16.498,5.7553,83.8757,97.7512,328.3398
31.52,-23.1435,-16.5,5.7548,83.8484,97.7131,328.3258
31.54,-23.136,-16.5139,5.7095,83.7842,99.1218,329.7977
31.56,-23.131,-16.5214,5.664,83.7423,100.3552,330.9955
31.58,-23.1223,-16.5294,5.6057,83.6876,102.1456,332.7386
31.6,-23.1187,-16.5389,5.5256,83.6214,104.5205,335.0382
31.62,-23.113,-16.5435,5.4274,83.5482,107.2951,337.6528
31.64,-23.1001,-16.5565,5.1651,83.2716,114.6151,344.2552
31.66,-23.0926,-16.5599,5.0005,83.0681,118.7666,348.0624
31.68,-23.0854,-16.5639,4.8121,82.7782,123.2575,352.3491
31.7,-23.0784,-16.5635,4.5974,82.4246,128.036,356.9158
31.72,-23.0706,-16.553,4.3603,81.9804,132.8539,1.3727
31.74,-23.0594,-16.4974,3.8156,80.8073,142.1338,9.6246
31.76,-23.054,-16.4554,3.5192,80.0795,146.1951,13.3545
31.78,-23.0472,-16.401,3.2205,79.3178,149.6832,16.6744
31.8,-23.0419,-16.3544,2.911,78.474,152.8045,19.8135
31.82,-23.0366,-16.3119,2.599,77.5845,155.523,22.5467
31.84,-23.0316,-16.2112,1.9796,75.717,159.5499,26.6666
31.86,-23.0294,-16.1424,1.6875,74.7958,160.9306,28.1837
31.88,-23.0257,-16.0654,1.4161,73.9128,162.0304,29.495
31.9,-23.0255,-15.991,1.1639,73.0753,162.9941,30.6866
31.92,-23.025,-15.9156,0.9412,72.3296,163.8844,31.6439
31.94,-23.0376,-15.7851,0.5883,71.1208,165.4044,32.7599
31.96,-23.0483,-15.7361,0.4741,70.7526,165.9855,33.1254
31.98,-23.0614,-15.7116,0.4035,70.5288,166.439,33.4451
32,-23.0765,-15.7035,0.3858,70.5018,166.825,33.7254
32.02,-23.0904,-15.7149,0.4191,70.6299,167.0791,33.8631
32.04,-23.1389,-15.7753,0.6731,71.5466,167.3036,33.878
32.06,-23.1673,-15.8215,0.8942,72.3002,167.0419,33.5594
32.08,-23.1969,-15.878,1.1854,73.2756,166.4612,32.9944
32.1,-23.2315,-15.9494,1.5406,74.4575,165.4758,32.0923
32.12,-23.2732,-16.0291,1.9591,75.8478,164.0784,30.7452
32.14,-23.3638,-16.2139,2.9687,79.0527,158.9544,25.6013
32.16,-23.4177,-16.3017,3.5475,80.8121,154.5434,21.2021
32.18,-23.4746,-16.38,4.1637,82.5835,147.5732,14.2732
32.2,-23.5318,-16.4403,4.8089,84.2421,136.0189,2.7265
32.22,-23.5892,-16.4782,5.4719,85.5255,116.1407,342.8505
32.24,-23.7171,-16.4805,6.8006,85.315,59.1565,285.7405
32.26,-23.7753,-16.4527,7.4441,83.9459,41.8405,268.2162
32.28,-23.8423,-16.4091,8.0552,82.2747,31.4423,257.4059
32.3,-23.9075,-16.3495,8.6337,80.6255,25.2752,251.0633
32.32,-23.9657,-16.2855,9.168,78.9909,21.2126,246.6496
32.34,-24.0699,-16.1241,10.0729,76.0636,16.5271,240.9083
32.36,-24.1124,-16.035,10.433,74.807,15.3563,239.3399
32.38,-24.1474,-15.9485,10.7226,73.8213,14.4472,238.1673
32.4,-24.1669,-15.8661,10.9474,73.0406,13.7376,237.4033
32.42,-24.1808,-15.8073,11.0969,72.5357,13.3321,237.0596
32.44,-24.1794,-15.7739,11.1893,72.2003,13.2046,237.3682
32.46,-24.1734,-15.7989,11.1331,72.3599,13.485,237.9103
32.48,-24.1514,-15.8587,10.9951,72.8116,14.2194,238.8909
32.5,-24.1197,-15.9468,10.7745,73.5132,15.3693,240.2631
32.52,-24.0896,-16.056,10.4875,74.4453,16.8184,241.9897
32.54,-24.0055,-16.3114,9.7197,76.948,20.9733,246.7061
32.56,-23.9663,-16.4495,9.2363,78.4975,23.8022,249.7666
32.58,-23.925,-16.5933,8.685,80.2093,28.3302,254.3599
32.6,-23.888,-16.7141,8.0769,81.9571,35.1218,261.2268
32.62,-23.8418,-16.8098,7.4235,83.6315,46.2558,272.4622
32.64,-23.7626,-16.9358,5.9869,85.5649,94.2418,321.1108
32.66,-23.734,-16.9458,5.2195,84.9139,123.6075,350.7917
32.68,-23.7009,-16.9079,4.4357,83.2783,143.0566,10.3857
32.7,-23.6729,-16.8181,3.6458,81.179,154.0198,21.5758
32.72,-23.6382,-16.6847,2.8655,78.8803,160.466,28.3847
32.74,-23.5652,-16.3217,1.3709,74.1843,167.4495,36.3435
32.76,-23.53,-16.0986,0.6726,71.8841,169.4684,38.7456
32.78,-23.4923,-15.8542,0.0237,69.6761,170.8727,40.4151
32.8,-23.4551,-15.6039,-0.5707,67.597,171.8136,41.6341
32.82,-23.4163,-15.3585,-1.1012,65.7055,172.4322,42.6697
32.84,-23.3446,-14.9321,-1.9729,62.5003,173.0809,44.2283
32.86,-23.3103,-14.755,-2.2992,61.2712,173.163,44.6991
32.88,-23.2822,-14.6036,-2.5515,60.2799,173.1945,45.0436
32.9,-23.2561,-14.4888,-2.7249,59.5923,173.1363,45.2799
32.92,-23.2352,-14.4173,-2.8237,59.1797,173.0423,45.4582
32.94,-23.2057,-14.4246,-2.8109,59.2371,172.8296,45.4581
32.96,-23.1959,-14.4974,-2.7094,59.6169,172.7053,45.1918
32.98,-23.1882,-14.6246,-2.5153,60.3773,172.5427,44.7898
33,-23.1834,-14.7767,-2.2664,61.3272,172.3039,44.2682
33.02,-23.1797,-14.9523,-1.9481,62.5113,171.9975,43.6291
33.04,-23.1701,-15.3519,-1.1053,65.5311,170.7912,41.9827
33.06,-23.1655,-15.5617,-0.5858,67.3418,169.818,40.9228
33.08,-23.1602,-15.7731,-0.007,69.3024,168.4495,39.482
33.1,-23.1541,-15.9849,0.6223,71.3711,166.625,37.5298
33.12,-23.1535,-16.1804,1.2985,73.5456,164.1267,34.8505
33.14,-23.1559,-16.5155,2.7612,77.9639,155.724,26.0041
33.16,-23.1666,-16.6285,3.5363,80.1215,148.3921,18.5779
33.18,-23.1811,-16.7106,4.3257,82.0321,137.0944,7.2781
33.2,-23.1996,-16.762,5.1187,83.4635,119.8969,350.1145
33.22,-23.2257,-16.7773,5.9097,84.0658,96.6043,326.9083
33.24,-23.2945,-16.7046,7.4359,82.3151,55.3106,285.9824
33.26,-23.3405,-16.6235,8.1499,80.6044,44.1521,275.1451
33.28,-23.3874,-16.503,8.8289,78.6277,36.6471,267.8867
33.3,-23.4405,-16.3696,9.4557,76.7332,31.6755,263.0748
33.32,-23.4882,-16.2075,10.0396,74.8675,28.1281,259.6165
33.34,-23.6052,-15.8681,11.0225,71.4805,23.3888,255.1267
33.36,-23.6426,-15.7158,11.428,70.1073,21.7826,253.5985
33.38,-23.6928,-15.5551,11.7632,68.9075,20.3752,252.2872
33.4,-23.7327,-15.4206,12.0295,67.9771,19.3284,251.2618
33.42,-23.7643,-15.3043,12.232,67.2381,18.5151,250.4221
33.44,-23.8046,-15.1754,12.441,66.4732,17.6699,249.5784
33.46,-23.8161,-15.1661,12.4509,66.4319,17.527,249.5223
33.48,-23.8089,-15.1843,12.4143,66.5615,17.6194,249.7089
33.5,-23.811,-15.2322,12.3128,66.9355,17.8109,250.0963
33.52,-23.806,-15.3264,12.1332,67.5652,18.2703,250.7604
33.54,-23.7694,-15.5769,11.6339,69.3632,19.9427,252.6075
33.56,-23.7444,-15.7423,11.2997,70.5716,21.2612,253.7964
33.58,-23.724,-15.9178,10.9151,71.9086,22.8346,255.0865
33.6,-23.6967,-16.1164,10.4736,73.4417,24.899,256.7111
33.62,-23.6696,-16.3069,9.9805,75.0805,27.5622,258.925
33.64,-23.6132,-16.6454,8.829,78.6692,35.9307,266.5034
33.66,-23.5872,-16.7759,8.1811,80.5045,42.9103,273.3057
33.68,-23.5648,-16.8711,7.4931,82.2516,53.125,283.3533
33.7,-23.5423,-16.9417,6.7724,83.6781,69.2668,299.3322
33.72,-23.5348,-16.9765,6.0207,84.4222,92.2328,322.1616
33.74,-23.5087,-16.9509,4.4898,82.7762,136.0841,6.0718
33.76,-23.5059,-16.8787,3.7209,80.987,148.3644,18.6909
33.78,-23.5017,-16.7625,2.9671,78.946,156.2237,26.8548
33.8,-23.4994,-16.5979,2.2327,76.7904,161.3004,32.143
33.82,-23.491,-16.4051,1.5297,74.5847,164.7085,35.8277
33.84,-23.4647,-15.9897,0.2407,70.4155,168.8261,41.2723
33.86,-23.4514,-15.7782,-0.3429,68.4728,170.1377,43.2041
33.88,-23.4311,-15.5627,-0.8709,66.6401,171.105,44.6699
33.9,-23.4081,-15.3404,-1.3401,64.9446,171.6273,45.5721
33.92,-23.3838,-15.1218,-1.7514,63.4491,171.9576,46.1484
33.94,-23.3251,-14.7218,-2.3785,61.0215,172.3151,46.9009
33.96,-23.2953,-14.5585,-2.601,60.1244,172.373,47.0173
33.98,-23.2633,-14.4341,-2.7627,59.4588,172.4124,47.032
34,-23.2333,-14.3518,-2.8671,59.0353,172.3907,46.9975
34.02,-23.1998,-14.3209,-2.9131,58.8176,172.2556,46.8414
34.04,-23.1414,-14.3765,-2.8423,59.0951,171.8908,46.322
34.06,-23.1073,-14.4712,-2.7062,59.6132,171.5354,45.7641
34.08,-23.0772,-14.5863,-2.5191,60.3113,171.121,45.0591
34.1,-23.047,-14.7259,-2.275,61.2022,170.6165,44.1912
34.12,-23.0182,-14.8879,-1.9799,62.2828,170.0237,43.1732
34.14,-22.9581,-15.2738,-1.2375,64.9144,168.4293,40.6279
34.16,-22.9299,-15.4813,-0.7947,66.4517,167.3646,39.0988
34.18,-22.9028,-15.6836,-0.3006,68.1287,166.0248,37.4409
34.2,-22.8726,-15.8763,0.2457,69.9085,164.2518,35.4877
34.22,-22.8491,-16.0465,0.8401,71.8123,161.902,33.1062
34.24,-22.8101,-16.3399,2.1491,75.7235,154.6362,25.6344
34.26,-22.8033,-16.4586,2.8512,77.6396,148.9014,19.7888
34.28,-22.8035,-16.5583,3.5779,79.453,140.8383,11.6464
34.3,-22.8152,-16.6499,4.313,80.9707,129.6928,0.4759
34.32,-22.8344,-16.7065,5.0645,82.0849,114.6197,345.4603
34.34,-22.9038,-16.7573,6.5559,82.1745,78.4382,309.7498
34.36,-22.9524,-16.7688,7.2696,81.2349,63.8518,295.0688
34.38,-23.0166,-16.749,7.956,79.9044,52.6003,283.3895
34.4,-23.0935,-16.6967,8.6112,78.2323,44.6061,275.0053
34.42,-23.1624,-16.6284,9.2359,76.6224,38.7493,268.8579
34.44,-23.3155,-16.4508,10.3378,73.5987,30.6745,260.0574
34.46,-23.3885,-16.34,10.8124,72.2443,27.9336,257.0136
34.48,-23.458,-16.2205,11.2265,71.0643,25.6262,254.4991
34.5,-23.522,-16.0782,11.5862,69.9542,23.7756,252.5656
34.52,-23.583,-15.9535,11.8768,69.0632,22.2706,251.0235
34.54,-23.6678,-15.7579,12.269,67.7647,20.5422,249.4351
34.56,-23.6957,-15.7006,12.3734,67.3992,20.1279,249.1285
34.58,-23.7111,-15.6859,12.4166,67.2426,20.0496,249.2297
34.6,-23.7261,-15.7088,12.3957,67.304,20.0697,249.5278
34.62,-23.7347,-15.7439,12.3271,67.5434,20.3042,250.1699
34.64,-23.7308,-15.9205,11.9586,68.6861,21.568,252.3149
34.66,-23.6916,-16.058,11.6909,69.6276,22.8151,253.827
34.68,-23.6716,-16.1932,11.3552,70.6994,24.2523,255.511
34.7,-23.6511,-16.3292,10.9625,71.9317,25.9324,257.3989
34.72,-23.6131,-16.4675,10.5237,73.3186,28.048,259.6627
34.74,-23.5624,-16.7544,9.4803,76.4665,34.0373,266.5909
34.76,-23.5442,-16.8899,8.8847,78.1834,38.3596,271.4462
34.78,-23.5248,-17.0103,8.242,80.0136,44.5652,277.9277
34.8,-23.5054,-17.0909,7.5623,81.7277,53.9744,287.2309
34.82,-23.5075,-17.13,6.8359,83.0853,68.4104,301.531
34.84,-23.5082,-17.1301,5.3395,83.6822,111.1162,344.6894
34.86,-23.5221,-17.0965,4.5675,82.6942,130.2174,4.2404
34.88,-23.5297,-17.0231,3.8021,81.112,143.8692,18.1096
34.9,-23.557,-16.8978,3.0368,79.231,153.0495,27.4734
34.92,-23.5637,-16.7463,2.3004,77.1339,158.9872,33.5651
34.94,-23.5852,-16.3527,0.9102,72.8914,166.3556,41.6605
34.96,-23.5883,-16.1193,0.2708,70.8041,168.524,43.8504
34.98,-23.5877,-15.856,-0.318,68.8113,169.9869,45.176
35,-23.5861,-15.5758,-0.855,66.9374,171.0672,46.1503
35.02,-23.5735,-15.2972,-1.336,65.2012,171.8695,46.9332
35.04,-23.5382,-14.7798,-2.1333,62.1818,172.8382,47.8638
35.06,-23.5175,-14.5494,-2.4528,60.9198,173.2482,48.1016
35.08,-23.4898,-14.3521,-2.7164,59.8553,173.4305,48.0047
35.1,-23.4608,-14.1882,-2.9278,58.9902,173.4845,47.8193
35.12,-23.4263,-14.0618,-3.0798,58.3645,173.4646,47.6203
35.14,-23.3405,-13.9445,-3.2209,57.7439,173.0897,47.0705
35.16,-23.2978,-13.9406,-3.2101,57.7776,172.805,46.7432
35.18,-23.254,-13.9732,-3.1495,57.9932,172.4601,46.3682
35.2,-23.1977,-14.0546,-3.0183,58.4802,171.9793,45.8768
35.22,-23.1462,-14.1675,-2.8432,59.1341,171.4901,45.3454
35.24,-23.0444,-14.4829,-2.3417,60.9947,170.2529,43.9405
35.26,-22.9921,-14.6771,-2.0148,62.1587,169.4641,42.966
35.28,-22.9453,-14.8755,-1.6355,63.5076,168.42,41.747
35.3,-22.8991,-15.0762,-1.2014,65.0252,167.0918,40.3111
35.32,-22.8499,-15.2768,-0.7103,66.6652,165.4821,38.6286
35.34,-22.7769,-15.6558,0.4075,70.2879,161.0722,34.1798
35.36,-22.7442,-15.8447,1.0255,72.1537,158.0176,30.9362
35.38,-22.7226,-16.0169,1.6812,74.0798,154.0764,26.8102
35.4,-22.7083,-16.179,2.3698,76.0111,148.8296,21.529
35.42,-22.6997,-16.3273,3.0892,77.7932,141.7909,14.6146
35.44,-22.7155,-16.5804,4.5823,80.6779,119.9004,353.3677
35.46,-22.7458,-16.6727,5.3455,81.4301,104.4277,338.3209
35.48,-22.787,-16.7616,6.1,81.4651,87.9227,322.2492
35.5,-22.8371,-16.8288,6.8514,80.7905,72.6518,307.3293
35.52,-22.9023,-16.8611,7.5863,79.6869,60.0708,295.1514
35.54,-23.0472,-16.836,8.9882,76.6777,43.8667,279.8677
35.56,-23.1506,-16.7535,9.6314,74.9772,38.4171,274.7117
35.58,-23.2485,-16.6584,10.2278,73.4034,34.3289,270.6621
35.6,-23.3603,-16.5255,10.7808,71.8828,30.8973,267.2987
35.62,-23.4592,-16.3843,11.2863,70.4749,28.0551,264.4019
35.64,-23.6707,-16.1018,12.1274,68.0352,23.7852,260.1447
35.66,-23.7569,-15.9676,12.4696,67.0647,22.1681,258.4218
35.68,-23.8481,-15.839,12.747,66.2145,20.8521,257.0127
35.7,-23.9322,-15.7365,12.96,65.547,19.8476,255.8047
35.72,-23.9885,-15.6564,13.119,65.0613,19.155,254.8885
35.74,-24.0925,-15.5782,13.27,64.6506,18.101,253.6771
35.76,-24.1257,-15.5832,13.2663,64.7016,17.7818,253.3382
35.78,-24.1533,-15.6427,13.2089,64.9945,17.6901,253.2993
35.8,-24.1635,-15.7433,13.0858,65.5035,17.8989,253.5441
35.82,-24.1794,-15.8539,12.9032,66.1673,18.2428,253.931
35.84,-24.1548,-16.1445,12.3643,68.0705,19.7753,255.6118
35.86,-24.1284,-16.3153,12.0127,69.2719,20.9009,256.9598
35.88,-24.1034,-16.4922,11.6016,70.6194,22.1188,258.5176
35.9,-24.0608,-16.6825,11.1413,72.1293,23.8708,260.604
35.92,-24.0242,-16.8627,10.6267,73.7517,26.1211,263.2526
35.94,-23.9449,-17.24,9.4409,77.2195,33.7544,271.8264
35.96,-23.8877,-17.4093,8.7916,78.9215,39.8205,278.3714
35.98,-23.8548,-17.5505,8.0822,80.5776,48.3558,287.2683
36,-23.8078,-17.6436,7.3422,81.955,60.8036,299.9219
36.02,-23.7709,-17.6986,6.5678,82.9167,77.774,317.3234
36.04,-23.6971,-17.7024,4.9839,82.6616,117.4351,358.5081
36.06,-23.6664,-17.6576,4.1775,81.446,134.0923,15.8867
36.08,-23.6293,-17.5596,3.3826,79.6996,145.2796,27.5334
36.1,-23.5998,-17.4056,2.6026,77.7132,152.4402,35.0494
36.12,-23.5663,-17.2167,1.8491,75.6079,157.1908,40.2178
36.14,-23.488,-16.7675,0.456,71.4196,163.0784,47.3655
36.16,-23.4466,-16.5134,-0.1731,69.3995,164.9367,49.7109
36.18,-23.4052,-16.2492,-0.7569,67.4456,166.2719,51.3475
36.2,-23.3592,-15.9746,-1.2813,65.639,167.0706,52.2974
36.22,-23.3083,-15.7,-1.7425,63.9859,167.6469,53.0123
36.24,-23.2068,-15.2004,-2.4962,61.1507,168.2801,53.7906
36.26,-23.1534,-14.986,-2.7827,60.0229,168.432,53.9732
36.28,-23.0998,-14.8047,-3.0136,59.1141,168.408,53.8732
36.3,-23.0447,-14.6637,-3.1882,58.3411,168.358,53.8137
36.32,-22.9884,-14.5642,-3.3057,57.8444,168.3397,53.8379
36.34,-22.8756,-14.5019,-3.3762,57.4773,167.8667,53.6641
36.36,-22.8235,-14.5336,-3.3353,57.6183,167.5435,53.4671
36.38,-22.7637,-14.6108,-3.2327,57.9681,167.0154,53.0084
36.4,-22.709,-14.7247,-3.0732,58.5557,166.371,52.3982
36.42,-22.656,-14.8679,-2.8605,59.3085,165.6478,51.6876
36.44,-22.5582,-15.2215,-2.263,61.3868,163.8474,49.7835
36.46,-22.5143,-15.4189,-1.8782,62.6706,162.7164,48.453
36.48,-22.4753,-15.6166,-1.4335,64.1274,161.3572,46.7774
36.5,-22.44,-15.8135,-0.9302,65.7202,159.744,44.7353
36.52,-22.4117,-16.0064,-0.3761,67.4238,157.7121,42.1997
36.54,-22.3775,-16.3715,0.8849,71.1441,152.1105,35.5104
36.56,-22.3744,-16.5453,1.5763,73.057,148.0974,30.9547
36.58,-22.3859,-16.7072,2.2987,74.9448,142.9377,25.2498
36.6,-22.4024,-16.8523,3.056,76.7298,136.0048,17.9557
36.62,-22.4314,-16.9816,3.8338,78.2383,126.901,8.7019
36.64,-22.5249,-17.1636,5.4319,80.0819,100.6832,342.732
36.66,-22.6026,-17.2003,6.227,80.038,85.7475,328.1155
36.68,-22.6863,-17.1923,7.0151,79.4235,71.835,314.4104
36.7,-22.7899,-17.1389,7.7772,78.3977,60.2573,302.8926
36.72,-22.9013,-17.0472,8.5143,76.9189,51.1343,293.7833
36.74,-23.1523,-16.8001,9.8761,73.861,38.3206,281.1198
36.76,-23.2853,-16.6613,10.4887,72.3368,33.8082,276.7021
36.78,-23.4102,-16.5227,11.0486,70.8463,30.3966,273.3061
36.8,-23.5445,-16.3702,11.546,69.4711,27.6295,270.5276
36.82,-23.6728,-16.2124,11.9803,68.1621,25.4295,268.143
36.84,-23.8914,-15.9252,12.6518,66.145,22.2561,264.2575
36.86,-23.9844,-15.8002,12.8896,65.4392,20.9282,262.5408
36.88,-24.0722,-15.706,13.0614,64.9671,19.7833,261.0497
36.9,-24.1342,-15.6436,13.175,64.6908,18.8908,259.8147
36.92,-24.1892,-15.6275,13.2214,64.6378,18.3127,258.9719
36.94,-24.2533,-15.6959,13.1514,65.0413,17.9036,258.3468
36.96,-24.27,-15.802,13.0079,65.5961,18.0839,258.5425
36.98,-24.2697,-15.9283,12.8078,66.3471,18.5438,259.0128
37,-24.26,-16.0848,12.5426,67.3448,19.2767,259.6895
37.02,-24.2371,-16.2475,12.2167,68.474,20.2851,260.5855
37.04,-24.1652,-16.6428,11.398,71.2133,23.5329,263.9077
37.06,-24.1209,-16.8533,10.9114,72.7155,25.7281,266.5136
37.08,-24.0707,-17.0793,10.3592,74.3871,28.7352,270.105
37.1,-24.01,-17.2765,9.757,76.1039,32.7963,274.6888
37.12,-23.9572,-17.4412,9.0914,77.8726,38.2441,280.674
37.14,-23.8288,-17.6721,7.6348,81.0488,56.7331,300.3835
37.16,-23.7689,-17.7333,6.8544,82.1393,71.3812,315.7359
37.18,-23.6972,-17.7715,6.0517,82.6276,90.1147,335.1225
37.2,-23.6386,-17.7629,5.2306,82.3376,109.3627,355.0173
37.22,-23.5746,-17.7064,4.4056,81.2691,125.8,11.9468
37.24,-23.4487,-17.4531,2.7776,77.7477,146.3838,33.366
37.26,-23.3869,-17.2679,1.9911,75.6743,152.2912,39.5822
37.28,-23.3168,-17.0506,1.2409,73.5325,156.5891,44.0729
37.3,-23.2487,-16.81,0.5273,71.3756,159.4698,47.1661
37.32,-23.1762,-16.5511,-0.1379,69.2818,161.4465,49.3671
37.34,-23.0274,-16.0075,-1.3094,65.3521,163.8458,52.3014
37.36,-22.949,-15.7323,-1.8038,63.5713,164.4949,53.1827
37.38,-22.8705,-15.4619,-2.2358,61.9629,164.8909,53.6975
37.4,-22.7916,-15.2012,-2.6012,60.5435,165.0055,53.757
37.42,-22.7125,-14.9612,-2.9026,59.3031,165.0856,53.5676
37.44,-22.556,-14.5796,-3.3154,57.5307,164.8435,52.7557
37.46,-22.4753,-14.4565,-3.4304,56.9772,164.6381,52.3251
37.48,-22.3958,-14.3814,-3.4877,56.6691,164.2653,51.8059
37.5,-22.3168,-14.3601,-3.4884,56.57,163.8853,51.3954
37.52,-22.2446,-14.3851,-3.4375,56.6856,163.4427,50.9192
37.54,-22.0909,-14.5665,-3.1357,57.6416,161.9949,49.2158
37.56,-22.0253,-14.7006,-2.8898,58.4593,161.0378,48.1406
37.58,-21.9657,-14.8605,-2.5771,59.48,159.9059,46.9209
37.6,-21.9143,-15.0416,-2.201,60.6989,158.5997,45.5073
37.62,-21.8727,-15.2404,-1.7652,62.0764,157.1162,43.7369
37.64,-21.8264,-15.6642,-0.7233,65.2936,153.3601,38.6999
37.66,-21.8202,-15.8833,-0.1184,67.1001,150.9121,35.4714
37.68,-21.8293,-16.1021,0.5352,69.0015,147.9566,31.7437
37.7,-21.8547,-16.3166,1.2322,70.9484,144.3168,27.3422
37.72,-21.8929,-16.5182,1.9725,72.9171,139.7445,22.0849
37.74,-22.0257,-16.865,3.5455,76.4606,125.8391,7.004
37.76,-22.1163,-17.008,4.3664,77.8982,116.0461,356.8315
37.78,-22.2266,-17.1216,5.1989,78.8098,103.6545,344.2706
37.8,-22.3543,-17.203,6.034,79.1434,89.8482,330.4323
37.82,-22.4974,-17.2448,6.8638,78.8935,76.1012,316.6822
37.84,-22.8196,-17.2473,8.46,76.8404,54.31,295.2306
37.86,-22.9958,-17.1994,9.2135,75.3934,46.4921,287.5992
37.88,-23.1704,-17.1309,9.9256,73.9129,40.4229,281.7598
37.9,-23.3518,-17.0266,10.593,72.5506,35.0821,276.5447
37.92,-23.527,-16.9153,11.2025,71.0229,30.5285,271.9133
37.94,-23.8698,-16.6286,12.2701,68.2589,24.1257,265.9275
37.96,-24.0302,-16.4834,12.7072,67.156,21.7674,263.5339
37.98,-24.1711,-16.3203,13.0934,65.9407,20.2615,262.1208
38,-24.3086,-16.1734,13.4056,65.0894,18.5674,260.2611
38.02,-24.4277,-16.0267,13.6577,64.3139,17.1844,258.7045
38.04,-24.6058,-15.8311,13.9808,63.393,15.2458,256.398
38.06,-24.6796,-15.7848,14.0475,63.2259,14.491,255.5326
38.08,-24.7283,-15.7716,14.0677,63.2164,14.0119,255.012
38.1,-24.7728,-15.7957,14.0288,63.4028,13.6846,254.7787
38.12,-24.81,-15.8479,13.9347,63.7532,13.5198,254.7795
38.14,-24.8293,-16.0675,13.5523,65.1882,13.7662,255.2228
38.16,-24.8154,-16.2136,13.2766,66.2109,14.0414,255.5109
38.18,-24.808,-16.3603,12.9486,67.3856,14.0639,255.5849
38.2,-24.7814,-16.5197,12.5663,68.6433,14.6957,256.1295
38.22,-24.7473,-16.6973,12.1273,70.1046,15.655,256.9398
38.24,-24.6715,-17.021,11.1031,73.4742,17.6296,258.573
38.26,-24.6268,-17.1551,10.5205,75.3022,19.3148,260.094
38.28,-24.5722,-17.2675,9.8921,77.1888,22.2305,262.7203
38.3,-24.5282,-17.3421,9.2251,79.1727,25.7988,266.1266
38.32,-24.4773,-17.3998,8.5225,81.3128,31.0608,271.2391
38.34,-24.3758,-17.4666,7.0564,84.7463,56.9286,297.0836
38.36,-24.3222,-17.4953,6.3139,85.6346,82.7655,323.4223
38.38,-24.2827,-17.5278,5.5515,85.3854,113.4601,354.6717
38.4,-24.2396,-17.531,4.7892,84.0867,135.4146,16.6605
38.42,-24.1964,-17.498,4.0359,82.282,148.1227,29.3464
38.44,-24.1003,-17.3261,2.5971,78.2859,160.9324,42.4868
38.46,-24.0475,-17.195,1.9176,76.2639,164.1953,45.9453
38.48,-23.9905,-17.0135,1.2864,74.34,166.5866,48.5001
38.5,-23.931,-16.797,0.6953,72.4161,168.3687,50.2464
38.52,-23.8668,-16.5491,0.16,70.6661,169.6811,51.3634
38.54,-23.7283,-16.0073,-0.7447,67.4715,170.7327,52.0557
38.56,-23.6529,-15.749,-1.1077,66.0724,171.0906,52.3977
38.58,-23.5825,-15.5203,-1.4217,64.8065,171.3691,52.7782
38.6,-23.5128,-15.3347,-1.6812,63.7155,171.5001,52.9385
38.62,-23.4472,-15.1975,-1.8899,62.8708,171.5153,52.8176
38.64,-23.3332,-15.0591,-2.1319,61.9377,171.2357,52.0654
38.66,-23.2845,-15.0412,-2.1549,61.8606,170.961,51.5097
38.68,-23.2399,-15.0585,-2.1125,61.9851,170.6007,50.8605
38.7,-23.1996,-15.1007,-2.0015,62.3909,170.1396,50.0571
38.72,-23.1599,-15.185,-1.8061,63.0188,169.6608,49.2219
38.74,-23.1041,-15.435,-1.2431,64.9556,168.4786,47.1511
38.76,-23.0841,-15.5922,-0.8647,66.2532,167.6251,45.7317
38.78,-23.0672,-15.762,-0.4203,67.7567,166.5007,44.0946
38.8,-23.0551,-15.9428,0.0826,69.4136,165.1066,42.2683
38.82,-23.0462,-16.129,0.6413,71.2117,163.3283,40.0205
38.84,-23.0483,-16.4911,1.8997,75.1164,157.9488,33.7473
38.86,-23.0504,-16.655,2.5919,77.133,153.6133,29.0196
38.88,-23.0588,-16.7988,3.3102,79.0899,147.3982,22.4785
38.9,-23.0739,-16.902,4.0559,80.9211,138.1676,13.0941
38.92,-23.0995,-16.9709,4.8132,82.4257,124.6386,359.5333
38.94,-23.1494,-17.0279,6.3368,83.2957,85.1295,320.0745
38.96,-23.1861,-17.0188,7.0817,82.5403,66.7236,301.8083
38.98,-23.2387,-16.9784,7.8013,81.2192,52.8653,288.0875
39,-23.2928,-16.9194,8.491,79.5788,43.447,278.8635
39.02,-23.353,-16.8283,9.1447,77.8518,36.773,272.4326
39.04,-23.4835,-16.592,10.2969,74.4667,28.5562,264.4185
39.06,-23.5456,-16.4481,10.7878,72.9478,25.9489,261.8456
39.08,-23.6091,-16.2939,11.2168,71.5856,23.8355,259.7526
39.1,-23.6689,-16.1333,11.5837,70.3877,22.017,258.0022
39.12,-23.7303,-15.9894,11.8837,69.405,20.5523,256.7042
39.14,-23.826,-15.7799,12.2907,68.0421,18.5765,255.0315
39.16,-23.8658,-15.711,12.3997,67.6378,18.021,254.5218
39.18,-23.8939,-15.6878,12.4436,67.5124,17.7097,254.281
39.2,-23.9167,-15.6866,12.4327,67.5567,17.5768,254.2464
39.22,-23.9356,-15.721,12.3674,67.7901,17.6173,254.4762
39.24,-23.9559,-15.9005,12.0466,68.9873,18.2905,255.6189
39.26,-23.9558,-16.03,11.8026,69.8907,19.0059,256.3207
39.28,-23.9491,-16.1791,11.4973,70.9508,20.0819,257.3242
39.3,-23.9345,-16.3332,11.1389,72.1737,21.4557,258.6582
39.32,-23.9256,-16.5085,10.725,73.5517,23.1781,260.5774
39.34,-23.8874,-16.8747,9.7366,76.7987,28.0681,265.8331
39.36,-23.8609,-17.0267,9.1628,78.5419,32.225,269.9207
39.38,-23.8429,-17.1439,8.5376,80.2839,38.1994,275.8821
39.4,-23.8275,-17.2411,7.8738,81.9554,46.9543,284.9459
39.42,-23.8003,-17.3308,7.1841,83.4306,60.552,299.1154
39.44,-23.7845,-17.3682,5.7053,84.7014,106.4458,345.2297
39.46,-23.7694,-17.2928,4.944,83.7509,128.9441,6.9482
39.48,-23.7667,-17.1501,4.1816,82.1751,144.043,21.2293
39.5,-23.7601,-16.9704,3.4369,80.2753,153.5592,30.202
39.52,-23.7474,-16.7752,2.7223,78.2655,159.86,36.1602
39.54,-23.732,-16.3757,1.3779,74.1327,167.4998,43.037
39.56,-23.7281,-16.1756,0.7665,72.2242,170.1354,45.2368
39.58,-23.7191,-15.9836,0.2126,70.3732,171.9811,46.7942
39.6,-23.7066,-15.8,-0.2805,68.7009,172.9713,47.6557
39.62,-23.6952,-15.6257,-0.7087,67.2473,173.7644,48.6044
39.64,-23.6705,-15.3038,-1.3492,64.9183,174.352,49.5126
39.66,-23.6613,-15.1725,-1.5623,64.1356,174.559,49.6659
39.68,-23.6504,-15.0803,-1.6988,63.5533,174.327,49.9092
39.7,-23.6427,-15.0309,-1.7654,63.3118,174.3255,50.1956
39.72,-23.6431,-15.0309,-1.7697,63.2896,174.1818,50.2733
39.74,-23.6498,-15.1468,-1.5793,63.9812,173.8483,49.9045
39.76,-23.6554,-15.2548,-1.3753,64.733,173.5446,49.4943
39.78,-23.6649,-15.3746,-1.1095,65.6878,173.2042,49.0952
39.8,-23.6752,-15.5144,-0.7822,66.8556,172.7982,48.7149
39.82,-23.6828,-15.675,-0.3956,68.1841,172.1814,48.1443
39.84,-23.7062,-15.997,0.5422,71.3607,170.378,46.0574
39.86,-23.7159,-16.1601,1.0876,73.1391,168.7877,44.1622
39.88,-23.7292,-16.3108,1.6848,75.0799,166.7303,41.9614
39.9,-23.7411,-16.459,2.3235,77.089,163.8255,39.0479
39.92,-23.7593,-16.5863,2.9969,79.1709,159.7968,35.0726
39.94,-23.7899,-16.7898,4.4277,83.0881,143.6159,18.7499
39.96,-23.8124,-16.8539,5.1664,84.6535,126.6687,1.7056
39.98,-23.8394,-16.8929,5.9111,85.4762,100.0247,335.0865
40,-23.8707,-16.9104,6.6508,85.1403,70.9674,306.1229
40.02,-23.904,-16.8836,7.3855,83.8388,49.8229,285.1496
40.04,-23.958,-16.7776,8.7673,80.2467,30.4523,266.1758
40.06,-23.9892,-16.6763,9.4061,78.3296,25.5163,261.42
40.08,-24.0295,-16.5553,9.996,76.3815,22.4354,258.7037
40.1,-24.0645,-16.4206,10.5376,74.5122,20.6292,257.2182
40.12,-24.0846,-16.2774,11.0213,72.8825,19.1438,255.8807
40.14,-24.1292,-16.0033,11.7844,70.2225,17.0307,254.034
40.16,-24.1435,-15.8704,12.0569,69.1791,16.5587,253.6127
40.18,-24.1403,-15.7638,12.2615,68.4457,16.1403,253.1709
40.2,-24.1303,-15.6828,12.3975,67.9283,15.9782,252.9428
40.22,-24.1257,-15.6269,12.4658,67.6196,15.8529,252.8329
40.24,-24.0761,-15.6695,12.4194,67.7558,16.3264,253.5108
40.26,-24.0347,-15.7486,12.2943,68.193,16.9362,254.2087
40.28,-24.005,-15.8478,12.0849,68.8492,17.7725,255.1388
40.3,-23.9512,-15.9625,11.8291,69.701,18.9046,256.3588
40.32,-23.9034,-16.0924,11.5071,70.7196,20.322,257.9692
40.34,-23.7843,-16.4021,10.7031,73.3223,24.2943,262.2237
40.36,-23.7275,-16.5651,10.2213,74.794,27.1614,265.1269
40.38,-23.6582,-16.7322,9.6947,76.3606,30.9884,268.9267
40.4,-23.604,-16.8924,9.1194,77.9616,35.9982,274.1675
40.42,-23.5386,-17.0468,8.5128,79.5155,42.699,281.4532
40.44,-23.4426,-17.2759,7.1856,82.2924,64.3729,304.4391
40.46,-23.4046,-17.3145,6.4706,82.9894,81.415,321.5649
40.48,-23.3649,-17.3031,5.7385,82.9778,100.6633,340.7375
40.5,-23.3363,-17.2477,4.9966,82.251,118.1508,358.2824
40.52,-23.3133,-17.163,4.2597,81.0222,131.8665,12.1958
40.54,-23.2805,-16.9127,2.8108,77.6448,150.0671,30.4171
40.56,-23.2722,-16.7423,2.1165,75.7048,155.6553,35.8452
40.58,-23.2701,-16.5397,1.4563,73.7804,159.5251,39.509
40.6,-23.2652,-16.3189,0.839,71.8794,162.3959,42.2236
40.62,-23.2627,-16.0853,0.2681,70.0656,164.6319,44.3648
40.64,-23.2548,-15.6236,-0.726,66.7207,167.5593,47.5216
40.66,-23.2476,-15.4064,-1.1419,65.2377,168.5543,48.7369
40.68,-23.2418,-15.2044,-1.5037,63.9221,169.2248,49.6106
40.7,-23.2374,-15.018,-1.8068,62.8044,169.615,50.241
40.72,-23.2289,-14.8577,-2.0473,61.8781,169.7595,50.6285
40.74,-23.2174,-14.6267,-2.3528,60.6793,169.7594,51.0907
40.76,-23.2141,-14.5643,-2.4169,60.3992,169.7766,51.3051
40.78,-23.2108,-14.5415,-2.4222,60.3695,169.7718,51.3283
40.8,-23.2095,-14.5567,-2.374,60.5275,169.6894,51.2
40.82,-23.2101,-14.6061,-2.2657,60.9277,169.55,50.9323
40.84,-23.2149,-14.818,-1.8568,62.4408,169.0522,49.9848
40.86,-23.2189,-14.9668,-1.571,63.48,168.5976,49.2838
40.88,-23.2223,-15.1391,-1.2294,64.7036,168.0448,48.5036
40.9,-23.2265,-15.3312,-0.8363,66.0854,167.2987,47.5179
40.92,-23.2292,-15.5356,-0.3918,67.6091,166.3382,46.2619
40.94,-23.24,-15.9378,0.6346,70.9946,163.4698,42.7291
40.96,-23.2412,-16.1285,1.211,72.8117,161.2121,40.0954
40.98,-23.2459,-16.2947,1.8261,74.6992,158.146,36.6363
41,-23.25,-16.4461,2.4699,76.5811,153.9397,32.1062
41.02,-23.2575,-16.5666,3.1438,78.4431,148.3256,26.3759
41.04,-23.2775,-16.7471,4.5482,81.7299,129.3379,7.4987
41.06,-23.2997,-16.7964,5.2644,82.8226,113.6933,352.023
41.08,-23.3136,-16.842,5.981,83.214,94.9759,333.5062
41.1,-23.3503,-16.8444,6.6915,82.8617,75.4289,314.3203
41.12,-23.3796,-16.8394,7.3911,81.8518,60.1448,299.4555
41.14,-23.4849,-16.7488,8.7161,78.7846,40.9019,280.951
41.16,-23.5339,-16.7002,9.3367,77.1006,35.3935,275.7949
41.18,-23.5962,-16.6316,9.9212,75.4065,31.3155,272.087
41.2,-23.6628,-16.557,10.4627,73.7441,28.363,269.4452
41.22,-23.7292,-16.4896,10.947,72.2556,26.2136,267.6176
41.24,-23.8588,-16.2801,11.742,69.7784,23.0396,264.7537
41.26,-23.9267,-16.1438,12.035,68.7689,21.8348,263.3437
41.28,-23.9651,-16.0404,12.2592,68.0476,20.9919,262.1631
41.3,-24.013,-15.9431,12.4194,67.57,20.0253,260.8813
41.32,-24.0484,-15.8865,12.5161,67.2903,19.3228,259.8084
41.34,-24.0938,-15.883,12.5379,67.3292,18.5438,258.3946
41.36,-24.1075,-15.9389,12.4626,67.6451,18.4632,258.1682
41.38,-24.1068,-16.0427,12.3073,68.2417,18.7303,258.363
41.4,-24.1059,-16.1496,12.0976,69.0127,19.1888,258.858
41.42,-24.1026,-16.2791,11.8227,69.9537,19.916,259.652
41.44,-24.0549,-16.6125,11.095,72.4173,22.9999,263.0955
41.46,-24.0377,-16.783,10.6462,73.7982,25.1753,265.7296
41.48,-24.0046,-16.9615,10.1514,75.3146,28.0436,269.1857
41.5,-23.9777,-17.1365,9.5961,76.9256,31.8447,273.6672
41.52,-23.9433,-17.2815,8.9988,78.5747,36.9576,279.3996
41.54,-23.8882,-17.5016,7.6576,81.7254,54.4706,297.8593
41.56,-23.851,-17.5769,6.9389,82.8807,69.3401,313.146
41.58,-23.8277,-17.6022,6.2006,83.502,88.0014,332.3485
41.6,-23.8063,-17.6066,5.4405,83.3592,108.8165,353.687
41.62,-23.7809,-17.5657,4.678,82.4385,126.7312,12.015
41.64,-23.7234,-17.379,3.1625,79.0929,148.786,34.3016
41.66,-23.6929,-17.2425,2.4243,77.0781,154.9476,40.2782
41.68,-23.6662,-17.0691,1.7148,75.0522,159.3517,44.4659
41.7,-23.6323,-16.8765,1.0422,73.0221,162.4949,47.4602
41.72,-23.594,-16.6591,0.4161,71.05,164.8712,49.8252
41.74,-23.503,-16.1658,-0.6749,67.3994,167.9119,53.0068
41.76,-23.4521,-15.9003,-1.1322,65.7469,168.7375,53.8481
41.78,-23.3941,-15.6375,-1.5255,64.286,169.15,54.1857
41.8,-23.3326,-15.3958,-1.8569,62.9852,169.3426,54.3893
41.82,-23.2693,-15.186,-2.1263,61.8854,169.3433,54.4986
41.84,-23.146,-14.9063,-2.4933,60.3924,169.0544,54.3312
41.86,-23.0867,-14.8414,-2.5862,60.0237,168.8171,54.1083
41.88,-23.0281,-14.8243,-2.6109,59.8903,168.4643,53.7934
41.9,-22.9778,-14.8406,-2.57,60.0063,168.0514,53.4075
41.92,-22.9256,-14.8872,-2.4528,60.3987,167.4569,52.848
41.94,-22.8322,-15.0864,-1.9752,62.0026,165.7689,51.4919
41.96,-22.7978,-15.2312,-1.6399,63.1418,164.6899,50.5211
41.98,-22.7693,-15.4073,-1.2429,64.4605,163.3986,49.1462
42,-22.7476,-15.6002,-0.7835,65.9684,161.8828,47.4261
42.02,-22.7338,-15.807,-0.2679,67.6163,160.0543,45.3886
42.04,-22.7283,-16.2302,0.9252,71.2881,155.0956,40.0039
42.06,-22.7366,-16.4327,1.5919,73.2389,151.6266,36.2998
42.08,-22.7569,-16.6231,2.2912,75.1859,147.0843,31.5261
42.1,-22.7864,-16.7905,3.0216,77.0703,141.0513,25.1945
42.12,-22.8235,-16.9323,3.776,78.8252,132.8582,16.7835
42.14,-22.9289,-17.1296,5.3249,81.2176,107.2818,351.0292
42.16,-23.0022,-17.1819,6.0987,81.5097,90.602,334.4019
42.18,-23.0818,-17.2037,6.8632,81.0952,74.486,318.4314
42.2,-23.1715,-17.1845,7.6071,80.109,60.9606,305.1208
42.22,-23.2696,-17.1192,8.324,78.6685,50.6731,295.0163
42.24,-23.4732,-16.8811,9.6499,75.561,36.9616,281.4774
42.26,-23.5814,-16.7399,10.2352,73.9632,32.6132,277.1508
42.28,-23.6961,-16.5844,10.7681,72.4938,29.2036,273.7533
42.3,-23.8005,-16.4468,11.238,71.0846,26.4028,270.6703
42.32,-23.898,-16.3121,11.6487,69.8433,24.2066,268.2131
42.34,-24.0871,-16.0635,12.2609,67.9363,21.0824,264.4594
42.36,-24.1661,-15.9791,12.459,67.4135,19.8131,262.8861
42.38,-24.2208,-15.914,12.5912,67.0576,18.9325,261.6562
42.4,-24.2793,-15.8787,12.6527,66.942,18.1496,260.6137
42.42,-24.3171,-15.8878,12.6482,67.0569,17.7179,259.9592
42.44,-24.3667,-16.0117,12.4499,67.8878,17.5492,259.4709
42.46,-24.3703,-16.1484,12.2418,68.684,18.0736,259.8719
42.48,-24.3695,-16.2878,11.9751,69.6533,18.6716,260.4156
42.5,-24.353,-16.4425,11.6485,70.7747,19.7357,261.5358
42.52,-24.3433,-16.6187,11.2506,72.1253,21.0971,263.1559
42.54,-24.2772,-16.9709,10.2962,75.1443,25.5969,268.3461
42.56,-24.2373,-17.1488,9.7348,76.7833,29.2396,272.4987
42.58,-24.1983,-17.3066,9.1268,78.4706,34.0505,278.0089
42.6,-24.154,-17.455,8.4705,80.1497,41.0214,285.8124
42.62,-24.1054,-17.5574,7.7794,81.6726,50.8103,296.4581
42.64,-24.0018,-17.6459,6.294,83.5188,84.2894,331.6021
42.66,-23.9493,-17.6149,5.5213,83.3648,105.3354,353.2735
42.68,-23.8984,-17.539,4.7348,82.4211,123.5595,12.0097
42.7,-23.8451,-17.4195,3.9573,80.9347,136.643,25.5317
42.72,-23.7928,-17.2678,3.1893,79.1419,146.2018,35.5132
42.74,-23.6791,-16.8848,1.7042,75.0026,157.5046,46.6796
42.76,-23.6177,-16.6547,1.0073,72.8517,160.7636,49.3638
42.78,-23.5593,-16.3963,0.3546,70.7976,163.2553,51.1679
42.8,-23.4928,-16.1342,-0.2474,68.8179,165.0419,52.3375
42.82,-23.4249,-15.8729,-0.7982,66.9378,166.401,53.2012
42.84,-23.2762,-15.3681,-1.7158,63.6108,168.1635,53.9845
42.86,-23.1991,-15.1397,-2.077,62.2177,168.6294,54.0791
42.88,-23.1224,-14.9388,-2.372,61.0639,168.7531,53.8896
42.9,-23.0447,-14.7765,-2.5962,60.1567,168.6518,53.6061
42.92,-22.9733,-14.6536,-2.7515,59.526,168.4635,53.3443
42.94,-22.8467,-14.5495,-2.8516,59.0311,167.7829,52.6028
42.96,-22.7998,-14.5627,-2.8013,59.1666,167.4189,52.15
42.98,-22.7585,-14.6186,-2.6839,59.5769,166.9234,51.4108
43,-22.725,-14.7237,-2.4804,60.2618,166.4,50.56
43.02,-22.7039,-14.8617,-2.2226,61.1719,165.7954,49.5982
43.04,-22.6929,-15.2205,-1.5179,63.6618,164.3419,47.4411
43.06,-22.702,-15.4271,-1.0752,65.1896,163.395,46.171
43.08,-22.7193,-15.6395,-0.5727,66.8747,162.2283,44.6954
43.1,-22.7468,-15.8468,-0.0135,68.7135,160.7086,42.8713
43.12,-22.7829,-16.0467,0.5981,70.664,158.6287,40.4464
43.14,-22.8774,-16.4149,1.963,74.7826,152.0534,33.431
43.16,-22.9425,-16.5736,2.701,76.8714,146.8845,28.1786
43.18,-23.0091,-16.7205,3.4663,78.8317,139.7154,20.9525
43.2,-23.0917,-16.8375,4.2481,80.6082,129.5093,10.8054
43.22,-23.1733,-16.9353,5.0399,81.9394,115.342,356.7771
43.24,-23.3748,-17.0412,6.6012,82.5626,78.0096,319.6675
43.26,-23.4866,-17.0455,7.3595,81.7118,60.5888,302.405
43.28,-23.6048,-17.0265,8.0851,80.4377,48.2283,290.2335
43.3,-23.7262,-16.9803,8.7726,78.7761,39.5426,281.6313
43.32,-23.8555,-16.8941,9.4177,77.181,32.8853,275.1837
43.34,-24.1089,-16.6626,10.5267,74.0928,24.6347,266.7952
43.36,-24.2331,-16.5197,10.9928,72.7641,21.6147,263.6537
43.38,-24.3447,-16.3905,11.3889,71.5764,19.3926,261.2201
43.4,-24.4587,-16.2737,11.7105,70.6115,17.5194,259.1616
43.42,-24.5519,-16.1635,11.9716,69.8156,16.016,257.4051
43.44,-24.7127,-16.0173,12.274,68.9129,13.8492,254.6486
43.46,-24.7685,-15.9819,12.3243,68.7817,13.1413,253.7305
43.48,-24.819,-15.9943,12.3037,68.9226,12.683,253.2364
43.5,-24.8478,-16.029,12.2355,69.2123,12.4423,252.9737
43.52,-24.8665,-16.1119,12.084,69.7953,12.4327,252.9901
43.54,-24.8687,-16.371,11.594,71.59,13.4081,254.0634
43.56,-24.8473,-16.516,11.259,72.7347,14.4323,255.1689
43.58,-24.81,-16.6752,10.8651,74.0694,15.9029,256.7888
43.6,-24.7628,-16.8401,10.4117,75.5322,17.9618,259.1618
43.62,-24.7126,-16.9956,9.903,77.1156,20.5571,262.1552
43.64,-24.5731,-17.3092,8.7224,80.5454,30.1548,272.7388
43.66,-24.4907,-17.4395,8.0596,82.2235,38.8506,282.0553
43.68,-24.4046,-17.5462,7.3472,83.7086,52.7812,296.6756
43.7,-24.3099,-17.6077,6.5954,84.6758,74.2032,318.7194
43.72,-24.2101,-17.6142,5.8144,84.6853,100.5807,345.7024
43.74,-24.0013,-17.4724,4.206,82.0096,138.078,24.2194
43.76,-23.889,-17.3483,3.3947,79.9342,147.7302,34.1649
43.78,-23.7871,-17.1783,2.59,77.7203,154.2015,40.6009
43.8,-23.6818,-16.9819,1.8022,75.3994,158.6034,44.6593
43.82,-23.5749,-16.7575,1.0454,73.084,161.6636,47.3559
43.84,-23.356,-16.2494,-0.3235,68.6675,165.4377,51.1352
43.86,-23.2484,-15.9757,-0.9225,66.6138,166.4877,52.2332
43.88,-23.1431,-15.6988,-1.4531,64.7252,167.0378,52.6455
43.9,-23.046,-15.4265,-1.9087,63.0475,167.2342,52.5598
43.92,-22.9577,-15.1771,-2.284,61.6419,166.9337,52.1033
43.94,-22.8072,-14.8153,-2.7854,59.5592,166.8605,52.2815
43.96,-22.7513,-14.7198,-2.9159,59.0145,166.5771,52.2048
43.98,-22.7088,-14.6806,-2.9648,58.7493,166.4504,52.1653
44,-22.6828,-14.692,-2.9364,58.828,166.2588,51.9409
44.02,-22.6667,-14.7431,-2.8329,59.1838,165.9478,51.5293
44.04,-22.6733,-14.9954,-2.3462,60.9537,165.0224,50.3384
44.06,-22.6919,-15.1743,-1.9956,62.2032,164.4357,49.6711
44.08,-22.7227,-15.3799,-1.5741,63.6856,163.7286,48.898
44.1,-22.7662,-15.5999,-1.0831,65.3741,162.891,47.9239
44.12,-22.8171,-15.8307,-0.5272,67.246,161.6018,46.4067
44.14,-22.9429,-16.2992,0.7597,71.3971,157.7087,41.9671
44.16,-23.0182,-16.5166,1.4804,73.6159,154.7814,38.8015
44.18,-23.0988,-16.7139,2.2452,75.8741,150.7191,34.5824
44.2,-23.1858,-16.8874,3.042,78.0738,145.0394,28.7778
44.22,-23.2789,-17.0222,3.8635,80.1499,136.5448,20.1744
44.24,-23.4774,-17.1831,5.54,83.0298,105.3134,348.8652
44.26,-23.5854,-17.2088,6.3678,83.2499,83.4678,326.9961
44.28,-23.6961,-17.1976,7.1749,82.546,63.5735,306.9584
44.3,-23.8081,-17.1502,7.9541,81.2099,48.7927,292.0457
44.32,-23.9181,-17.0706,8.6985,79.502,38.6724,281.8552
44.34,-24.1366,-16.8515,10.0447,75.8071,26.8795,270.1834
44.36,-24.2323,-16.703,10.6366,74.0631,23.2195,266.3863
44.38,-24.3338,-16.5466,11.1563,72.4418,20.4136,263.2838
44.4,-24.4113,-16.3935,11.6129,71.0542,18.2769,260.7008
44.42,-24.4854,-16.246,11.9957,69.8221,16.6369,258.4854
44.44,-24.5978,-16.0065,12.5464,68.0328,14.3285,255.5305
44.46,-24.6247,-15.9217,12.7122,67.497,13.6389,254.5644
44.48,-24.6445,-15.8456,12.8051,67.1603,13.1911,253.8081
44.5,-24.6537,-15.8081,12.8228,67.0826,12.9081,253.3312
44.52,-24.6499,-15.8063,12.7822,67.2169,12.9013,253.2838
44.54,-24.5918,-15.9419,12.4995,68.1796,13.669,254.2917
44.56,-24.5469,-16.0728,12.2654,68.982,14.5226,255.3688
44.58,-24.4972,-16.2177,11.9691,69.9646,15.6548,256.6995
44.6,-24.427,-16.3815,11.6139,71.1297,17.291,258.4742
44.62,-24.3583,-16.5458,11.1969,72.4406,19.2645,260.5173
44.64,-24.1751,-16.9352,10.193,75.476,25.6013,267.2043
44.66,-24.0759,-17.1088,9.6187,77.0707,29.8853,272.0196
44.68,-23.9703,-17.276,8.9832,78.7352,35.9598,278.5902
44.7,-23.8603,-17.4084,8.2969,80.301,44.533,287.6768
44.72,-23.7451,-17.5021,7.5733,81.6288,56.4819,300.3326
44.74,-23.5076,-17.5655,6.0296,82.7603,91.5329,336.6951
44.76,-23.389,-17.5364,5.2218,82.1845,110.3543,355.8949
44.78,-23.2693,-17.4577,4.407,80.9286,125.4835,11.2047
44.8,-23.1612,-17.3304,3.5936,79.2309,136.6233,22.3842
44.82,-23.0457,-17.1693,2.7931,77.2367,144.4357,30.0733
44.84,-22.8304,-16.7614,1.2761,73.006,153.8954,39.688
44.86,-22.7251,-16.5425,0.5708,70.8515,156.9418,42.9039
44.88,-22.6268,-16.3019,-0.0896,68.7623,159.1837,45.0484
44.9,-22.531,-16.0479,-0.6942,66.7551,160.5986,46.2421
44.92,-22.4383,-15.7812,-1.2281,64.9224,161.5653,47.0995
44.94,-22.2646,-15.2973,-2.0911,61.7969,162.4306,48.4791
44.96,-22.1891,-15.0982,-2.4242,60.5034,162.836,49.249
44.98,-22.1223,-14.9306,-2.6867,59.4589,162.9011,49.5755
45,-22.0623,-14.8,-2.874,58.6791,162.8212,49.6819
45.02,-22.0173,-14.7097,-2.9903,58.1981,162.8059,49.9477
45.04,-21.9574,-14.6717,-3.008,58.0557,162.2923,49.6404
45.06,-21.9451,-14.7173,-2.9215,58.3357,162.119,49.4164
45.08,-21.945,-14.8179,-2.7419,59.0097,161.7088,48.8771
45.1,-21.9538,-14.9525,-2.5019,59.8668,161.3152,48.3666
45.12,-21.9764,-15.1147,-2.1922,60.9908,160.7629,47.7804
45.14,-22.0514,-15.5125,-1.3769,63.8434,158.9744,45.8752
45.16,-22.1002,-15.7373,-0.8796,65.5034,157.7031,44.3058
45.18,-22.1614,-15.9673,-0.3309,67.3094,156.1367,42.2921
45.2,-22.2321,-16.2014,0.262,69.2209,154.3005,39.9568
45.22,-22.3103,-16.4294,0.9008,71.2033,151.9518,37.1188
45.24,-22.4901,-16.8165,2.297,75.2969,144.8328,29.0869
45.26,-22.5925,-16.9708,3.0385,77.2571,139.3016,23.0619
45.28,-22.7059,-17.0894,3.799,79.0908,131.6537,14.8842
45.3,-22.8369,-17.1693,4.5704,80.6836,120.8479,3.6313
45.32,-22.9592,-17.2235,5.3563,81.8209,106.4627,348.8519
45.34,-23.2447,-17.2532,6.8964,82.0718,71.0176,313.1195
45.36,-23.3899,-17.2382,7.6466,81.1632,56.4889,298.5502
45.38,-23.5411,-17.2015,8.3651,79.7778,45.2294,287.3038
45.4,-23.7102,-17.1274,9.045,78.2339,36.7282,278.9518
45.42,-23.8515,-17.0416,9.695,76.5488,31.2194,273.5864
45.44,-24.1479,-16.8305,10.8312,73.4437,23.6414,266.8549
45.46,-24.2743,-16.7002,11.3256,72.029,20.971,264.4622
45.48,-24.4013,-16.5781,11.744,70.8108,18.8147,262.3857
45.5,-24.5074,-16.4452,12.1055,69.6896,17.2087,261.0155
45.52,-24.6168,-16.3226,12.3823,68.8669,15.7489,259.5229
45.54,-24.7646,-16.1293,12.7554,67.6656,13.7345,257.2608
45.56,-24.8167,-16.0723,12.8403,67.4012,13.0358,256.3839
45.58,-24.8551,-16.0597,12.8602,67.397,12.5679,255.7302
45.6,-24.8757,-16.0967,12.8135,67.6212,12.3716,255.3822
45.62,-24.8871,-16.1328,12.7217,67.9509,12.2951,255.2621
45.64,-24.8622,-16.3325,12.317,69.3388,13.0929,256.2302
45.66,-24.8347,-16.4919,12.0194,70.4018,13.9799,257.2736
45.68,-24.7933,-16.6479,11.6678,71.5667,15.2076,258.6756
45.7,-24.7215,-16.8148,11.2677,72.8715,16.9544,260.6141
45.72,-24.6621,-16.9808,10.8098,74.2569,19.1149,263.186
45.74,-24.505,-17.3102,9.7404,77.3752,25.5463,270.7394
45.76,-24.4021,-17.4639,9.1371,79.0379,30.8073,276.4855
45.78,-24.3062,-17.5893,8.4787,80.657,38.3578,284.5322
45.8,-24.197,-17.67,7.802,82.0684,48.7322,295.5325
45.82,-24.0913,-17.7329,7.0919,83.1731,63.2548,310.919
45.84,-23.8712,-17.7601,5.6108,83.5682,103.4813,352.493
45.86,-23.7561,-17.6934,4.8579,82.618,121.3386,10.4652
45.88,-23.6395,-17.58,4.1078,81.133,133.6891,22.7302
45.9,-23.5284,-17.4285,3.3718,79.371,142.2658,31.3076
45.92,-23.4065,-17.2697,2.6598,77.4504,148.2899,37.494
45.94,-23.1818,-16.8889,1.3071,73.5264,156.0339,44.9019
45.96,-23.075,-16.6633,0.6847,71.5356,158.6494,46.8884
45.98,-22.966,-16.4162,0.1173,69.671,160.2463,47.7679
46,-22.8685,-16.1651,-0.4024,67.9017,161.3857,48.4729
46.02,-22.7696,-15.9141,-0.8525,66.2669,162.2307,49.0777
46.04,-22.5949,-15.4562,-1.5725,63.4963,162.9395,49.4894
46.06,-22.5247,-15.2719,-1.8392,62.4284,163.047,49.5228
46.08,-22.4638,-15.1356,-2.0415,61.5868,162.9202,49.4677
46.1,-22.4163,-15.0448,-2.1774,60.992,162.9386,49.6262
46.12,-22.3807,-14.9997,-2.2466,60.6949,162.8712,49.5335
46.14,-22.355,-15.0208,-2.1803,60.8735,162.4823,48.8011
46.16,-22.3639,-15.0861,-2.0356,61.4077,162.2912,48.1849
46.18,-22.3856,-15.1878,-1.8141,62.1741,161.9478,47.3512
46.2,-22.4207,-15.3223,-1.5335,63.1818,161.5917,46.4822
46.22,-22.4647,-15.4899,-1.1872,64.4033,161.1485,45.5612
46.24,-22.5839,-15.8786,-0.3106,67.4438,159.5791,43.1539
46.26,-22.652,-16.0882,0.2117,69.1659,158.3586,41.4565
46.28,-22.7297,-16.292,0.7825,71.0055,156.6673,39.2304
46.3,-22.8157,-16.4861,1.3955,72.9353,154.3165,36.4348
46.32,-22.8943,-16.6696,2.0581,74.8946,151.1218,32.9106
46.34,-23.0637,-16.9779,3.47,78.7246,140.3954,22.0025
46.36,-23.1573,-17.0828,4.2122,80.4662,131.424,13.155
46.38,-23.2472,-17.1609,4.9687,81.921,118.8987,0.778
46.4,-23.3456,-17.2125,5.7264,82.8577,101.9148,344.1482
46.42,-23.4394,-17.2365,6.4842,82.8346,82.1203,324.5711
46.44,-23.6377,-17.2218,7.9577,80.9502,51.2306,294.4
46.46,-23.7426,-17.1631,8.6615,79.3773,41.625,285.041
46.48,-23.8438,-17.0866,9.3369,77.6125,34.9252,278.5747
46.5,-23.9488,-16.9823,9.9747,75.9016,29.9198,273.7615
46.52,-24.0527,-16.8593,10.5666,74.2334,26.1008,270.1339
46.54,-24.2244,-16.5757,11.6168,70.9926,21.5107,265.5758
46.56,-24.3213,-16.4054,12.0552,69.6197,19.5509,263.6773
46.58,-24.3906,-16.2489,12.4461,68.2682,18.3729,262.5956
46.6,-24.4484,-16.1146,12.7715,67.2479,17.1981,261.1373
46.62,-24.5061,-15.9737,13.0389,66.3062,16.2909,259.9771
46.64,-24.5619,-15.7956,13.389,65.1737,15.0757,258.2435
46.66,-24.5814,-15.7263,13.4741,64.8277,14.6831,257.6561
46.68,-24.584,-15.7088,13.4933,64.7448,14.5456,257.4068
46.7,-24.5602,-15.7244,13.4646,64.8306,14.7346,257.5383
46.72,-24.5335,-15.7683,13.375,65.111,15.0282,257.8356
46.74,-24.4251,-15.961,12.9857,66.4009,16.5289,259.4547
46.76,-24.3664,-16.0959,12.6974,67.3331,17.5835,260.5404
46.78,-24.2893,-16.2393,12.3615,68.4001,18.9847,261.8479
46.8,-24.2054,-16.4017,11.9653,69.6262,20.6941,263.448
46.82,-24.1145,-16.5628,11.5229,70.9921,22.7003,265.3705
46.84,-23.9121,-16.9087,10.4907,74.0577,28.3311,270.8578
46.86,-23.8068,-17.0755,9.8989,75.7388,32.3478,274.6407
46.88,-23.7047,-17.2149,9.2633,77.447,37.5727,279.4944
46.9,-23.6085,-17.3229,8.5897,79.0553,44.6224,286.2748
46.92,-23.5095,-17.4133,7.8946,80.4447,54.1582,295.8817
46.94,-23.3263,-17.546,6.4386,82.3843,82.8296,325.4477
46.96,-23.2433,-17.547,5.6858,82.435,101.018,343.6338
46.98,-23.1703,-17.487,4.9277,81.7373,117.6536,0.0294
47,-23.107,-17.3733,4.1761,80.4357,130.0427,12.1739
47.02,-23.0431,-17.2382,3.4385,78.7898,139.244,21.4851
47.04,-22.94,-16.8896,2.027,75.1239,152.0287,34.241
47.06,-22.902,-16.6578,1.3676,73.2358,155.8651,37.4796
47.08,-22.8658,-16.4002,0.7526,71.3325,158.6994,39.6624
47.1,-22.8335,-16.1253,0.1902,69.5061,160.7807,41.2645
47.12,-22.805,-15.8438,-0.3126,67.8119,162.3416,42.4978
47.14,-22.769,-15.3526,-1.1561,64.8403,164.5499,44.1648
47.16,-22.7616,-15.1645,-1.4926,63.6225,165.3516,44.7328
47.18,-22.7599,-15.021,-1.764,62.6266,166.0373,45.2747
47.2,-22.7656,-14.9199,-1.9689,61.916,166.493,45.5214
47.22,-22.7783,-14.8546,-2.1006,61.4642,166.8266,45.7133
47.24,-22.8202,-14.8214,-2.1305,61.3767,167.2503,45.8084
47.26,-22.8475,-14.8527,-2.0373,61.7238,167.3053,45.7516
47.28,-22.8855,-14.935,-1.8407,62.4513,167.21,45.4982
47.3,-22.9253,-15.0555,-1.5863,63.3811,166.971,45.0653
47.32,-22.9702,-15.2103,-1.2635,64.5602,166.6246,44.5136
47.34,-23.0688,-15.5778,-0.408,67.572,165.228,42.7525
47.36,-23.1227,-15.775,0.1184,69.3652,164.0813,41.5232
47.38,-23.1791,-15.9745,0.7046,71.3187,162.5665,39.9637
47.4,-23.2351,-16.1704,1.3466,73.3809,160.3021,37.6613
47.42,-23.2948,-16.3605,2.0339,75.5098,157.1488,34.528
47.44,-23.4226,-16.695,3.5246,79.8171,146.2418,23.7972
47.46,-23.4896,-16.8377,4.3068,81.7542,136.2835,13.9737
47.48,-23.5588,-16.9466,5.1068,83.3537,120.7389,358.5961
47.5,-23.636,-17.034,5.9083,84.2326,98.3956,336.4998
47.52,-23.7045,-17.1008,6.7047,84.0366,73.9203,312.3776
47.54,-23.8662,-17.1364,8.2491,81.2111,41.5676,281.0385
47.56,-23.949,-17.1152,8.9746,79.3196,33.6761,273.4754
47.58,-24.0269,-17.0652,9.6581,77.3785,28.7328,268.7112
47.6,-24.1115,-16.9712,10.2949,75.4972,25.104,265.2505
47.62,-24.1973,-16.8343,10.8819,73.6737,22.5345,262.897
47.64,-24.3425,-16.5198,11.8649,70.5677,18.7635,258.9372
47.66,-24.4102,-16.3463,12.2623,69.3192,17.3331,257.7215
47.68,-24.4562,-16.1778,12.6021,68.1525,16.1825,256.5048
47.7,-24.5122,-16.0195,12.8736,67.1753,15.1307,255.3778
47.72,-24.5366,-15.9118,13.0834,66.4503,14.601,254.6289
47.74,-24.5858,-15.7878,13.3058,65.6305,13.8647,253.6007
47.76,-24.5848,-15.789,13.3261,65.5554,13.8225,253.6043
47.78,-24.5705,-15.8231,13.2918,65.7084,13.9072,253.8476
47.8,-24.5508,-15.8779,13.1985,66.0167,14.1939,254.3687
47.82,-24.5258,-15.9912,13.0048,66.6592,14.8315,255.3669
47.84,-24.4087,-16.2734,12.4796,68.3932,17.1526,258.4252
47.86,-24.3527,-16.4436,12.1199,69.5054,18.6615,260.5331
47.88,-24.2728,-16.6359,11.7125,70.7939,20.6278,263.1078
47.9,-24.2052,-16.8326,11.2361,72.2242,22.8849,266.0352
47.92,-24.1365,-17.0381,10.6936,73.8531,25.8843,269.5656
47.94,-23.9821,-17.366,9.4547,77.2417,34.7988,279.4125
47.96,-23.9153,-17.4811,8.7634,78.9842,41.1538,286.281
47.98,-23.8547,-17.5568,8.0274,80.7079,50.1982,295.5914
48,-23.7937,-17.5707,7.2578,82.1993,63.395,308.7303
48.02,-23.7477,-17.5181,6.4639,83.2156,81.4205,326.4946
48.04,-23.6794,-17.259,4.8553,82.5753,122.154,6.4296
48.06,-23.6564,-17.0815,4.0571,81.1917,137.5071,21.3153
48.08,-23.6386,-16.889,3.2724,79.3328,148.5383,31.9433
48.1,-23.6315,-16.6715,2.5085,77.2241,155.6032,38.5615
48.12,-23.6228,-16.4275,1.7822,75.0544,160.152,42.622
48.14,-23.6158,-15.896,0.4545,70.7835,165.3978,47.2828
48.16,-23.6127,-15.6178,-0.1327,68.8034,166.9447,48.5469
48.18,-23.6106,-15.3374,-0.6633,66.953,168.0496,49.3113
48.2,-23.6089,-15.0679,-1.1341,65.2097,168.6061,49.5534
48.22,-23.6097,-14.8176,-1.5437,63.6208,169.243,50.0197
48.24,-23.6133,-14.4224,-2.1801,61.2563,170.8312,51.252
48.26,-23.6184,-14.2854,-2.4072,60.4087,171.3038,51.5272
48.28,-23.6244,-14.1882,-2.5704,59.8062,171.6288,51.6089
48.3,-23.6324,-14.1315,-2.6682,59.443,171.8502,51.6114
48.32,-23.6387,-14.1151,-2.6977,59.3252,172.0307,51.6203
48.34,-23.6571,-14.1816,-2.5746,59.8254,172.0308,51.3803
48.36,-23.6675,-14.2716,-2.3894,60.5248,171.8417,51.0749
48.38,-23.6781,-14.3831,-2.1512,61.422,171.5548,50.7463
48.4,-23.6878,-14.523,-1.8479,62.553,171.1243,50.2814
48.42,-23.6989,-14.6889,-1.4833,63.8954,170.5364,49.6549
48.44,-23.7244,-15.0839,-0.5755,67.1619,168.7887,47.852
48.46,-23.7387,-15.2951,-0.0333,69.0571,167.4866,46.5365
48.48,-23.7541,-15.508,0.5619,71.0972,165.7438,44.7845
48.5,-23.7642,-15.7211,1.2148,73.2202,163.3815,42.4458
48.52,-23.7778,-15.9242,1.9101,75.439,160.2088,39.3437
48.54,-23.8122,-16.3052,3.4122,79.8502,148.775,28.4983
48.56,-23.8315,-16.4749,4.2023,81.8517,138.4711,18.6573
48.58,-23.864,-16.6084,5.0098,83.5404,121.9569,2.7411
48.6,-23.8851,-16.7354,5.8266,84.3802,98.5343,340.0472
48.62,-23.9173,-16.8117,6.6465,84.1078,72.6596,315.0015
48.64,-24.0055,-16.8397,8.2378,81.0248,41.1296,284.8138
48.66,-24.07,-16.7998,8.9914,79.0202,33.3233,277.5486
48.68,-24.1226,-16.7169,9.723,76.838,28.0073,272.5943
48.7,-24.1975,-16.6298,10.4027,74.6639,24.8193,269.6127
48.72,-24.2683,-16.5369,11.0291,72.5701,22.8858,267.5945
48.74,-24.4304,-16.3164,12.1123,69.0964,20.0819,263.9746
48.76,-24.4942,-16.2,12.5725,67.6726,19.5742,263.2396
48.78,-24.5724,-16.0867,12.962,66.3856,19.1787,262.93
48.8,-24.6433,-15.946,13.2945,65.2887,18.6821,262.5115
48.82,-24.7017,-15.8334,13.5606,64.4976,18.0435,261.5891
48.84,-24.8055,-15.6907,13.8824,63.5609,17.2198,260.3558
48.86,-24.8347,-15.6605,13.9469,63.4911,16.7539,259.4852
48.88,-24.8684,-15.6513,13.9401,63.4579,16.4895,258.9772
48.9,-24.8635,-15.6963,13.8809,63.7624,16.5727,258.8884
48.92,-24.8661,-15.778,13.7461,64.2615,16.6233,258.9895
48.94,-24.8361,-16.0672,13.2767,66.0076,17.5911,260.198
48.96,-24.8103,-16.2481,12.9521,67.1331,18.45,261.1286
48.98,-24.7852,-16.4516,12.5572,68.3943,19.6493,262.4923
49,-24.7254,-16.6748,12.1164,69.8676,21.3338,264.4856
49.02,-24.6595,-16.8869,11.6114,71.4527,23.2747,266.9128
49.04,-24.5317,-17.2735,10.4054,75.1726,28.135,272.869
49.06,-24.4709,-17.4165,9.7129,77.1889,31.7708,276.9702
49.08,-24.3874,-17.544,8.9769,79.2094,37.6066,283.1411
49.1,-24.3327,-17.6016,8.1961,81.1532,45.1897,290.9941
49.12,-24.272,-17.6376,7.3754,82.9339,57.944,303.7674
49.14,-24.1738,-17.5554,5.6715,84.0729,103.9284,349.6278
49.16,-24.1248,-17.4523,4.8155,83.1267,126.6143,12.1739
49.18,-24.0941,-17.3095,3.958,81.4553,142.8525,28.3953
49.2,-24.0515,-17.1435,3.1205,79.2791,153.2182,38.5707
49.22,-24.0162,-16.931,2.3107,76.9588,159.3105,44.2866
49.24,-23.936,-16.4021,0.8118,72.2593,165.8062,49.7965
49.26,-23.8929,-16.1085,0.1387,69.9946,167.5146,51.1121
49.28,-23.8441,-15.8079,-0.4712,67.8763,168.7542,51.8251
49.3,-23.7977,-15.5145,-1.0212,65.8904,169.6478,52.219
49.32,-23.7485,-15.2408,-1.5025,64.0785,170.2898,52.3373
49.34,-23.6506,-14.7832,-2.2501,61.1652,170.952,52.1886
49.36,-23.6017,-14.618,-2.5144,60.1252,171.1656,52.0924
49.38,-23.555,-14.4931,-2.7013,59.3934,171.1381,51.8105
49.4,-23.5065,-14.4193,-2.8081,58.9427,171.0775,51.7323
49.42,-23.4617,-14.3868,-2.8335,58.8121,170.7964,51.3764
49.44,-23.3871,-14.4653,-2.6698,59.3719,170.052,50.7568
49.46,-23.3517,-14.5868,-2.4566,60.1615,169.4248,50.1426
49.48,-23.3241,-14.7406,-2.1887,61.1309,168.7434,49.3752
49.5,-23.301,-14.9238,-1.8514,62.3271,167.998,48.4302
49.52,-23.2817,-15.1263,-1.444,63.7636,167.1121,47.4073
49.54,-23.2564,-15.5675,-0.4226,67.2581,164.5738,44.8676
49.56,-23.2507,-15.7932,0.1845,69.2526,162.5673,42.9751
49.58,-23.2532,-16.0136,0.8488,71.3522,159.912,40.4441
49.6,-23.2636,-16.2105,1.5704,73.5695,156.3621,36.9998
49.62,-23.2845,-16.3963,2.3368,75.7827,151.4578,32.2273
49.64,-23.3549,-16.7174,3.9752,79.911,134.7865,15.7274
49.66,-23.4073,-16.8504,4.8254,81.5052,120.9164,1.9286
49.68,-23.4754,-16.9519,5.6864,82.5056,102.1594,343.2445
49.7,-23.5452,-17.0396,6.5432,82.5981,81.1422,322.3586
49.72,-23.6276,-17.0926,7.3892,81.7745,62.5737,304.0856
49.74,-23.8216,-17.1072,9.0089,78.2615,39.9637,282.3476
49.76,-23.9284,-17.0819,9.7582,76.2099,34.0774,276.7423
49.78,-24.0424,-17.0094,10.4606,74.2306,29.9792,272.9236
49.8,-24.1569,-16.8975,11.0972,72.3337,27.5718,270.7748
49.82,-24.2758,-16.7409,11.6609,70.6367,25.5256,268.757
49.84,-24.4846,-16.3874,12.5526,67.971,21.8087,264.9022
49.86,-24.5798,-16.2096,12.8814,67.1057,20.1887,263.132
49.88,-24.6626,-16.0667,13.1274,66.2729,18.9995,261.6734
49.9,-24.7304,-15.9811,13.2922,65.7699,18.3103,260.6166
49.92,-24.7841,-15.9242,13.3869,65.4841,17.6427,259.5081
49.94,-24.8624,-15.9615,13.3502,65.8481,16.7577,257.9882
49.96,-24.879,-16.0482,13.227,66.3987,16.7378,257.7958
49.98,-24.8888,-16.1925,13.0012,67.222,17.0688,258.0175
50,-24.8807,-16.3568,12.7179,68.2583,17.798,258.7046
50.02,-24.85,-16.5468,12.3641,69.4925,18.8933,259.782
50.04,-24.7783,-16.9578,11.4387,72.4865,22.2152,263.5953
50.06,-24.7203,-17.1816,10.8816,74.1754,25.007,267.0319
50.08,-24.6593,-17.394,10.2637,75.9093,28.7218,271.5829
50.1,-24.5858,-17.5937,9.5893,77.7009,33.9252,277.6223
50.12,-24.511,-17.7511,8.8643,79.4416,41.0676,285.6263
50.14,-24.3352,-17.9598,7.2894,82.1962,65.7091,312.3657
50.16,-24.2477,-18.0004,6.4594,82.8338,84.0206,331.9673
50.18,-24.1528,-17.9903,5.6158,82.6971,104.06,353.1241
50.2,-24.0629,-17.9224,4.7618,81.8285,122.0188,11.8151
50.22,-23.9685,-17.7986,3.9059,80.3374,135.7192,25.7324
50.24,-23.7699,-17.3542,2.2566,76.3594,152.2813,40.8913
50.26,-23.6673,-17.0505,1.4953,74.1568,156.0125,43.6264
50.28,-23.5609,-16.7188,0.791,71.9668,159.3316,45.8219
50.3,-23.453,-16.3853,0.1554,69.8305,161.8459,47.247
50.32,-23.3445,-16.0869,-0.3993,67.8424,163.1949,47.8802
50.34,-23.1388,-15.6846,-1.2328,64.9247,165.247,49.616
50.36,-23.0409,-15.5658,-1.4861,64.0546,165.3011,49.8867
50.38,-22.9552,-15.479,-1.6233,63.5559,164.7495,49.3996
50.4,-22.8751,-15.4304,-1.6326,63.4732,163.8044,48.458
50.42,-22.8099,-15.4391,-1.5335,63.7389,162.8102,47.7877
50.44,-22.7055,-15.6597,-0.9886,65.4094,160.2513,45.5071
50.46,-22.6762,-15.8322,-0.5739,66.6822,158.8623,44.1024
50.48,-22.6609,-16.0178,-0.0675,68.2324,156.9906,42.1529
50.5,-22.6598,-16.2124,0.5189,69.9813,154.3572,39.4153
50.52,-22.6689,-16.4133,1.1724,71.8587,151.0681,35.9642
50.54,-22.7425,-16.8043,2.6332,75.8398,141.7941,26.4465
50.56,-22.8017,-16.9616,3.4234,77.7468,134.7257,19.2833
50.58,-22.8783,-17.0809,4.2373,79.4246,124.958,9.4603
50.6,-22.9688,-17.1556,5.0667,80.6867,111.7318,356.2288
50.62,-23.0754,-17.1883,5.8998,81.3194,95.345,339.8891
50.64,-23.3365,-17.1579,7.53,80.4233,62.9889,307.7998
50.66,-23.4855,-17.1034,8.3073,79.1767,50.9697,295.7899
50.68,-23.6457,-17.0347,9.0472,77.7227,41.7283,286.8241
50.7,-23.7954,-16.9401,9.754,75.8983,35.4177,280.6586
50.72,-23.9618,-16.8118,10.4092,73.9313,30.8148,276.3527
50.74,-24.2793,-16.5084,11.5373,70.8167,23.6039,269.5035
50.76,-24.4258,-16.3408,12.0022,69.5176,20.9783,266.9795
50.78,-24.5686,-16.1735,12.3853,68.3612,18.9578,264.8167
50.8,-24.687,-16.027,12.6985,67.4813,17.2114,262.7908
50.82,-24.797,-15.8945,12.9356,66.7552,15.7563,261.058
50.84,-24.9727,-15.7549,13.1857,66.0572,13.8814,258.5743
50.86,-25.032,-15.7311,13.2104,66.0398,13.1876,257.6642
50.88,-25.0687,-15.756,13.1713,66.2829,12.804,257.1843
50.9,-25.1003,-15.8191,13.0673,66.7227,12.6005,256.9868
50.92,-25.119,-15.9245,12.8767,67.43,12.6689,257.1702
50.94,-25.0979,-16.2026,12.3359,69.33,13.7884,258.6599
50.96,-25.0775,-16.3564,11.972,70.5393,14.713,259.7872
50.98,-25.0324,-16.5223,11.5599,71.9019,16.1525,261.3904
51,-24.977,-16.6989,11.097,73.3674,18.1879,263.6339
51.02,-24.9098,-16.8754,10.5952,74.9328,20.6521,266.4202
51.04,-24.7604,-17.2129,9.458,78.2484,28.1289,274.4464
51.06,-24.6635,-17.3437,8.8391,79.8823,34.1557,280.5592
51.08,-24.5615,-17.453,8.1857,81.3941,42.9209,289.5429
51.1,-24.446,-17.5344,7.5196,82.6378,54.8735,302.0365
51.12,-24.3314,-17.6018,6.8294,83.5052,70.8142,318.8111
51.14,-24.082,-17.6509,5.3847,83.2295,110.6813,359.5536
51.16,-23.9412,-17.5948,4.6611,81.9675,124.8992,14.0013
51.18,-23.8063,-17.4948,3.9417,80.4266,134.7292,24.4013
51.2,-23.6593,-17.385,3.2388,78.687,141.8694,32.2148
51.22,-23.5173,-17.2561,2.5445,76.8427,147.0715,37.8657
51.24,-23.2298,-16.9097,1.2348,73.0097,153.4677,44.0949
51.26,-23.089,-16.692,0.6437,71.1662,155.4442,45.8726
51.28,-22.952,-16.4606,0.104,69.3855,156.8884,47.1758
51.3,-22.8188,-16.2232,-0.3765,67.708,157.6864,47.9273
51.32,-22.6909,-15.9933,-0.7928,66.1856,158.4642,48.5048
51.34,-22.472,-15.6101,-1.4266,63.7425,159.0228,48.7241
51.36,-22.376,-15.4814,-1.6355,62.8817,159.0517,48.4921
51.38,-22.2967,-15.3957,-1.7682,62.3279,158.9935,48.2011
51.4,-22.2302,-15.3519,-1.8185,62.0591,158.7175,47.6084
51.42,-22.1818,-15.3525,-1.7899,62.067,158.3086,46.9777
51.44,-22.1285,-15.4524,-1.4582,63.0864,157.1327,45.4331
51.46,-22.1287,-15.5578,-1.1664,64.0072,156.3376,44.471
51.48,-22.1458,-15.7021,-0.7993,65.1846,155.1204,42.9122
51.5,-22.1799,-15.8744,-0.3598,66.5746,153.8312,41.096
51.52,-22.2326,-16.0557,0.1486,68.1925,152.1445,38.8304
51.54,-22.3834,-16.4294,1.3513,71.845,147.416,33.0831
51.56,-22.4869,-16.6014,2.0276,73.8242,143.9887,29.2265
51.58,-22.5957,-16.7648,2.7488,75.7782,139.3555,24.1504
51.6,-22.715,-16.9102,3.5022,77.6698,132.917,17.3038
51.62,-22.8501,-17.0412,4.2726,79.3719,124.2298,8.3594
51.64,-23.158,-17.215,5.8388,81.6705,97.3166,341.0496
51.66,-23.3082,-17.2592,6.6226,81.8454,80.444,323.9401
51.68,-23.4816,-17.266,7.3773,81.3544,64.555,307.8892
51.7,-23.644,-17.2433,8.118,80.4788,50.9001,294.2903
51.72,-23.8111,-17.1801,8.8263,78.8425,41.5089,285.0472
51.74,-24.1147,-16.9969,10.1303,75.5409,29.6535,273.5317
51.76,-24.2607,-16.8811,10.7003,73.9806,25.6633,269.6022
51.78,-24.3946,-16.7475,11.2201,72.7021,22.8288,267.0932
51.8,-24.5286,-16.5833,11.6746,71.2004,20.4206,264.7558
51.82,-24.6586,-16.4151,12.0582,70.0157,18.2518,262.7575
51.84,-24.8387,-16.1418,12.6385,68.2162,15.5599,259.9117
51.86,-24.9056,-16.0419,12.825,67.6271,14.7032,258.8082
51.88,-24.9701,-15.9767,12.9388,67.2604,13.8925,257.7628
51.9,-25.0092,-15.9381,12.9987,67.1104,13.3043,257.0209
51.92,-25.0336,-15.9342,12.9935,67.1582,12.8947,256.5475
51.94,-25.048,-16.0693,12.7701,68.0125,12.9282,256.6744
51.96,-25.0165,-16.1871,12.562,68.8188,13.4918,257.2377
51.98,-25.0048,-16.3024,12.283,69.7011,14.1489,257.9846
52,-24.9592,-16.4526,11.9484,70.8404,15.2527,259.1148
52.02,-24.9002,-16.6315,11.5572,72.1449,16.921,260.9266
52.04,-24.7588,-17.0022,10.6109,75.0886,21.3708,266.0161
52.06,-24.6812,-17.1741,10.0559,76.6926,24.7921,269.7612
52.08,-24.5725,-17.3456,9.4501,78.377,29.7308,274.9326
52.1,-24.4834,-17.4779,8.7844,80.0761,36.3105,281.9459
52.12,-24.3576,-17.5856,8.094,81.5852,46.146,292.334
52.14,-24.126,-17.7004,6.592,83.5772,78.7358,326.6605
52.16,-23.9858,-17.6887,5.8147,83.53,100.3357,348.7599
52.18,-23.8628,-17.6296,5.0089,82.5637,118.8166,7.5719
52.2,-23.7307,-17.5237,4.209,80.9914,131.7748,20.792
52.22,-23.6001,-17.3774,3.42,79.1204,140.7686,30.021
52.24,-23.3339,-17.0013,1.9015,74.9712,151.4744,40.7225
52.26,-23.1979,-16.7823,1.1931,72.8415,154.5998,43.6543
52.28,-23.066,-16.5584,0.5218,70.7121,156.9359,45.7269
52.3,-22.9381,-16.3234,-0.0979,68.724,158.9225,47.4321
52.32,-22.8087,-16.091,-0.6554,66.8625,160.5108,48.8493
52.34,-22.568,-15.6239,-1.5692,63.5924,161.218,49.2538
52.36,-22.4574,-15.4045,-1.914,62.1565,161.8523,49.7314
52.38,-22.3552,-15.209,-2.1763,61.0415,161.6719,49.5983
52.4,-22.2657,-15.054,-2.362,60.1809,161.3906,49.4723
52.42,-22.1864,-14.9569,-2.4713,59.5755,161.0791,49.5302
52.44,-22.0803,-14.9171,-2.4716,59.4097,160.3647,48.9353
52.46,-22.0515,-14.9631,-2.3671,59.7274,159.8256,48.2792
52.48,-22.036,-15.0601,-2.1518,60.4343,159.1394,47.385
52.5,-22.0405,-15.1862,-1.8708,61.3742,158.5366,46.5073
52.52,-22.0603,-15.3426,-1.5119,62.5806,157.6931,45.2784
52.54,-22.1543,-15.7343,-0.5901,65.6538,155.3991,41.7416
52.56,-22.2227,-15.956,-0.0364,67.4312,153.9126,39.3189
52.58,-22.3108,-16.1766,0.5707,69.3709,151.9935,36.4344
52.6,-22.4037,-16.397,1.232,71.3904,149.5841,33.0985
52.62,-22.508,-16.5974,1.9413,73.4976,146.5397,29.2274
52.64,-22.7523,-16.9027,3.4731,77.6792,135.9052,17.3276
52.66,-22.8881,-17.0038,4.2832,79.5535,126.928,7.8444
52.68,-23.0376,-17.0667,5.109,81.1042,114.1704,354.743
52.7,-23.1856,-17.1102,5.9446,82.0305,97.3425,337.7146
52.72,-23.3554,-17.1283,6.7715,82.1706,78.2719,318.5954
52.74,-23.6933,-17.1013,8.3841,80.3922,45.6833,286.2325
52.76,-23.8589,-17.034,9.1596,78.2888,36.8847,277.6542
52.78,-24.0258,-16.9544,9.8932,76.2814,30.6033,271.7341
52.8,-24.1968,-16.8537,10.5737,74.4899,25.8428,267.3847
52.82,-24.3454,-16.728,11.2104,72.7111,22.7861,264.5636
52.84,-24.6292,-16.4376,12.2664,69.6035,18.9562,260.5657
52.86,-24.7497,-16.2822,12.6857,68.3179,17.6523,259.2566
52.88,-24.8524,-16.1295,13.0242,67.3982,16.1101,257.3295
52.9,-24.9321,-15.9993,13.2856,66.501,15.1712,256.074
52.92,-24.9906,-15.9,13.4648,65.9261,14.5455,255.1049
52.94,-25.0652,-15.7986,13.5916,65.5805,13.3332,253.1659
52.96,-25.0673,-15.8187,13.5527,65.743,13.2427,252.8451
52.98,-25.0539,-15.8902,13.4503,66.1664,13.368,252.8583
53,-25.0358,-16.015,13.2403,66.8737,13.6923,253.2606
53.02,-24.9775,-16.1797,12.9854,67.8223,14.6076,254.2423
53.04,-24.8577,-16.5654,12.2476,70.263,17.2085,257.1375
53.06,-24.7862,-16.778,11.7706,71.7634,19.1911,259.4315
53.08,-24.6822,-16.9892,11.2388,73.3608,22.0525,262.7128
53.1,-24.591,-17.1993,10.6329,75.0892,25.6238,266.9106
53.12,-24.4872,-17.3839,9.9785,76.828,30.2546,272.2509
53.14,-24.2449,-17.6921,8.5137,80.3087,45.6896,289.0949
53.16,-24.1203,-17.7936,7.7089,81.7411,58.7997,302.8219
53.18,-23.9951,-17.836,6.8831,82.5421,75.8375,320.664
53.2,-23.8648,-17.8504,6.0369,82.5722,95.4879,341.2619
53.22,-23.7391,-17.8177,5.1771,81.8799,113.9774,0.4575
53.24,-23.4819,-17.5941,3.4516,78.6038,138.6824,25.2986
53.26,-23.3443,-17.4014,2.6145,76.4658,145.5908,31.8903
53.28,-23.2063,-17.1567,1.8123,74.2456,150.4233,36.3121
53.3,-23.066,-16.8704,1.0551,72.0663,154.1976,39.5173
53.32,-22.9267,-16.5532,0.3524,69.8919,156.7334,41.4613
53.34,-22.6542,-15.9071,-0.8597,65.6174,159.5537,43.3771
53.36,-22.5218,-15.6261,-1.3569,63.7967,160.276,43.7861
53.38,-22.3959,-15.3977,-1.7747,62.12,160.8414,44.346
53.4,-22.2811,-15.2176,-2.1059,60.8373,161.1618,44.7345
53.42,-22.1758,-15.0854,-2.3433,59.8996,161.1936,44.8372
53.44,-22.0114,-14.9442,-2.5149,59.1083,159.9311,43.9765
53.46,-21.956,-14.9447,-2.4564,59.2088,159.5831,43.6508
53.48,-21.9137,-14.9967,-2.3085,59.6616,158.9958,43.2836
53.5,-21.8828,-15.1222,-2.0377,60.5192,158.0412,42.5266
53.52,-21.8734,-15.2857,-1.7021,61.6198,156.8163,41.3582
53.54,-21.9069,-15.701,-0.799,64.5399,153.9131,38.3265
53.56,-21.9442,-15.9302,-0.2411,66.2656,151.9238,36.186
53.58,-21.9986,-16.1625,0.3761,68.1433,149.4926,33.6198
53.6,-22.0646,-16.396,1.0445,70.0955,146.6974,30.6758
53.62,-22.1471,-16.6104,1.7609,72.117,143.0546,26.8718
53.64,-22.3498,-16.9575,3.3074,75.9952,131.6126,15.0419
53.66,-22.475,-17.0863,4.1154,77.7017,123.1873,6.4524
53.68,-22.6111,-17.1829,4.9377,79.0933,112.3121,355.4744
53.7,-22.7573,-17.2475,5.7613,79.9781,98.955,342.0332
53.72,-22.9156,-17.273,6.5772,80.2385,84.195,327.2193
53.74,-23.2597,-17.2214,8.1579,79.1566,56.6409,299.8601
53.76,-23.4362,-17.1467,8.9113,77.6282,46.7054,290.1406
53.78,-23.619,-17.0486,9.6275,75.8928,39.1831,282.998
53.8,-23.7954,-16.946,10.3008,74.3575,33.3278,277.5218
53.82,-23.9745,-16.8188,10.9249,72.753,28.7737,273.3491
53.84,-24.3052,-16.5501,11.9943,69.7225,23.3269,268.2761
53.86,-24.4529,-16.4043,12.4343,68.4393,21.2189,265.8938
53.88,-24.5802,-16.271,12.8033,67.484,19.6655,264.4285
53.9,-24.7052,-16.1413,13.0942,66.6239,18.2486,262.861
53.92,-24.8042,-16.041,13.3098,65.9912,17.1515,261.665
53.94,-24.9549,-15.8985,13.5195,65.4297,15.3919,259.6412
53.96,-24.9945,-15.9014,13.5136,65.5018,15.0967,259.224
53.98,-25.0209,-15.9369,13.4492,65.7805,14.9124,259.0017
54,-25.0221,-16.0313,13.307,66.3388,15.0285,259.1411
54.02,-25.0253,-16.1588,13.0874,67.1399,15.2844,259.5353
54.04,-24.961,-16.4921,12.4607,69.266,17.0897,261.5704
54.06,-24.9024,-16.6821,12.0519,70.6004,18.6034,263.3075
54.08,-24.8332,-16.8777,11.5837,72.0487,20.56,265.6563
54.1,-24.7501,-17.079,11.0597,73.583,23.2034,268.8426
54.12,-24.6621,-17.2897,10.4708,75.3001,26.6832,272.8499
54.14,-24.4442,-17.6145,9.1368,78.7758,37.7533,284.4683
54.16,-24.3259,-17.7155,8.3995,80.3453,46.7723,293.7686
54.18,-24.1979,-17.7813,7.6266,81.7014,59.1544,306.5486
54.2,-24.0724,-17.7949,6.8265,82.6654,75.2434,323.0276
54.22,-23.9338,-17.7624,6.0096,83.0616,95.1416,342.9987
54.24,-23.661,-17.5094,4.3491,80.9085,128.3437,15.4188
54.26,-23.5285,-17.3065,3.5264,79.0411,138.7002,24.9318
54.28,-23.3876,-17.0724,2.7283,76.962,146.3525,31.5773
54.3,-23.251,-16.8143,1.9641,74.7478,151.1309,35.4626
54.32,-23.1102,-16.5564,1.2395,72.4963,154.4852,38.0037
54.34,-22.8356,-16.0816,-0.0675,68.2762,158.829,40.9211
54.36,-22.7029,-15.8678,-0.6339,66.3767,160.2448,41.7985
54.38,-22.5738,-15.658,-1.1266,64.6827,161.0419,42.1242
54.4,-22.4506,-15.456,-1.5406,63.189,161.4785,42.2366
54.42,-22.3321,-15.2699,-1.8684,61.9425,161.6912,42.3677
54.44,-22.1245,-14.9794,-2.2602,59.9885,160.9194,42.4415
54.46,-22.0386,-14.9014,-2.3327,59.4184,160.4313,42.5258
54.48,-21.9704,-14.87,-2.323,59.1609,159.7712,42.4685
54.5,-21.9189,-14.891,-2.2434,59.3504,159.0776,42.0718
54.52,-21.8796,-14.9662,-2.0767,59.8477,158.1902,41.4324
54.54,-21.8607,-15.2368,-1.497,61.752,156.1486,39.6888
54.56,-21.8783,-15.4125,-1.0968,63.0532,154.9148,38.4561
54.58,-21.9174,-15.6077,-0.628,64.58,153.4272,36.9398
54.6,-21.9715,-15.8218,-0.0936,66.286,151.6615,35.1363
54.62,-22.0442,-16.0441,0.4991,68.1429,149.5081,32.9275
54.64,-22.2433,-16.4791,1.8358,72.0991,143.4305,26.6026
54.66,-22.3681,-16.6683,2.5732,74.1347,138.9738,22.0666
54.68,-22.5147,-16.8306,3.3424,76.1087,133.032,16.1238
54.7,-22.6661,-16.9559,4.1469,77.937,124.9506,8.0387
54.72,-22.8404,-17.053,4.9622,79.4603,114.2118,357.4081
54.74,-23.2177,-17.1483,6.6024,80.9662,84.681,327.8196
54.76,-23.4156,-17.1549,7.4104,81.0264,67.5952,310.5894
54.78,-23.6194,-17.1332,8.2003,80.0597,53.1638,296.268
54.8,-23.8252,-17.084,8.9659,78.5111,42.1222,285.4861
54.82,-24.0366,-17.0202,9.6933,76.8497,34.0562,277.9085
54.84,-24.4421,-16.8181,11.0193,73.5005,23.6757,267.6424
54.86,-24.6326,-16.685,11.6016,71.8598,20.5139,264.2355
54.88,-24.8162,-16.5409,12.1286,70.2902,18.171,261.7787
54.9,-24.9728,-16.3794,12.6117,68.8655,16.1549,259.8942
54.92,-25.1385,-16.2225,13.0155,67.6364,14.5392,258.39
54.94,-25.3962,-15.917,13.6379,65.755,11.7936,255.6653
54.96,-25.5074,-15.7918,13.8427,65.0689,10.7687,254.5298
54.98,-25.6017,-15.6917,13.9837,64.6057,9.8641,253.5161
55,-25.6782,-15.6084,14.0672,64.2896,9.026,252.5846
55.02,-25.7153,-15.6077,14.092,64.2931,8.6395,252.1222
55.04,-25.7758,-15.6654,13.9813,64.7693,8.0158,251.5012
55.06,-25.7889,-15.7609,13.8132,65.3797,7.9599,251.4419
55.08,-25.774,-15.8943,13.6007,66.1717,8.2631,251.802
55.1,-25.7526,-16.0167,13.3443,67.0063,8.5742,252.2162
55.12,-25.7005,-16.1982,13.0336,68.1715,9.2567,253.0745
55.14,-25.5653,-16.5737,12.2732,70.7076,11.4503,255.976
55.16,-25.4906,-16.7747,11.8159,72.1533,13.0702,258.0929
55.18,-25.404,-16.9849,11.3098,73.7414,15.105,260.6916
55.2,-25.2962,-17.1867,10.7625,75.3457,18.1656,264.2874
55.22,-25.1589,-17.3902,10.1713,77.0529,22.2582,268.8495
55.24,-24.8847,-17.6868,8.8545,80.5173,34.3081,281.7049
55.26,-24.7344,-17.774,8.1332,82.124,44.1058,291.7527
55.28,-24.5744,-17.8063,7.3901,83.4855,58.1939,306.0627
55.3,-24.4136,-17.8042,6.6176,84.1528,78.0378,326.2163
55.32,-24.2362,-17.7779,5.8444,83.871,100.2598,348.9008
55.34,-23.8838,-17.6237,4.2847,81.2387,131.4797,20.7062
55.36,-23.7072,-17.4859,3.5169,79.354,141.0451,30.2314
55.38,-23.5229,-17.3151,2.7711,77.2796,147.0777,36.0776
55.4,-23.3496,-17.1154,2.0474,75.1709,150.7971,39.6362
55.42,-23.1744,-16.9039,1.3624,73.0736,153.4459,42.2398
55.44,-22.8382,-16.4554,0.109,69.0312,156.8725,45.3364
55.46,-22.6801,-16.214,-0.4434,67.1475,157.9275,46.162
55.48,-22.5279,-15.968,-0.9344,65.3823,158.5228,46.6229
55.5,-22.3839,-15.7226,-1.3606,63.7446,158.8343,46.9113
55.52,-22.253,-15.493,-1.7236,62.275,158.9534,47.1317
55.54,-22.0223,-15.1249,-2.2531,59.9641,158.7713,47.2963
55.56,-21.9263,-15.0036,-2.4224,59.1653,158.4792,47.0699
55.58,-21.8473,-14.924,-2.5244,58.68,158.1809,46.8613
55.6,-21.7828,-14.8896,-2.5579,58.4651,157.8215,46.5867
55.62,-21.7363,-14.8974,-2.5254,58.5058,157.3912,46.1803
55.64,-21.6929,-15.028,-2.2478,59.3655,156.5194,45.0015
55.66,-21.7027,-15.1351,-2.0005,60.1931,155.8654,44.0987
55.68,-21.7285,-15.2737,-1.6823,61.266,155.0282,42.9466
55.7,-21.7698,-15.4492,-1.3006,62.545,154.1186,41.6945
55.72,-21.8293,-15.652,-0.8565,64.0303,153.0294,40.3028
55.74,-21.997,-16.0964,0.2123,67.5052,149.838,36.6259
55.76,-22.1062,-16.3168,0.8298,69.4075,147.5471,34.0743
55.78,-22.2245,-16.5263,1.4996,71.3797,144.543,30.7889
55.8,-22.3649,-16.7161,2.2102,73.3937,140.6018,26.6583
55.82,-22.5098,-16.8981,2.9565,75.3446,135.4601,21.3759
55.84,-22.851,-17.1953,4.516,78.8553,119.4958,5.5774
55.86,-23.0334,-17.3077,5.3178,80.2687,107.8247,354.0071
55.88,-23.222,-17.3976,6.1173,81.0959,93.1747,339.6359
55.9,-23.4216,-17.4602,6.9086,81.0251,76.5279,323.404
55.92,-23.6196,-17.4944,7.687,80.2358,61.6662,309.028
55.94,-24.0169,-17.4711,9.1606,77.7494,41.418,289.7863
55.96,-24.2263,-17.3795,9.8313,76.2337,34.9404,283.7571
55.98,-24.4238,-17.2726,10.4444,74.7533,30.0634,278.926
56,-24.609,-17.1462,10.9963,73.3057,26.5846,275.7363
56.02,-24.7866,-16.9911,11.489,72.0717,23.429,272.514
56.04,-25.0958,-16.6929,12.2729,69.8514,18.6966,267.5482
56.06,-25.2229,-16.5633,12.5596,69.0141,16.891,265.5037
56.08,-25.331,-16.4406,12.7856,68.4164,15.2302,263.5381
56.1,-25.4304,-16.344,12.942,67.9384,13.9601,261.8851
56.12,-25.501,-16.312,13.0325,67.771,13.0806,260.6547
56.14,-25.596,-16.2975,13.0429,67.8939,11.8339,258.9828
56.16,-25.6236,-16.3408,12.9601,68.2431,11.5703,258.6419
56.18,-25.6351,-16.4176,12.7924,68.8075,11.5777,258.641
56.2,-25.6183,-16.5203,12.5822,69.5433,11.9922,259.0632
56.22,-25.5838,-16.6278,12.3268,70.4007,12.6945,259.8118
56.24,-25.4765,-16.8902,11.6478,72.5594,14.8128,262.2604
56.26,-25.3948,-17.052,11.2326,73.8881,16.664,264.351
56.28,-25.3066,-17.1807,10.7771,75.2199,18.8463,266.8342
56.3,-25.2102,-17.3079,10.271,76.6272,21.7519,270.0217
56.32,-25.0857,-17.4282,9.7415,78.0753,25.7868,274.3384
56.34,-24.8276,-17.6164,8.5833,80.8646,38.152,287.4422
56.36,-24.6789,-17.6718,7.9678,82.1217,47.7431,297.3167
56.38,-24.5331,-17.7003,7.3254,83.0617,61.0302,310.9251
56.4,-24.3804,-17.7025,6.672,83.4129,77.4255,327.6996
56.42,-24.2191,-17.6789,6.0238,83.1832,93.9929,344.7963
56.44,-23.8826,-17.6242,4.7343,81.3522,120.119,12.5019
56.46,-23.7267,-17.5668,4.0937,80.1473,129.4874,22.5066
56.48,-23.5565,-17.4899,3.4745,78.7127,136.0425,29.653
56.5,-23.3834,-17.3842,2.8762,77.0406,140.5365,34.6849
56.52,-23.2241,-17.236,2.3037,75.4061,143.7405,38.2046
56.54,-22.9097,-16.8638,1.2525,72.1061,148.6463,42.8423
56.56,-22.7558,-16.6424,0.7916,70.5508,150.0881,43.7261
56.58,-22.6126,-16.4123,0.3771,69.079,151.1197,44.1907
56.6,-22.4764,-16.1904,0.0128,67.651,151.8398,44.4045
56.62,-22.3505,-15.9893,-0.3008,66.3523,152.2612,44.3455
56.64,-22.1264,-15.7048,-0.7652,64.3449,152.5173,44.1059
56.66,-22.0334,-15.6217,-0.9106,63.7303,152.5317,43.9374
56.68,-21.9572,-15.5741,-0.9958,63.3624,152.4329,43.6484
56.7,-21.8937,-15.5566,-1.0131,63.2067,152.1551,43.1892
56.72,-21.8535,-15.5611,-0.9681,63.2857,151.7406,42.6442
56.74,-21.8135,-15.6554,-0.668,64.1101,150.28,40.9381
56.76,-21.8167,-15.7459,-0.4233,64.8168,149.3122,39.8817
56.78,-21.8398,-15.8619,-0.1238,65.7263,148.127,38.6356
56.8,-21.8809,-15.9974,0.2303,66.8169,146.7059,37.1893
56.82,-21.9348,-16.1604,0.6305,68.0031,145.0408,35.5263
56.84,-22.0982,-16.4857,1.5727,70.7859,140.5945,31.1285
56.86,-22.2024,-16.6461,2.1019,72.2526,137.627,28.1655
56.88,-22.3173,-16.7918,2.6688,73.7432,133.937,24.4562
56.9,-22.4561,-16.9177,3.2592,75.2287,129.3689,19.8852
56.92,-22.6005,-17.0243,3.8759,76.6306,123.6472,14.1322
56.94,-22.9261,-17.1679,5.1598,78.9388,107.734,358.1191
56.96,-23.1027,-17.2096,5.8132,79.7068,97.3637,347.6788
56.98,-23.2884,-17.2423,6.4605,80.0782,86.0166,336.291
57,-23.4839,-17.258,7.0997,80.1962,73.8864,324.1662
57.02,-23.6673,-17.2574,7.7401,79.9857,61.9818,312.4673
57.04,-24.0448,-17.2099,8.948,77.9516,43.2773,294.3326
57.06,-24.2355,-17.1573,9.509,76.7237,36.6614,288.0926
57.08,-24.4154,-17.0979,10.0382,75.5482,31.4132,283.3293
57.1,-24.5888,-17.0259,10.5283,74.3655,27.2921,279.7689
57.12,-24.75,-16.951,10.9752,73.1148,24.2984,277.3117
57.14,-25.0441,-16.7834,11.721,70.8978,20.0378,274.0023
57.16,-25.165,-16.7171,12.0116,70.0128,18.849,273.1346
57.18,-25.2797,-16.6409,12.2535,69.2429,17.6223,271.9256
57.2,-25.3753,-16.5956,12.4324,68.9304,16.4287,271.0684
57.22,-25.4429,-16.549,12.5614,68.5314,15.713,270.2305
57.24,-25.5395,-16.5256,12.6286,68.477,14.6734,268.9113
57.26,-25.5633,-16.5169,12.5914,68.6213,14.3632,268.4228
57.28,-25.5647,-16.5562,12.5025,68.9952,14.4175,268.2789
57.3,-25.5627,-16.6138,12.3431,69.5432,14.507,268.2531
57.32,-25.5316,-16.7086,12.1486,70.2143,15.033,268.7328
57.34,-25.4255,-16.9192,11.6428,71.8071,17.089,270.8826
57.36,-25.3656,-17.0548,11.3098,72.8344,18.6071,272.4761
57.38,-25.275,-17.1896,10.9486,73.9059,20.7206,274.5623
57.4,-25.1749,-17.3218,10.5358,75.0866,23.3582,277.1452
57.42,-25.066,-17.4438,10.0787,76.3478,26.6836,280.4234
57.44,-24.795,-17.6481,9.0527,78.8988,36.4169,289.9396
57.46,-24.6502,-17.7175,8.4851,80.1623,43.3024,296.5453
57.48,-24.4891,-17.7671,7.8841,81.3233,52.4594,305.2419
57.5,-24.3212,-17.7882,7.2592,82.2664,64.4173,316.6594
57.52,-24.1526,-17.7775,6.618,82.8256,78.8385,330.5676
57.54,-23.7975,-17.6968,5.32,82.1249,109.1202,0.4952
57.56,-23.6262,-17.6247,4.6654,81.1548,120.6045,11.858
57.58,-23.447,-17.529,4.0228,79.7678,129.4201,20.4027
57.6,-23.2726,-17.4118,3.3869,78.155,135.9955,26.5761
57.62,-23.104,-17.2684,2.7736,76.4773,140.9464,31.1904
57.64,-22.7651,-16.9767,1.6219,73.0039,147.6979,37.3557
57.66,-22.6072,-16.8064,1.1014,71.3912,149.455,38.8362
57.68,-22.4496,-16.631,0.6218,69.828,150.7155,39.8349
57.7,-22.2978,-16.4438,0.1944,68.3547,152.0851,41.0034
57.72,-22.1571,-16.239,-0.1777,67.0108,153.0058,41.661
57.74,-21.9036,-15.8597,-0.7505,64.6808,153.5301,41.5573
57.76,-21.7951,-15.7152,-0.9478,63.7626,153.4265,41.313
57.78,-21.6995,-15.618,-1.0862,63.1115,153.228,41.0619
57.8,-21.6177,-15.5699,-1.1646,62.7302,152.9777,40.8069
57.82,-21.5536,-15.5579,-1.176,62.6003,152.5366,40.454
57.84,-21.4817,-15.6186,-1.0075,62.9994,151.4469,39.4868
57.86,-21.471,-15.6881,-0.8039,63.5747,150.6035,38.6411
57.88,-21.4948,-15.7755,-0.5472,63.9522,149.1339,38.5275
57.9,-21.6512,-15.8693,-0.3058,64.867,151.4981,39.3038
57.92,-21.8287,-15.996,0.003,66.0336,151.1712,39.0162
57.94,-22.2216,-16.2982,0.8082,69.2807,149.4531,37.2903
57.96,-22.4393,-16.4508,1.3037,71.0313,147.3126,35.2825
57.98,-22.6681,-16.6032,1.8525,72.8385,145.6838,33.8803
58,-22.9036,-16.7583,2.4481,74.7569,143.5637,32.0188
58.02,-23.1489,-16.9162,3.0761,76.6842,140.964,29.6676
58.04,-23.6492,-17.1948,4.4115,80.4555,129.7463,18.6905
58.06,-23.8955,-17.298,5.1067,82.1016,119.8495,8.8517
58.08,-24.1372,-17.3663,5.8115,83.4353,105.7007,354.7659
58.1,-24.3724,-17.4034,6.5141,84.2193,86.651,335.7803
58.12,-24.6085,-17.4201,7.201,84.2229,65.3511,314.4402
58.14,-25.031,-17.3975,8.5271,82.3648,32.5292,281.1679
58.16,-25.2189,-17.3668,9.1476,80.5781,24.9101,273.397
58.18,-25.4072,-17.3044,9.7284,78.7638,19.7994,268.0916
58.2,-25.5617,-17.2344,10.2624,77.3338,16.0238,264.0079
58.22,-25.7072,-17.14,10.7385,76.0489,12.4723,260.1594
58.24,-25.9599,-16.8827,11.5082,73.7047,8.548,255.8212
58.26,-26.0386,-16.77,11.8092,72.7781,7.4301,254.3525
58.28,-26.1074,-16.6801,12.0403,72.0502,6.4093,253.0021
58.3,-26.1601,-16.5961,12.2125,71.4674,5.5886,251.8096
58.32,-26.189,-16.5748,12.3078,71.2093,5.2149,251.098
58.34,-26.2097,-16.5608,12.322,71.2589,4.221,249.5185
58.36,-26.1962,-16.5898,12.2399,71.5743,4.1891,249.231
58.38,-26.1645,-16.6592,12.0655,72.1385,4.4863,249.316
58.4,-26.1091,-16.7438,11.8518,72.8635,4.9416,249.6396
58.42,-26.0474,-16.856,11.5764,73.8098,5.5918,250.2729
58.44,-25.8783,-17.0992,10.8781,76.0449,8.2394,253.1353
58.46,-25.7806,-17.2389,10.4473,77.3478,10.4057,255.6167
58.48,-25.6688,-17.3788,9.9761,78.7319,13.383,259.1071
58.5,-25.5499,-17.5197,9.4543,80.2338,17.3603,263.7506
58.52,-25.4283,-17.6457,8.8878,81.7947,22.8668,269.96
58.54,-25.1581,-17.8171,7.6237,84.7784,44.7277,292.7706
58.56,-25.019,-17.8452,6.945,85.7366,66.3907,314.8574
58.58,-24.8779,-17.8472,6.2416,85.8551,94.8275,343.8066
58.6,-24.737,-17.836,5.5192,85.0185,119.9088,9.6247
58.62,-24.5938,-17.7926,4.7979,83.5848,135.8769,26.3946
58.64,-24.3037,-17.6376,3.3466,79.8209,152.188,43.7994
58.66,-24.164,-17.5064,2.6347,77.7977,155.9987,48.0335
58.68,-24.0228,-17.3413,1.9508,75.79,158.3873,51.0046
58.7,-23.879,-17.1553,1.3017,73.8118,160.0693,53.438
58.72,-23.7392,-16.9444,0.6913,71.9107,161.3767,55.5331
58.74,-23.4769,-16.4758,-0.3918,68.3523,162.7872,58.3318
58.76,-23.3531,-16.2431,-0.8575,66.7377,162.954,59.0549
58.78,-23.2387,-16.0205,-1.2696,65.2679,162.9198,59.5316
58.8,-23.1366,-15.8189,-1.6291,63.8562,163.1797,60.1788
58.82,-23.0436,-15.6399,-1.9264,62.6668,163.2357,60.5376
58.84,-22.9001,-15.377,-2.3414,60.9987,163.1232,60.7206
58.86,-22.8501,-15.2977,-2.452,60.5453,163.0265,60.6462
58.88,-22.8154,-15.2559,-2.4969,60.3415,162.8405,60.4148
58.9,-22.7991,-15.2517,-2.4791,60.368,162.7354,60.1329
58.92,-22.7975,-15.284,-2.4059,60.6067,162.6604,59.7227
58.94,-22.8423,-15.4694,-2.0386,61.8891,162.3155,58.3956
58.96,-22.8837,-15.607,-1.7643,62.8404,162.0399,57.6044
58.98,-22.9406,-15.7619,-1.4268,64.0043,161.65,56.6655
59,-23.0074,-15.9308,-1.0259,65.3591,161.0845,55.4951
59.02,-23.0849,-16.1086,-0.5634,66.8914,160.319,54.0919
59.04,-23.2694,-16.4849,0.5302,70.4051,158.051,50.6433
59.06,-23.378,-16.6692,1.1542,72.3727,156.3088,48.3539
59.08,-23.4866,-16.8546,1.8238,74.4012,153.8825,45.4179
59.1,-23.6103,-17.0268,2.5261,76.4868,150.5861,41.73
59.12,-23.7386,-17.1785,3.2614,78.567,145.8373,36.5779
59.14,-24.003,-17.4227,4.7855,82.2547,128.0216,18.1624
59.16,-24.1423,-17.4936,5.5625,83.591,111.8162,1.7126
59.18,-24.2807,-17.5484,6.331,84.1645,90.4745,340.1174
59.2,-24.4242,-17.568,7.0903,83.8343,68.3851,317.7967
59.22,-24.5555,-17.5761,7.8276,82.975,49.968,299.1734
59.24,-24.8336,-17.4692,9.2135,79.4753,30.4301,279.3943
59.26,-24.9564,-17.3795,9.8469,77.7628,25.2673,274.2376
59.28,-25.0826,-17.2428,10.4381,76.1019,21.3119,270.3206
59.3,-25.1926,-17.0976,10.9773,74.5865,18.1919,267.0928
59.32,-25.3083,-16.9319,11.4689,73.1554,15.8857,264.8761
59.34,-25.5089,-16.6536,12.2688,70.4986,13.2836,261.357
59.36,-25.5773,-16.5503,12.58,69.7299,12.5791,260.2389
59.38,-25.6535,-16.4455,12.8249,68.701,11.9243,259.0252
59.4,-25.7022,-16.3567,13.0078,68.2421,10.9582,257.6522
59.42,-25.7406,-16.3053,13.1142,67.9551,10.202,256.5505
59.44,-25.7663,-16.2395,13.1564,67.7917,9.677,255.5773
59.46,-25.7573,-16.2657,13.0958,68.0191,9.8162,255.6672
59.48,-25.7378,-16.3221,12.9663,68.3989,9.9681,255.8831
59.5,-25.696,-16.4174,12.7826,69.0943,10.3643,256.3435
59.52,-25.6469,-16.5363,12.539,69.9123,11.0663,257.0517
59.54,-25.5003,-16.7992,11.8946,71.9652,13.5665,259.4905
59.56,-25.4127,-16.9546,11.4946,73.2136,15.383,261.3819
59.58,-25.3071,-17.129,11.0476,74.5858,17.654,263.7741
59.6,-25.1975,-17.2804,10.5634,76.0336,20.1154,266.423
59.62,-25.0768,-17.4436,10.0255,77.6365,23.5859,269.995
59.64,-24.81,-17.6888,8.8291,80.7226,35.3582,281.6978
59.66,-24.6754,-17.7722,8.1816,82.0617,44.9753,291.5587
59.68,-24.5312,-17.8479,7.5085,83.1718,58.4439,305.5059
59.7,-24.3922,-17.9012,6.8092,83.8921,76.2614,323.8327
59.72,-24.2531,-17.9182,6.0925,83.9466,96.8798,344.6901
59.74,-23.9781,-17.8367,4.6364,81.9056,128.9265,17.052
59.76,-23.8479,-17.7456,3.9107,80.3202,138.3336,26.7992
59.78,-23.7173,-17.6289,3.201,78.5631,144.833,33.8487
59.8,-23.5901,-17.4861,2.5125,76.7762,150.3216,39.8476
59.82,-23.4724,-17.3095,1.8481,75.0237,154.5697,44.3842
59.84,-23.2417,-16.8793,0.6282,71.2733,158.5006,48.659
59.86,-23.136,-16.6388,0.0841,69.4893,159.8887,50.1311
59.88,-23.037,-16.3901,-0.4123,67.7767,160.9102,51.1733
59.9,-22.942,-16.1433,-0.8549,66.1661,161.5922,51.7656
59.92,-22.8589,-15.9054,-1.2446,64.6827,162.0196,52.1414
59.94,-22.7116,-15.5091,-1.8481,62.2182,162.4081,52.6302
59.96,-22.6548,-15.3661,-2.0657,61.3131,162.4165,52.7403
59.98,-22.6084,-15.267,-2.2243,60.6907,162.4844,52.8846
60,-22.5736,-15.2107,-2.3224,60.3112,162.4876,52.9613
60.02,-22.5511,-15.1903,-2.3553,60.1842,162.3627,52.8538
60.04,-22.5433,-15.2459,-2.2367,60.5879,162.0189,52.4577
60.06,-22.5601,-15.3312,-2.0579,61.2143,161.71,52.1447
60.08,-22.5882,-15.4372,-1.8246,62.025,161.262,51.7418
60.1,-22.6279,-15.5635,-1.5193,63.0794,160.6391,51.2054
60.12,-22.6806,-15.716,-1.1517,64.3262,159.8568,50.5053
60.14,-22.8221,-16.0758,-0.2313,67.382,157.651,48.2764
60.16,-22.9108,-16.2676,0.3155,69.1354,156.1004,46.5148
60.18,-23.0111,-16.4549,0.9179,71.0158,154.1308,44.2358
60.2,-23.1234,-16.6379,1.5697,72.9949,151.5803,41.4126
60.22,-23.2465,-16.8108,2.2667,75.0493,148.1859,37.8193
60.24,-23.518,-17.1115,3.766,79.136,137.07,26.3063
60.26,-23.6699,-17.2388,4.5431,80.9538,127.7937,16.7542
60.28,-23.8242,-17.3478,5.332,82.4218,114.2967,2.9924
60.3,-23.9865,-17.4344,6.119,83.2672,96.0368,344.4308
60.32,-24.1471,-17.5044,6.9014,83.5147,74.682,322.9539
60.34,-24.4727,-17.5451,8.4089,80.9379,43.7285,292.2379
60.36,-24.6306,-17.5015,9.1108,79.1518,35.4173,283.8954
60.38,-24.7896,-17.4225,9.7584,77.6606,29.312,277.7062
60.4,-24.9322,-17.3101,10.3542,76.158,24.5624,272.8528
60.42,-25.0718,-17.1679,10.8867,74.7221,21.5189,269.7887
60.44,-25.3103,-16.8869,11.7571,72.2049,17.5156,265.4221
60.46,-25.415,-16.7687,12.08,71.2597,15.8617,263.4124
60.48,-25.4981,-16.6551,12.3365,70.4307,14.5501,261.6849
60.5,-25.5704,-16.5807,12.5086,69.9724,13.4021,260.1539
60.52,-25.6282,-16.5181,12.6138,69.7086,12.3386,258.7231
60.54,-25.6851,-16.5149,12.6068,69.8433,11.4231,257.3943
60.56,-25.6906,-16.5544,12.5195,70.1677,11.3887,257.3055
60.58,-25.6773,-16.6507,12.333,70.8809,11.4489,257.2458
60.6,-25.6557,-16.7476,12.0972,71.6915,11.7713,257.5033
60.62,-25.6268,-16.8658,11.7963,72.6531,12.6469,258.4179
60.64,-25.499,-17.1332,11.0452,74.9589,15.7989,262.0079
60.66,-25.4235,-17.2802,10.5852,76.3473,18.0827,264.6876
60.68,-25.3308,-17.4094,10.0862,77.7918,21.0349,267.9453
60.7,-25.2358,-17.5329,9.5339,79.306,25.1961,272.4224
60.72,-25.1237,-17.6365,8.9495,80.8004,31.0789,278.6271
60.74,-24.8708,-17.8099,7.6824,83.3443,52.2497,301.0937
60.76,-24.7362,-17.8589,7.0071,84.1714,69.366,318.8905
60.78,-24.592,-17.8681,6.3132,84.377,90.4704,340.5202
60.8,-24.4417,-17.8421,5.6037,83.769,110.4582,1.0006
60.82,-24.2947,-17.7739,4.8932,82.5694,124.9631,16.1736
60.84,-23.9763,-17.57,3.4953,79.39,142.8541,35.3906
60.86,-23.8169,-17.4268,2.8111,77.6327,148.4168,41.0573
60.88,-23.6558,-17.2457,2.1516,75.729,152.6499,45.0449
60.9,-23.4989,-17.0285,1.522,73.8034,155.0802,46.9715
60.92,-23.3425,-16.7831,0.9359,71.9057,156.6905,47.9287
60.94,-23.0413,-16.2711,-0.0771,68.3296,159.1531,49.4517
60.96,-22.9029,-16.0387,-0.4986,66.6827,159.7019,49.801
60.98,-22.7746,-15.8435,-0.8607,65.2429,159.9566,50.0291
61,-22.6601,-15.6897,-1.1586,64.0458,159.8769,50.1027
61.02,-22.563,-15.5782,-1.3924,63.1651,159.8109,50.1498
61.04,-22.4144,-15.456,-1.6304,62.2136,159.3046,49.9703
61.06,-22.3672,-15.4332,-1.6241,62.1585,158.7814,49.759
61.08,-22.3416,-15.4393,-1.546,62.3519,158.2096,49.4586
61.1,-22.3309,-15.4816,-1.3746,62.6949,156.9597,48.96
61.12,-22.343,-15.566,-1.1219,63.4193,156.0455,48.5416
61.14,-22.4351,-15.836,-0.4194,65.7181,153.97,46.9547
61.16,-22.5164,-16.0046,0.037,67.1987,152.5159,45.695
61.18,-22.6154,-16.1816,0.5616,68.8542,150.6776,43.9031
61.2,-22.7359,-16.3601,1.1463,70.6504,148.3697,41.5311
61.22,-22.8748,-16.5401,1.7827,72.5458,145.4485,38.5225
61.24,-23.2048,-16.884,3.1834,76.4811,136.7104,29.6929
61.26,-23.39,-17.0401,3.9287,78.3712,129.9582,22.9199
61.28,-23.5747,-17.1858,4.691,80.0207,120.7584,13.6802
61.3,-23.7741,-17.2977,5.459,81.3384,108.2297,0.9964
61.32,-23.9773,-17.3948,6.2223,82.626,92.5227,344.9042
61.34,-24.3887,-17.5038,7.7155,82.1018,56.2249,308.6849
61.36,-24.5886,-17.5208,8.4257,80.6937,43.235,295.7137
61.38,-24.7829,-17.5018,9.1032,79.0465,34.7131,287.2847
61.4,-24.9819,-17.4499,9.7295,77.5813,28.6515,281.2105
61.42,-25.1632,-17.3634,10.307,76.1759,24.3401,276.8643
61.44,-25.4882,-17.1083,11.2872,73.5139,18.0471,270.1738
61.46,-25.6211,-16.9701,11.6882,72.4295,16.1934,268.2118
61.48,-25.7497,-16.8408,12.0183,71.3455,14.515,266.0492
61.5,-25.8536,-16.7327,12.2897,70.5794,13.0939,264.1486
61.52,-25.9422,-16.6574,12.4855,70.0541,11.7703,262.3102
61.54,-26.0654,-16.5542,12.6838,69.5874,9.6769,259.4806
61.56,-26.1099,-16.5396,12.6782,69.6322,9.0864,258.7085
61.58,-26.1221,-16.5619,12.6205,69.866,8.8333,258.3069
61.6,-26.1165,-16.6239,12.4923,70.3973,8.7857,258.1237
61.62,-26.1133,-16.6966,12.2914,71.0724,8.6934,257.9719
61.64,-26.0297,-16.9135,11.7464,72.888,10.0029,259.3249
61.66,-25.9754,-17.0483,11.3849,74.0394,11.2737,260.6993
61.68,-25.9159,-17.185,10.9769,75.3089,12.7268,262.2897
61.7,-25.8252,-17.3357,10.5233,76.7411,14.8293,264.4798
61.72,-25.7324,-17.4688,10.0236,78.239,17.4245,267.1893
61.74,-25.5321,-17.708,8.8752,81.4661,26.4508,276.5842
61.76,-25.4097,-17.7993,8.2473,83.035,34.8283,285.2381
61.78,-25.2854,-17.8509,7.5875,84.445,47.5903,298.3724
61.8,-25.1561,-17.8671,6.8981,85.5154,68.2,319.1966
61.82,-25.022,-17.8432,6.1841,85.9198,97.452,348.3456
61.84,-24.7338,-17.6552,4.7261,83.8451,142.4699,32.3165
61.86,-24.5865,-17.4841,4.002,81.8939,150.6859,39.7829
61.88,-24.439,-17.2798,3.2939,79.8481,155.8031,44.228
61.9,-24.2851,-17.0542,2.6132,77.7524,159.6815,47.4477
61.92,-24.1377,-16.8141,1.9622,75.594,162.2248,49.5132
61.94,-23.8632,-16.3418,0.7817,71.4955,164.7452,51.4605
61.96,-23.7398,-16.135,0.2634,69.6321,165.2423,51.7898
61.98,-23.6249,-15.9479,-0.1955,67.9991,165.4328,51.8134
62,-23.5231,-15.7812,-0.5884,66.5714,165.4376,51.7807
62.02,-23.4376,-15.6338,-0.9127,65.4063,165.5277,51.9517
62.04,-23.3065,-15.3901,-1.3345,63.7591,165.2439,51.6954
62.06,-23.2635,-15.2988,-1.4263,63.219,164.35,51.2501
62.08,-23.2329,-15.2527,-1.4394,62.8468,163.4487,51.4395
62.1,-23.2252,-15.2468,-1.3996,62.8873,163.3672,51.3994
62.12,-23.2331,-15.2844,-1.3042,63.2317,163.1407,51.3313
62.14,-23.3037,-15.4965,-0.8943,64.674,162.6157,50.4117
62.16,-23.3585,-15.6304,-0.6049,65.6883,162.3286,49.7506
62.18,-23.4242,-15.7761,-0.2539,66.9024,161.9483,48.9893
62.2,-23.502,-15.9308,0.1534,68.2907,161.4046,48.1669
62.22,-23.5891,-16.0885,0.6179,69.8508,160.6487,47.1683
62.24,-23.7892,-16.3818,1.7058,73.3942,157.9832,44.0642
62.26,-23.8997,-16.5075,2.3241,75.3213,155.5515,41.5282
62.28,-24.0167,-16.6193,2.9881,77.3242,151.9927,37.9718
62.3,-24.1368,-16.7357,3.6836,79.3168,146.8608,32.9705
62.32,-24.2618,-16.8508,4.4057,81.2572,139.3863,25.6981
62.34,-24.5166,-17.0754,5.8917,84.5233,109.7569,356.5251
62.36,-24.6433,-17.1654,6.6374,85.0715,83.2726,330.3048
62.38,-24.7642,-17.2404,7.3674,84.4362,58.4869,305.7961
62.4,-24.8857,-17.2699,8.0845,83.0201,41.5299,289.1338
62.42,-25.0014,-17.2726,8.7754,81.2473,31.3762,279.3838
62.44,-25.219,-17.1946,10.0446,77.6774,21.1973,269.6054
62.46,-25.3148,-17.1203,10.61,75.9857,18.8163,267.1376
62.48,-25.4052,-17.0237,11.1266,74.363,17.372,265.7045
62.5,-25.4861,-16.91,11.5916,72.8987,16.1272,264.4364
62.52,-25.5628,-16.7994,11.9897,71.6176,15.0802,263.2885
62.54,-25.666,-16.5789,12.6225,69.5965,13.6236,261.4773
62.56,-25.6962,-16.4763,12.8474,68.907,13.1499,260.7879
62.58,-25.7251,-16.3855,13.0078,68.2975,12.692,260.0773
62.6,-25.7286,-16.3413,13.1041,68.016,12.4428,259.549
62.62,-25.7375,-16.3118,13.1378,67.9038,12.1069,258.9749
62.64,-25.6933,-16.3614,13.0455,68.26,12.4109,258.8921
62.66,-25.6612,-16.4308,12.887,68.7572,12.7855,259.2274
62.68,-25.6004,-16.534,12.6894,69.4714,13.3801,259.8193
62.7,-25.5396,-16.6412,12.4354,70.2899,14.1968,260.7406
62.72,-25.4753,-16.7691,12.1228,71.255,15.2933,261.9599
62.74,-25.3143,-17.0619,11.3496,73.5979,18.7008,265.6761
62.76,-25.2121,-17.2217,10.8983,74.9211,21.3106,268.4828
62.78,-25.1121,-17.3735,10.3974,76.3148,24.4463,271.9697
62.8,-24.9983,-17.5216,9.8541,77.7754,28.5887,276.5978
62.82,-24.8942,-17.6431,9.2658,79.2962,33.5837,282.1339
62.84,-24.6699,-17.7979,7.9828,82.1054,49.7104,299.4726
62.86,-24.5468,-17.8293,7.2985,83.2533,62.8751,313.2618
62.88,-24.4279,-17.8177,6.5896,84.0063,80.2501,331.0006
62.9,-24.3122,-17.7639,5.862,83.9981,100.6918,351.7198
62.92,-24.1994,-17.6759,5.1235,83.0537,118.2679,9.5218
62.94,-23.9846,-17.4179,3.6596,79.9522,140.6164,32.3171
62.96,-23.8849,-17.2629,2.9451,78.0648,147.6533,39.6174
62.98,-23.7859,-17.0908,2.2458,76.0476,152.4145,44.4186
63,-23.6896,-16.8888,1.5766,73.9946,155.7473,47.5888
63.02,-23.6039,-16.6514,0.9454,71.9811,158.0475,49.7227
63.04,-23.4335,-16.125,-0.1697,68.0438,160.3221,51.7472
63.06,-23.3568,-15.8551,-0.6446,66.1833,160.7545,52.3004
63.08,-23.2877,-15.601,-1.0654,64.4108,161.0583,52.8026
63.1,-23.2251,-15.3749,-1.4266,62.9867,161.0691,52.9886
63.12,-23.1758,-15.1851,-1.7327,61.8309,161.3544,53.3088
63.14,-23.1071,-14.9396,-2.1631,60.174,161.6262,53.9579
63.16,-23.0894,-14.8781,-2.2828,59.7283,161.838,54.206
63.18,-23.0819,-14.8546,-2.3363,59.5336,161.926,54.2818
63.2,-23.0842,-14.8645,-2.3236,59.5734,161.9413,54.2216
63.22,-23.0971,-14.9027,-2.2528,59.8373,161.8602,54.0775
63.24,-23.1508,-15.1078,-1.8973,61.1341,161.5174,53.3729
63.26,-23.1911,-15.2561,-1.6409,62.0864,161.3925,52.9343
63.28,-23.2351,-15.4366,-1.3311,63.218,161.251,52.3482
63.3,-23.2839,-15.6348,-0.9673,64.5266,161.0541,51.6203
63.32,-23.3383,-15.8419,-0.5505,66.0007,160.6761,50.7224
63.34,-23.4508,-16.2475,0.4509,69.3493,158.8985,48.1583
63.36,-23.5109,-16.4305,1.0275,71.159,157.1124,46.1243
63.38,-23.5716,-16.5971,1.6514,73.0337,154.673,43.4846
63.4,-23.639,-16.7408,2.317,74.9756,151.2347,39.9483
63.42,-23.7118,-16.8636,3.017,76.9151,146.5156,35.2532
63.44,-23.8655,-17.0775,4.4905,80.5622,130.6977,19.6021
63.46,-23.9571,-17.1621,5.2459,81.9688,116.6402,5.6888
63.48,-24.0548,-17.2386,6.0007,82.7773,98.9618,348.2401
63.5,-24.1461,-17.296,6.7597,82.8893,79.2411,328.6377
63.52,-24.2489,-17.3339,7.4998,82.2009,61.9934,311.7658
63.54,-24.4646,-17.3292,8.9273,79.3572,39.5745,290.4802
63.56,-24.5722,-17.2898,9.5938,77.5586,33.3197,284.5193
63.58,-24.6856,-17.2212,10.2146,75.8134,29.0066,280.3403
63.6,-24.7954,-17.1207,10.7947,74.0509,25.9819,277.3873
63.62,-24.8988,-17.0065,11.3229,72.4948,23.6012,274.9801
63.64,-25.095,-16.7556,12.2131,69.8778,20.1323,271.2242
63.66,-25.1838,-16.6258,12.5706,68.7158,18.8332,269.849
63.68,-25.2581,-16.5136,12.8644,67.8999,17.8219,268.4393
63.7,-25.3181,-16.4013,13.1042,67.1571,16.7376,266.8994
63.72,-25.3751,-16.3179,13.275,66.6882,15.8585,265.5776
63.74,-25.4461,-16.216,13.436,66.2905,14.5856,263.4882
63.76,-25.4663,-16.2145,13.43,66.385,14.286,262.901
63.78,-25.4728,-16.2588,13.3718,66.6639,14.2323,262.6396
63.8,-25.4678,-16.3244,13.2549,67.1335,14.2897,262.5016
63.82,-25.4605,-16.4187,13.0742,67.753,14.593,262.7152
63.84,-25.3798,-16.7027,12.5641,69.5338,16.3183,264.2237
63.86,-25.3291,-16.866,12.224,70.6457,17.6331,265.5398
63.88,-25.2673,-17.034,11.837,71.8553,19.1832,267.1719
63.9,-25.1973,-17.21,11.3954,73.2285,21.08,269.2301
63.92,-25.1198,-17.38,10.9038,74.675,23.499,271.9107
63.94,-24.9409,-17.7048,9.7735,77.7503,31.1898,280.3752
63.96,-24.8439,-17.8456,9.1397,79.303,37.1866,286.8587
63.98,-24.7423,-17.9458,8.4748,80.7805,44.99,295.1385
64,-24.6319,-18.0209,7.7745,82.1517,55.8245,306.4389
64.02,-24.5217,-18.0596,7.044,83.1809,70.6596,321.7219
64.04,-24.2961,-18.0097,5.5395,83.4432,109.2281,1.2114
64.06,-24.1833,-17.921,4.782,82.3922,124.8808,17.3532
64.08,-24.0666,-17.8135,4.0258,80.8289,136.2275,29.1261
64.1,-23.9552,-17.6691,3.276,78.9712,143.6954,36.7668
64.12,-23.8387,-17.5015,2.5459,76.9973,148.9887,42.0828
64.14,-23.6123,-17.0782,1.1796,72.9086,156.1175,49.1836
64.16,-23.5068,-16.8282,0.5559,70.9655,158.2136,51.1536
64.18,-23.4007,-16.5604,-0.0187,69.0454,159.718,52.4641
64.2,-23.3,-16.2764,-0.5374,67.241,160.7091,53.2068
64.22,-23.2005,-15.9925,-0.9959,65.4915,161.254,53.4767
64.24,-23.028,-15.4849,-1.7332,62.4416,161.5775,53.4122
64.26,-22.9552,-15.2943,-2.0063,61.255,161.5899,53.4284
64.28,-22.8971,-15.1552,-2.2157,60.3345,161.6893,53.5302
64.3,-22.8515,-15.0673,-2.3569,59.7851,161.8064,53.4568
64.32,-22.8205,-15.0226,-2.4234,59.4961,161.8551,53.1314
64.34,-22.8056,-15.0445,-2.324,59.7937,161.6525,52.3692
64.36,-22.8199,-15.1259,-2.1392,60.4372,161.3492,51.8329
64.38,-22.8514,-15.244,-1.8852,61.3344,160.9358,51.2464
64.4,-22.8969,-15.3958,-1.5592,62.48,160.3703,50.4815
64.42,-22.9544,-15.5794,-1.1637,63.833,159.6019,49.5117
64.43999,-23.1118,-15.9929,-0.1784,67.1357,157.3099,46.95
64.46,-23.205,-16.2118,0.4033,69.0055,155.6999,45.193
64.48,-23.3093,-16.4325,1.0332,70.9742,153.626,42.9543
64.5,-23.418,-16.6484,1.712,73.0121,150.9329,40.0954
64.52,-23.539,-16.8468,2.4226,75.1017,147.3487,36.445
64.54,-23.7934,-17.1794,3.9367,79.1197,135.4665,24.5573
64.56,-23.9335,-17.2939,4.7192,81.0398,126.2241,15.2253
64.58,-24.0693,-17.3962,5.5036,82.5986,112.8652,1.808
64.6,-24.2135,-17.4661,6.2851,83.4082,93.4237,342.4003
64.62,-24.3561,-17.5192,7.0529,83.2835,72.0189,321.0698
64.64,-24.6415,-17.5285,8.5327,80.7342,42.0322,292.168
64.66,-24.7785,-17.4892,9.2171,79.109,34.1831,284.7718
64.68,-24.9142,-17.3952,9.8675,77.4284,28.5746,279.508
64.7,-25.041,-17.2941,10.4533,75.8338,24.8879,275.6935
64.72,-25.1705,-17.1653,10.9774,74.2623,21.9804,272.5573
64.74,-25.3963,-16.9071,11.8394,71.6386,18.546,268.9156
64.76,-25.4887,-16.7933,12.165,70.6805,17.0581,266.8855
64.78,-25.5702,-16.6955,12.415,69.983,15.7501,265.0104
64.8,-25.6393,-16.5977,12.5977,69.4597,14.5539,263.2217
64.82,-25.679,-16.5517,12.7096,69.2423,13.7427,261.7873
64.84,-25.7227,-16.5444,12.7201,69.4587,12.8795,259.7525
64.86,-25.7453,-16.5762,12.6296,69.8097,12.5777,259.0859
64.88,-25.7324,-16.6669,12.4559,70.4327,12.6295,258.8109
64.9,-25.7123,-16.7783,12.2282,71.2754,12.9311,258.9283
64.92,-25.6842,-16.9196,11.9293,72.2714,13.6736,259.5935
64.93999,-25.5699,-17.2275,11.1572,74.7416,16.6012,262.8072
64.96,-25.5071,-17.386,10.6712,76.2024,18.7617,265.4118
64.98,-25.4335,-17.5375,10.1305,77.7753,21.778,268.9706
65,-25.3538,-17.6512,9.5433,79.3378,25.7395,273.5364
65.02,-25.2475,-17.7902,8.9061,81.0224,32.3026,280.7075
65.04,-25.0488,-17.9366,7.517,83.9293,55.3426,305.2516
65.06,-24.9449,-17.9598,6.77,84.8526,76.4133,326.9039
65.08,-24.8403,-17.9378,6.0007,84.871,102.3761,353.203
65.1,-24.725,-17.8602,5.2277,83.928,124.0912,15.0445
65.12,-24.6155,-17.748,4.4442,82.3772,138.6159,29.6673
65.14,-24.3809,-17.4475,2.9099,78.4162,153.5284,44.6599
65.16,-24.2603,-17.2585,2.1756,76.2985,157.8539,48.8461
65.18,-24.1394,-17.0521,1.4685,74.2164,160.628,51.3703
65.2,-24.0137,-16.8301,0.8043,72.081,162.7305,53.3569
65.22,-23.8993,-16.5875,0.1861,70.0253,164.2907,55.026
65.24,-23.6607,-16.101,-0.8867,66.3205,165.4308,56.5231
65.26,-23.5514,-15.8565,-1.3347,64.689,165.4354,56.8304
65.28,-23.4428,-15.6317,-1.7165,63.1976,165.1767,56.9338
65.3,-23.3444,-15.427,-2.0312,61.9025,164.8441,57.061
65.32,-23.2564,-15.2614,-2.2845,60.8192,164.4628,57.1576
65.34,-23.1216,-15.0405,-2.5916,59.4514,163.9467,57.3483
65.36,-23.0727,-15.003,-2.6482,59.1871,163.7469,57.2442
65.38,-23.0401,-15.0076,-2.6403,59.1829,163.5516,57.0312
65.4,-23.0223,-15.0462,-2.5747,59.3952,163.3389,56.6446
65.42,-23.016,-15.1268,-2.427,59.9082,163.0323,56.0224
65.43999,-23.0435,-15.3718,-1.9382,61.5979,162.2585,54.5245
65.46,-23.0729,-15.5311,-1.597,62.7752,161.6804,53.6234
65.48,-23.1129,-15.7076,-1.19,64.1635,160.9039,52.6175
65.5,-23.1623,-15.9031,-0.7221,65.7102,159.8754,51.4293
65.52,-23.2225,-16.1026,-0.1979,67.4097,158.5311,49.8598
65.54,-23.3671,-16.5057,1.0082,71.1532,154.6329,45.2184
65.56,-23.4528,-16.697,1.6782,73.138,151.7872,41.9601
65.58,-23.5412,-16.8794,2.3899,75.1492,147.988,37.8182
65.6,-23.6353,-17.0541,3.1304,77.1026,142.7905,32.3659
65.62,-23.7343,-17.1954,3.8994,79.0997,136.006,25.3351
65.64,-23.9412,-17.3981,5.4768,82.3102,112.2458,1.0321
65.66,-24.0546,-17.4531,6.2625,82.9387,93.5622,341.9149
65.68,-24.1674,-17.4786,7.0485,82.6874,73.2013,321.2869
65.7,-24.2715,-17.4878,7.8222,81.7511,56.7349,304.7551
65.72,-24.3907,-17.4718,8.5705,80.2706,44.6446,292.9088
65.74,-24.6273,-17.3481,9.9709,76.8014,30.6371,279.5965
65.76,-24.7238,-17.2452,10.6149,74.934,27.1371,276.3956
65.78,-24.8216,-17.1245,11.1987,73.1444,24.8555,274.3671
65.8,-24.9366,-16.9877,11.7152,71.477,23.0647,272.7853
65.82,-25.0212,-16.8339,12.1756,70.0189,21.426,270.98
65.84,-25.1652,-16.5666,12.888,67.8374,19.2545,268.8056
65.86,-25.2299,-16.4322,13.1422,67.0619,18.497,268.0025
65.88,-25.273,-16.3409,13.3212,66.3973,17.9143,267.114
65.9,-25.3001,-16.2799,13.431,66.1593,17.2851,266.1469
65.92,-25.3254,-16.2263,13.4769,66.0225,16.6543,265.199
65.93999,-25.3215,-16.2747,13.3726,66.4544,16.5848,264.6659
65.96,-25.3018,-16.3668,13.2084,67.0785,16.9141,264.8078
65.98,-25.2699,-16.4855,12.9918,67.8561,17.4172,265.1511
66,-25.223,-16.6218,12.72,68.7814,18.2948,265.8367
66.02,-25.1736,-16.782,12.3813,69.9178,19.3607,266.7635
66.04,-25.0349,-17.1015,11.5493,72.5245,22.5618,269.805
66.06,-24.9578,-17.2645,11.0461,74.0231,24.9847,272.1967
66.08,-24.8646,-17.4105,10.5017,75.622,27.5624,274.696
66.1,-24.7745,-17.551,9.9002,77.3493,30.9598,278.1209
66.12,-24.6746,-17.6624,9.2622,79.1035,35.4734,282.7353
66.14,-24.465,-17.7857,7.8818,82.3748,51.6955,299.0444
66.16,-24.3558,-17.7919,7.1487,83.4765,67.0339,314.3818
66.18,-24.2553,-17.7578,6.398,83.857,86.8951,334.2954
66.2,-24.1348,-17.7041,5.643,83.3917,107.5811,355.0299
66.22,-24.0299,-17.6107,4.8826,82.3177,124.6804,12.2002
66.24,-23.8178,-17.3287,3.3819,78.8312,145.5179,32.9239
66.26,-23.7076,-17.1459,2.6659,76.8265,150.8155,38.3078
66.28,-23.6047,-16.9454,1.9728,74.7772,154.4561,42.0644
66.3,-23.497,-16.7329,1.3132,72.7323,156.9817,44.5576
66.32,-23.3934,-16.507,0.6892,70.6848,158.7216,46.061
66.34,-23.198,-16.0179,-0.4143,66.8231,160.8506,47.6574
66.36,-23.1042,-15.7791,-0.8797,65.0743,161.5508,48.4881
66.38,-23.0154,-15.557,-1.2857,63.5249,162.0033,49.2885
66.4,-22.9314,-15.3547,-1.6309,62.1424,162.1666,49.7701
66.42,-22.8571,-15.1739,-1.9129,60.9649,162.0023,49.9262
66.43999,-22.7427,-14.906,-2.2822,59.319,161.5118,50.1749
66.46,-22.7059,-14.8257,-2.3714,58.8724,161.368,50.0744
66.48,-22.6817,-14.7891,-2.3921,58.727,161.1413,49.9947
66.5,-22.6733,-14.795,-2.3502,58.7837,160.8757,49.864
66.52,-22.678,-14.8371,-2.2505,59.1205,160.6647,49.5746
66.54,-22.7398,-15.0507,-1.8084,60.7138,160.0264,48.5243
66.56,-22.7919,-15.1994,-1.4884,61.8625,159.5819,47.9113
66.58,-22.8594,-15.3705,-1.0963,63.249,158.9053,47.1296
66.6,-22.9427,-15.5601,-0.6348,64.8487,157.9986,46.182
66.62,-23.04,-15.7639,-0.1053,66.6461,156.743,44.9602
66.64,-23.2723,-16.196,1.1319,70.6422,152.7869,41.0983
66.66,-23.406,-16.4116,1.828,72.8407,150.0679,38.413
66.68,-23.5488,-16.622,2.5657,75.0514,146.3718,34.8156
66.7,-23.6972,-16.817,3.3402,77.2648,141.059,29.646
66.72,-23.8502,-16.9968,4.1342,79.2817,133.3585,22.0947
66.74,-24.1585,-17.2847,5.7683,82.623,106.3965,355.9187
66.76,-24.3115,-17.388,6.5859,83.0389,84.7364,334.9083
66.78,-24.4631,-17.4555,7.3931,82.3925,63.3864,314.226
66.8,-24.611,-17.4929,8.178,81.0831,48.3697,300.0684
66.82,-24.7565,-17.5,8.9276,79.444,38.3461,290.8408
66.84,-25.0261,-17.3924,10.297,75.9196,27.3369,281.5778
66.86,-25.141,-17.2878,10.9015,74.0699,24.6422,279.8369
66.88,-25.2386,-17.1596,11.4448,72.2325,22.863,278.6817
66.9,-25.3273,-17.0139,11.917,70.6156,21.1531,277.0655
66.92,-25.3963,-16.8778,12.3121,69.5897,19.8123,275.8898
66.93999,-25.4858,-16.6189,12.8909,67.6911,17.8449,273.3767
66.96,-25.5124,-16.527,13.0643,67.0649,17.2543,272.4373
66.98,-25.5158,-16.4652,13.1704,66.7706,16.8642,271.6981
67,-25.5052,-16.4353,13.2054,66.6606,16.7023,271.1743
67.02,-25.4827,-16.4463,13.165,66.8215,16.75,270.9394
67.04,-25.3738,-16.5898,12.8776,67.8135,17.8395,271.6122
67.06,-25.3105,-16.6998,12.6336,68.5496,18.7796,272.5645
67.08,-25.2238,-16.8383,12.3273,69.4836,20.1811,273.9886
67.1,-25.134,-16.9861,11.9576,70.593,21.8422,275.6544
67.12,-25.0317,-17.1581,11.5198,71.9044,24.1328,277.9311
67.14,-24.8076,-17.4794,10.4708,74.8345,30.4274,284.1284
67.16,-24.6809,-17.612,9.8706,76.3731,34.9233,288.5319
67.18,-24.5504,-17.7229,9.2269,77.9293,40.7543,294.3056
67.2,-24.4213,-17.8111,8.5427,79.4515,48.2891,301.8398
67.22,-24.2883,-17.8793,7.822,80.8605,58.484,311.9779
67.24,-24.0134,-17.8998,6.3198,82.4736,88.7501,341.6975
67.26,-23.8812,-17.8561,5.5457,82.1953,105.9104,358.6355
67.28,-23.7515,-17.7712,4.776,81.2271,120.4131,13.04
67.3,-23.6207,-17.6616,4.0132,79.7604,131.4444,23.9491
67.32,-23.4988,-17.5222,3.2609,78.0337,139.7334,32.1027
67.34,-23.2575,-17.1752,1.8262,74.1237,150.7425,42.6959
67.36,-23.1459,-16.9602,1.1617,72.1662,153.8349,45.5544
67.38,-23.0372,-16.7281,0.5403,70.2182,156.0795,47.5289
67.4,-22.9388,-16.4695,-0.0284,68.3513,157.6615,48.7668
67.42,-22.8433,-16.2023,-0.538,66.4812,158.5932,49.337
67.43999,-22.6893,-15.6833,-1.3651,62.9842,158.9671,49.7878
67.46,-22.6289,-15.4677,-1.6816,61.5353,159.0926,50.0521
67.48,-22.5807,-15.2964,-1.9296,60.3586,159.0055,50.2105
67.5,-22.5477,-15.1723,-2.1078,59.4913,158.8044,50.4159
67.52,-22.5335,-15.0971,-2.215,59.0761,158.8307,50.6229
67.54,-22.55,-15.0873,-2.2133,59.046,158.9504,50.6414
67.56,-22.5829,-15.1351,-2.1056,59.4509,158.8939,50.5322
67.58,-22.6385,-15.2403,-1.8938,60.2376,158.6756,50.1871
67.6,-22.7036,-15.3739,-1.6241,61.1996,158.3587,49.6473
67.62,-22.7865,-15.5332,-1.284,62.406,157.9155,48.9489
67.64,-22.9861,-15.9162,-0.4022,65.4639,156.6089,47.0659
67.66,-23.0999,-16.1271,0.1322,67.261,155.6501,45.7712
67.68,-23.2271,-16.3364,0.7201,69.2189,154.4215,44.2062
67.7,-23.3584,-16.5458,1.3615,71.2899,152.774,42.2268
67.72,-23.4945,-16.7524,2.0431,73.4001,150.4931,39.6373
67.74,-23.7813,-17.1157,3.5098,77.588,142.017,30.8206
67.76,-23.9275,-17.2702,4.2779,79.7818,136.1264,24.6765
67.78,-24.083,-17.3894,5.0568,81.6899,125.9708,14.3872
67.8,-24.2238,-17.4931,5.8475,83.0294,108.9642,357.4471
67.82,-24.3734,-17.5664,6.6303,83.5333,87.3822,336.1955
67.84,-24.6456,-17.631,8.1709,81.8506,50.3223,300.4124
67.86,-24.7834,-17.6161,8.903,80.2178,39.7392,290.799
67.88,-24.9116,-17.5712,9.6,78.3723,33.0027,285.0294
67.9,-25.0337,-17.4867,10.254,76.4305,28.8641,281.9622
67.92,-25.1475,-17.3597,10.8592,74.4321,25.9718,280.0378
67.93999,-25.3464,-17.0717,11.8834,71.2756,21.5202,276.3783
67.96,-25.4373,-16.9019,12.2915,70.0727,19.4933,274.2941
67.98,-25.4949,-16.7498,12.6402,68.9936,18.1309,272.6486
68,-25.5377,-16.6069,12.9194,68.0844,17.0893,271.1367
68.02,-25.5717,-16.4932,13.1184,67.4753,16.2477,269.7413
68.04,-25.6106,-16.3573,13.3126,66.9482,14.8648,267.4104
68.06,-25.6084,-16.3486,13.3132,66.9905,14.6808,266.957
68.08,-25.5849,-16.3711,13.255,67.1718,14.7729,266.8697
68.1,-25.5455,-16.4413,13.1279,67.5939,15.1521,267.2217
68.12,-25.5078,-16.5292,12.9255,68.2271,15.8356,268.0391
68.14,-25.372,-16.8164,12.3544,70.0399,18.2308,270.9293
68.16,-25.2968,-16.9957,11.9686,71.1622,20.1801,273.2895
68.18,-25.2049,-17.1607,11.5428,72.3562,22.4985,276.0312
68.2,-25.1118,-17.3336,11.0497,73.7102,25.3165,279.3208
68.22,-25.0201,-17.5029,10.4979,75.1918,28.7393,283.2086
68.24,-24.8161,-17.7621,9.2478,78.3984,38.8779,293.8395
68.26,-24.7011,-17.8493,8.5634,79.9227,46.7864,301.8047
68.28,-24.601,-17.8954,7.838,81.3607,57.068,312.0416
68.3,-24.5047,-17.9075,7.0865,82.4784,70.6672,325.5651
68.32,-24.406,-17.8853,6.319,83.0773,88.5593,343.3438
68.34,-24.2236,-17.7383,4.7674,81.7959,123.4082,18.0769
68.36,-24.1321,-17.6239,3.9998,80.3083,136.1063,30.7856
68.38,-24.0465,-17.4818,3.2413,78.4388,144.8502,39.48
68.4,-23.9628,-17.2985,2.5102,76.4457,150.597,45.1122
68.42,-23.8843,-17.0816,1.8063,74.3988,154.5937,48.8798
68.43999,-23.7254,-16.5735,0.5223,70.2996,158.9428,52.543
68.46,-23.6553,-16.2967,-0.0471,68.3082,160.0182,53.4659
68.48,-23.5853,-16.0276,-0.5587,66.4166,161.0544,54.347
68.5,-23.5235,-15.7723,-1.0158,64.6884,161.7211,54.9299
68.52,-23.4691,-15.5452,-1.413,63.148,162.2048,55.3108
68.54,-23.3884,-15.1838,-2.0228,60.8149,162.7661,55.4757
68.56,-23.3635,-15.0476,-2.224,59.9968,162.9349,55.4069
68.58,-23.3497,-14.945,-2.3506,59.44,162.799,55.2308
68.6,-23.3452,-14.8791,-2.4039,59.0468,162.5758,54.9962
68.62,-23.3526,-14.8508,-2.3819,59.072,162.652,54.8285
68.64,-23.4048,-14.9193,-2.1188,59.9687,162.3289,54.1563
68.66,-23.453,-15.0278,-1.8825,60.8593,162.1002,53.7572
68.68,-23.5059,-15.184,-1.5807,61.9542,161.8628,53.1623
68.7,-23.573,-15.3666,-1.2139,63.2652,161.5151,52.4192
68.72,-23.644,-15.5766,-0.7824,64.7681,161.0441,51.4317
68.74,-23.8062,-16.0286,0.2577,68.361,159.8333,49.176
68.76,-23.8913,-16.2691,0.8577,70.3529,158.9557,47.8594
68.78,-23.9799,-16.5066,1.5018,72.4905,157.6204,46.2327
68.8,-24.0722,-16.7236,2.1905,74.7168,155.6805,44.1383
68.82,-24.1538,-16.918,2.9242,76.9303,152.1405,40.5701
68.84,-24.3195,-17.2272,4.4558,81.0232,138.2472,26.9044
68.86,-24.4039,-17.3407,5.2414,82.8946,125.9903,14.9275
68.88,-24.4845,-17.4317,6.0253,84.1074,106.2545,355.4857
68.9,-24.568,-17.4853,6.8036,84.2224,79.9625,329.5624
68.92,-24.6451,-17.5342,7.563,83.2827,59.0299,309.3729
68.93999,-24.8215,-17.5361,8.9817,80.0011,36.3894,288.1345
68.96,-24.904,-17.4879,9.6268,78.2756,30.9733,283.1706
68.98,-24.9767,-17.3875,10.2206,76.5407,27.3462,279.717
69,-25.0517,-17.275,10.7433,74.9415,24.5681,276.899
69.02,-25.1131,-17.1453,11.2084,73.6013,22.3871,274.6693
69.04,-25.2206,-16.8831,11.9391,71.3166,19.3336,271.1268
69.06,-25.2793,-16.7814,12.1875,70.5162,18.0868,269.5245
69.08,-25.3124,-16.7097,12.3693,69.9571,17.2992,268.2805
69.1,-25.3258,-16.6692,12.4816,69.6641,16.779,267.32
69.12,-25.3533,-16.6411,12.5192,69.5669,16.2796,266.5575
69.14,-25.3506,-16.6874,12.4063,70.0273,16.2304,266.228
69.16,-25.3308,-16.7718,12.2266,70.6352,16.7242,266.7046
69.18,-25.3126,-16.8606,11.9981,71.366,17.3926,267.4451
69.2,-25.2661,-16.987,11.713,72.3019,18.5336,268.6653
69.22,-25.2262,-17.1327,11.3611,73.4233,20.0434,270.3996
69.24,-25.1342,-17.392,10.4885,75.9215,24.2466,275.3658
69.26,-25.0647,-17.5198,9.9784,77.3469,27.6136,279.2953
69.28,-24.9985,-17.6244,9.4167,78.8088,31.9941,284.3497
69.3,-24.9432,-17.7011,8.8041,80.3502,37.7806,290.7507
69.32,-24.8693,-17.7489,8.1626,81.77,46.2205,299.6935
69.34,-24.7491,-17.7638,6.7817,83.8126,74.7014,329.3423
69.36,-24.6753,-17.742,6.0692,83.9787,94.7941,349.9867
69.38,-24.6084,-17.6947,5.3428,83.432,114.3109,10.101
69.4,-24.5503,-17.6138,4.6117,82.286,129.5942,25.9633
69.42,-24.4841,-17.4988,3.8889,80.7056,140.0046,36.9047
69.43999,-24.3556,-17.1844,2.4965,77.0991,152.7454,51.0202
69.46,-24.2876,-16.9905,1.8346,75.1208,156.2885,55.0039
69.48,-24.2193,-16.7668,1.2041,73.1788,158.4461,57.3138
69.5,-24.1488,-16.5138,0.6171,71.2122,159.8691,58.8103
69.52,-24.0716,-16.2448,0.0922,69.3383,160.3519,59.5797
69.54,-23.9291,-15.7344,-0.813,65.9711,161.0246,60.8644
69.56,-23.8586,-15.5106,-1.1784,64.5506,161.1729,61.2941
69.58,-23.7958,-15.3244,-1.4909,63.3358,161.1429,61.4986
69.6,-23.7412,-15.1734,-1.7471,62.3786,161.3677,61.6659
69.62,-23.6895,-15.0567,-1.9372,61.6561,161.5218,61.6402
69.64,-23.611,-14.9202,-2.1195,60.8752,161.4498,61.1309
69.66,-23.5846,-14.901,-2.1098,60.8181,161.2506,60.5743
69.68,-23.5668,-14.9167,-2.0356,61.0285,160.9834,60.1751
69.7,-23.5528,-14.9776,-1.8835,61.5176,160.5833,59.5369
69.72,-23.5498,-15.0757,-1.6688,62.2252,160.1041,58.7028
69.74,-23.5679,-15.3556,-1.0634,64.2052,158.8478,56.1159
69.76,-23.5916,-15.5292,-0.6717,65.4788,158.0099,54.4539
69.78,-23.6191,-15.7221,-0.2213,66.9221,156.9619,52.6163
69.8,-23.6548,-15.924,0.2881,68.5413,155.6071,50.6319
69.82,-23.6937,-16.1322,0.8526,70.3051,153.8599,48.3766
69.84,-23.7933,-16.5449,2.1133,74.1028,148.6858,42.3443
69.86,-23.8527,-16.7368,2.7997,76.067,144.7217,37.9951
69.88,-23.9146,-16.9218,3.5119,77.9787,139.3508,32.3445
69.9,-23.9841,-17.0847,4.2473,79.8076,131.5502,24.4279
69.92,-24.0608,-17.2298,4.991,81.3134,120.0128,12.8571
69.93999,-24.2176,-17.4306,6.4908,82.5685,86.5961,339.6638
69.96,-24.299,-17.4766,7.2288,82.1462,69.5903,322.7898
69.98,-24.3873,-17.4947,7.9365,81.2382,55.9526,309.1852
70,-24.4789,-17.4719,8.6192,79.8789,45.769,299.0416
70.02,-24.566,-17.4379,9.2551,78.3188,38.9245,292.0897
70.04,-24.7429,-17.2835,10.375,75.3211,30.167,282.6154
70.06,-24.8237,-17.1808,10.8474,74.1195,27.2127,279.3406
70.08,-24.9022,-17.0773,11.248,72.999,25.0419,276.7589
70.1,-24.967,-16.9693,11.5857,72.0062,23.4193,274.7743
70.12,-25.0342,-16.8868,11.8392,71.2495,22.1142,273.0173
70.14,-25.1352,-16.7813,12.1424,70.4359,20.2153,270.3412
70.16,-25.1736,-16.759,12.1912,70.3657,19.5448,269.353
70.18,-25.2016,-16.7779,12.1635,70.5451,19.2446,268.8064
70.2,-25.2073,-16.8193,12.0816,70.9213,19.2295,268.5849
70.22,-25.2138,-16.8954,11.9049,71.521,19.5045,268.7525
70.24,-25.2045,-17.1035,11.3748,73.2937,20.9613,270.1213
70.26,-25.1932,-17.2281,11.017,74.4349,22.1939,271.4719
70.28,-25.1529,-17.3649,10.6122,75.6643,24.1947,273.6934
70.3,-25.126,-17.502,10.1425,77.02,26.816,276.7041
70.32,-25.0859,-17.6357,9.6238,78.4531,30.4774,280.7157
70.34,-24.9864,-17.837,8.4454,81.448,42.5506,293.2815
70.36,-24.9282,-17.9069,7.7962,82.7881,53.0652,304.1406
70.38,-24.8636,-17.95,7.124,83.788,67.8513,319.494
70.4,-24.7921,-17.9767,6.4296,84.2419,87.1477,339.542
70.42,-24.7199,-17.9795,5.7163,83.9788,107.6424,0.8259
70.43999,-24.5556,-17.8845,4.2679,81.5995,136.8291,31.3104
70.46,-24.4688,-17.7809,3.5451,79.9028,145.0496,39.9786
70.48,-24.3696,-17.6468,2.8378,78.0572,150.6692,46.0375
70.5,-24.2711,-17.4737,2.1499,76.1515,154.7175,50.4186
70.52,-24.1648,-17.2699,1.4966,74.2334,157.6733,53.4993
70.54,-23.9369,-16.789,0.3083,70.4945,160.7932,56.4986
70.56,-23.8182,-16.5325,-0.2123,68.6907,161.8155,57.4141
70.58,-23.6995,-16.2761,-0.6771,66.9707,162.3819,57.9406
70.6,-23.5809,-16.0329,-1.0842,65.3023,162.543,58.142
70.62,-23.4667,-15.8118,-1.4284,63.8747,162.3194,58.0834
70.64,-23.2528,-15.4732,-1.9263,61.8022,161.5524,57.5178
70.66,-23.1631,-15.3607,-2.0757,61.1472,161.1436,57.2302
70.68,-23.0813,-15.2923,-2.1538,60.7511,160.6891,56.8868
70.7,-23.0129,-15.2583,-2.156,60.6474,160.2214,56.4425
70.72,-22.9602,-15.265,-2.0901,60.7712,159.6766,56.037
70.74,-22.8905,-15.3984,-1.7243,61.8608,158.1182,54.5545
70.76,-22.8795,-15.5211,-1.4451,62.7298,157.2237,53.3693
70.78,-22.8873,-15.6718,-1.1022,63.8043,156.231,51.9378
70.8,-22.9086,-15.8434,-0.6955,65.0864,155.0724,50.2409
70.82,-22.9446,-16.0287,-0.2265,66.5339,153.7288,48.348
70.84,-23.0536,-16.4114,0.8877,69.9037,149.975,43.5295
70.86,-23.128,-16.5977,1.5207,71.7504,147.3134,40.3431
70.88,-23.2148,-16.7776,2.1972,73.6419,143.8283,36.4145
70.9,-23.3117,-16.9425,2.9103,75.5691,139.3394,31.4727
70.92,-23.4212,-17.0911,3.6516,77.3734,133.0106,24.8515
70.93999,-23.6713,-17.3332,5.1751,80.5302,114.2873,5.5029
70.96,-23.8038,-17.4189,5.9485,81.5658,99.5732,350.6421
70.98,-23.9444,-17.4806,6.7104,81.9001,84.1963,335.2406
71,-24.0978,-17.5057,7.4544,81.5165,66.7134,317.5392
71.02,-24.2497,-17.512,8.1732,80.5693,53.2981,303.9812
71.04,-24.5533,-17.4418,9.5131,77.8249,35.802,286.4633
71.06,-24.7025,-17.3822,10.1137,76.4682,30.4022,281.0693
71.08,-24.8455,-17.3062,10.6607,75.0854,26.6063,277.3938
71.1,-24.9852,-17.2027,11.1486,73.6407,24.0209,274.9254
71.12,-25.1158,-17.1077,11.5618,72.4,21.8279,272.7331
71.14,-25.3495,-16.8945,12.1749,70.7689,18.0801,269.0039
71.16,-25.4293,-16.8214,12.3753,70.2456,16.9465,267.7828
71.18,-25.5325,-16.7408,12.4957,69.8135,15.8196,266.6706
71.2,-25.5909,-16.736,12.5465,69.7745,15.1239,265.8531
71.22,-25.6335,-16.7606,12.5293,69.9418,14.6806,265.2614
71.24,-25.7107,-16.8796,12.2745,70.9607,14.141,264.5811
71.26,-25.7199,-16.9876,12.0449,71.7709,14.4091,264.8535
71.28,-25.738,-17.0951,11.7522,72.7334,14.7472,265.3269
71.3,-25.7399,-17.2469,11.386,73.9362,15.5877,266.3696
71.32,-25.7112,-17.3923,10.9774,75.2371,16.921,267.9308
71.34,-25.6296,-17.689,9.9838,78.1676,21.6342,273.6062
71.36,-25.5841,-17.8272,9.4027,79.7265,25.6586,278.4723
71.38,-25.5184,-17.9469,8.7763,81.2901,31.5911,285.4103
71.4,-25.4392,-18.0407,8.1105,82.8549,40.6615,295.5293
71.42,-25.3518,-18.0968,7.4098,84.1692,54.5513,310.5216
71.43999,-25.1469,-18.1003,5.9288,84.8964,99.4531,357.7959
71.46,-25.0285,-18.0521,5.1651,83.9673,120.1654,19.6723
71.48,-24.9012,-17.9667,4.3941,82.5378,135.4077,35.7815
71.5,-24.7699,-17.8288,3.629,80.834,145.16,46.0852
71.52,-24.6277,-17.6629,2.8811,78.8545,151.17,52.5911
71.54,-24.3366,-17.2627,1.4479,74.6936,157.7287,59.8998
71.56,-24.1794,-17.0485,0.7808,72.642,159.6557,62.0097
71.58,-24.0308,-16.8239,0.148,70.5812,161.2769,63.8159
71.6,-23.8763,-16.5821,-0.4288,68.648,161.8093,64.257
71.62,-23.7224,-16.3242,-0.9499,66.7885,162.2367,64.338
71.64,-23.4255,-15.7826,-1.7891,63.3465,162.5589,63.8764
71.66,-23.2879,-15.5354,-2.1054,61.9266,162.2982,63.5506
71.68,-23.1573,-15.3285,-2.352,60.7034,161.6786,63.2443
71.7,-23.0375,-15.1774,-2.5397,59.825,161.1515,62.8104
71.72,-22.934,-15.08,-2.6666,59.2481,160.7311,62.3643
71.74,-22.7749,-15.0331,-2.7221,58.8348,160.0216,61.0102
71.76,-22.722,-15.0621,-2.6443,59.02,159.5643,60.0165
71.78,-22.6831,-15.1289,-2.4778,59.5077,159.0321,59.0011
71.8,-22.6614,-15.2285,-2.228,60.2753,158.4036,57.8756
71.82,-22.6567,-15.365,-1.908,61.2937,157.588,56.7336
71.84,-22.7048,-15.7199,-1.0559,64.0498,155.3941,53.5099
71.86,-22.7532,-15.9313,-0.5319,65.6948,153.913,51.2645
71.88,-22.8203,-16.1503,0.0532,67.5124,152.102,48.6443
71.9,-22.9004,-16.3751,0.6973,69.4368,149.8356,45.5911
71.92,-22.994,-16.5909,1.3951,71.4665,146.89,41.903
71.93999,-23.2244,-16.9701,2.9254,75.7202,138.3309,32.0364
71.96,-23.3564,-17.1241,3.7421,77.7266,131.3223,24.6175
71.98,-23.5047,-17.2435,4.5802,79.4798,121.2842,14.3913
72,-23.6582,-17.3382,5.4286,80.8825,108.3484,1.1771
72.02,-23.823,-17.3927,6.2794,81.7049,91.8898,344.4001
72.04,-24.1923,-17.4068,7.9309,81.0453,56.1848,307.6304
72.06,-24.3725,-17.3782,8.7247,79.567,43.8912,295.1221
72.08,-24.567,-17.3035,9.4909,77.6809,34.8661,286.0936
72.1,-24.7676,-17.2142,10.2039,75.862,28.4296,279.7461
72.12,-24.9492,-17.106,10.8709,74.1113,23.8703,275.2692
72.14,-25.2872,-16.8122,12.0196,70.8135,18.3605,269.8946
72.16,-25.43,-16.6449,12.49,69.3813,16.3901,267.5851
72.18,-25.5673,-16.495,12.875,68.2732,14.6373,265.5157
72.2,-25.6819,-16.3211,13.1976,67.2963,13.0555,263.5535
72.22,-25.7789,-16.1878,13.4393,66.5211,11.9093,261.9019
72.24,-25.9073,-16.0552,13.6874,65.82,10.3694,259.1884
72.26,-25.9509,-16.0411,13.7055,65.852,9.7634,258.1271
72.28,-25.9517,-16.0756,13.6609,66.1629,9.5206,257.4581
72.3,-25.9568,-16.1423,13.5437,66.6492,9.4243,257.093
72.32,-25.9329,-16.2583,13.3404,67.3515,9.7172,257.1763
72.34,-25.8442,-16.5905,12.7422,69.5007,10.9807,258.3467
72.36,-25.7678,-16.7704,12.3534,70.7839,12.2163,259.6667
72.38,-25.7026,-16.9666,11.8905,72.2527,13.7222,261.4725
72.4,-25.6033,-17.1787,11.3756,73.8869,15.8449,263.9499
72.42,-25.5031,-17.3773,10.7952,75.6257,18.6356,267.1652
72.43999,-25.2666,-17.6706,9.4834,79.3037,27.4116,276.4399
72.46,-25.1395,-17.7609,8.7498,81.1456,35.0091,284.0886
72.48,-24.9968,-17.818,7.988,82.76,46.7489,295.7876
72.5,-24.8636,-17.8241,7.1993,83.9534,64.101,313.2759
72.52,-24.7159,-17.8221,6.3926,84.6342,88.0571,337.2916
72.54,-24.4378,-17.6698,4.7547,82.8533,131.1103,20.2619
72.56,-24.2966,-17.5308,3.9433,80.8853,142.2578,31.3631
72.58,-24.1552,-17.3575,3.1599,78.8009,149.4658,38.7434
72.6,-24.0193,-17.1751,2.3953,76.5416,154.6798,44.4131
72.62,-23.8833,-16.9756,1.6637,74.2887,157.8032,47.81
72.64,-23.6163,-16.5375,0.3329,69.9854,161.12,51.7428
72.66,-23.492,-16.3088,-0.2533,68.0203,161.8707,52.9813
72.68,-23.3716,-16.0789,-0.7791,66.1605,162.3837,53.9559
72.7,-23.2583,-15.8496,-1.2404,64.4481,162.6308,54.4064
72.72,-23.1616,-15.6196,-1.631,62.9202,162.6542,54.5684
72.74,-22.9997,-15.2296,-2.1832,60.4688,162.2088,54.444
72.76,-22.9433,-15.0894,-2.3477,59.6888,161.9652,54.2462
72.78,-22.9044,-15.0059,-2.439,59.1817,161.6194,54.2614
72.8,-22.8858,-14.9689,-2.4592,59.0254,161.5762,54.0799
72.82,-22.8834,-14.9826,-2.4076,59.1793,161.5651,53.8196
72.84,-22.9364,-15.1363,-2.0497,60.4428,161.1904,52.6674
72.86,-22.987,-15.2701,-1.7476,61.5279,160.8292,52.1477
72.88,-23.0532,-15.44,-1.3672,62.8624,160.2622,51.3508
72.9,-23.1373,-15.6368,-0.9155,64.4273,159.534,50.3063
72.92,-23.2323,-15.8551,-0.3921,66.204,158.6116,48.9057
72.93999,-23.4561,-16.3186,0.8412,70.2953,156.1137,45.4016
72.96,-23.5774,-16.5498,1.5434,72.553,154.1919,43.1258
72.98,-23.7111,-16.7678,2.2876,74.9187,151.5518,40.2294
73,-23.8435,-16.9803,3.0635,77.2242,147.7005,36.1107
73.02,-23.9769,-17.1586,3.8715,79.5326,141.5823,29.6808
73.04,-24.2629,-17.4229,5.5207,83.3897,116.1743,3.7498
73.06,-24.412,-17.4975,6.3492,84.2911,92.5282,340.0378
73.08,-24.548,-17.5532,7.1694,84.0602,67.4396,314.9454
73.1,-24.6932,-17.5662,7.9677,82.8942,47.701,295.3994
73.12,-24.8327,-17.5566,8.7408,81.2122,35.3697,283.4593
73.14,-25.1037,-17.4335,10.1699,77.309,22.7404,271.4625
73.16,-25.2162,-17.3311,10.8162,75.3836,19.7338,268.6443
73.18,-25.3541,-17.2038,11.3823,73.6141,17.4978,266.7663
73.2,-25.4541,-17.0637,11.9014,72.0088,15.9823,265.2705
73.22,-25.5456,-16.9051,12.3501,70.6127,14.3499,263.3731
73.24,-25.7044,-16.6054,13.0275,68.5501,11.7098,260.0897
73.26,-25.7596,-16.4818,13.2577,67.8157,10.8661,258.7254
73.28,-25.8045,-16.3795,13.4177,67.2335,10.2714,257.4777
73.3,-25.8251,-16.3228,13.5106,66.9686,9.8244,256.3348
73.32,-25.8269,-16.3063,13.5406,66.9388,9.5256,255.434
73.34,-25.8154,-16.368,13.4108,67.5374,9.2213,254.4155
73.36,-25.7753,-16.4582,13.2314,68.1193,9.6076,254.6006
73.38,-25.7286,-16.5789,13.0036,68.9184,10.2907,255.263
73.4,-25.6776,-16.7197,12.7103,69.868,11.1453,256.1494
73.42,-25.5935,-16.8817,12.3709,70.9954,12.4124,257.4143
73.43999,-25.4339,-17.2329,11.51,73.6675,15.8303,261.379
73.46,-25.3425,-17.3974,10.9967,75.14,18.3615,264.4709
73.48,-25.2352,-17.5539,10.4344,76.7456,21.5697,268.2069
73.5,-25.1279,-17.6851,9.8153,78.4229,25.7701,272.8577
73.52,-25.0121,-17.7859,9.1551,80.1069,31.7025,279.1309
73.54,-24.7959,-17.8753,7.7106,83.2333,52.7135,300.36
73.56,-24.6956,-17.8591,6.9518,84.4281,70.1694,317.7806
73.58,-24.6035,-17.8281,6.1671,84.846,94.3764,342.1045
73.6,-24.4974,-17.7433,5.3881,84.1813,118.46,5.9144
73.62,-24.4054,-17.6172,4.598,82.8367,137.1807,23.8815
73.64,-24.2464,-17.2478,3.0524,78.9041,156.5264,42.2597
73.66,-24.1677,-17.02,2.3183,76.6848,161.0948,46.3845
73.68,-24.0989,-16.7649,1.6175,74.4327,163.8712,48.8716
73.7,-24.0299,-16.5024,0.9599,72.1344,165.5556,50.341
73.72,-23.9703,-16.2338,0.3502,69.9388,166.4314,51.0094
73.74,-23.8773,-15.7088,-0.7081,65.9337,167.2664,51.7707
73.76,-23.8448,-15.4556,-1.1458,64.2892,167.2818,51.7123
73.78,-23.8175,-15.2152,-1.5146,62.7408,167.0794,51.6964
73.8,-23.8006,-14.9956,-1.8159,61.4407,166.865,51.9103
73.82,-23.7923,-14.8074,-2.051,60.4683,166.987,52.3129
73.84,-23.8151,-14.553,-2.3357,59.2095,166.7627,53.027
73.86,-23.8478,-14.4965,-2.3928,58.9853,166.9901,53.4019
73.88,-23.8871,-14.4908,-2.3873,59.0415,167.2568,53.7294
73.9,-23.9365,-14.5273,-2.3303,59.2995,167.5469,53.9571
73.92,-24.0041,-14.613,-2.1979,59.8682,167.837,54.143
73.93999,-24.1476,-14.8694,-1.7465,61.6826,168.3839,54.3999
73.96,-24.228,-15.0347,-1.4291,62.9181,168.6135,54.5851
73.98,-24.307,-15.2181,-1.0482,64.3643,168.7241,54.6103
74,-24.3845,-15.4186,-0.6099,65.9792,168.7505,54.472
74.02,-24.464,-15.6322,-0.1187,67.7473,168.5354,54.185
74.04,-24.6163,-16.0606,1.0254,71.6581,166.7864,52.8243
74.06,-24.6855,-16.2653,1.6723,73.7778,165.1685,51.5241
74.08,-24.7539,-16.4598,2.3585,75.9565,162.8388,49.5549
74.1,-24.8183,-16.6468,3.0766,78.2048,159.6358,46.7119
74.12,-24.8726,-16.8235,3.8247,80.4856,155.34,42.6972
74.14,-24.9764,-17.1179,5.3595,84.7144,133.4213,21.504
74.16,-25.0204,-17.207,6.138,86.0372,105.6507,354.0736
74.18,-25.0618,-17.2667,6.9021,85.9212,70.2455,319.0208
74.2,-25.0895,-17.295,7.6491,84.5358,47.6282,296.5516
74.22,-25.1186,-17.2849,8.3744,82.8126,32.4303,281.4965
74.24,-25.1548,-17.1946,9.7131,78.9226,22.0051,271.64
74.26,-25.1872,-17.1089,10.304,76.9461,19.611,269.3314
74.28,-25.178,-17.0237,10.8444,75.1598,18.6653,268.113
74.3,-25.1838,-16.9005,11.3204,73.5484,17.2333,266.3641
74.32,-25.1911,-16.7797,11.7253,72.2826,16.0998,265.1419
74.34,-25.1568,-16.5555,12.3241,70.2626,15.4194,264.0427
74.36,-25.149,-16.4614,12.5081,69.6081,15.0237,263.3942
74.38,-25.0992,-16.4177,12.6294,69.1927,15.1934,263.1978
74.4,-25.069,-16.392,12.6705,68.9466,15.415,263.188
74.42,-25.0228,-16.3928,12.6551,68.923,15.8002,263.3877
74.43999,-24.9193,-16.5144,12.387,69.7715,16.9511,264.518
74.46,-24.8592,-16.6126,12.1497,70.5048,18.0798,265.7188
74.48,-24.7922,-16.7375,11.8521,71.4151,19.5756,267.3714
74.5,-24.7231,-16.8672,11.4887,72.4602,21.3413,269.3306
74.52,-24.6571,-17.0024,11.0721,73.6483,23.5258,271.7472
74.54,-24.5151,-17.3101,10.0652,76.5177,29.8883,278.7802
74.56,-24.4596,-17.4425,9.4806,78.0902,34.3293,283.7188
74.58,-24.3919,-17.5463,8.8551,79.6147,40.5163,290.3982
74.6,-24.3396,-17.626,8.1756,81.1015,49.2762,299.6876
74.62,-24.2937,-17.664,7.4578,82.3847,61.6455,312.5172
74.64,-24.2065,-17.6051,5.955,83.4173,98.3039,349.6526
74.66,-24.1851,-17.5226,5.1765,82.8302,117.4835,9.1118
74.68,-24.1577,-17.4046,4.4016,81.5543,132.2836,24.0933
74.7,-24.1384,-17.2491,3.6358,79.9142,143.0393,34.805
74.72,-24.1286,-17.0792,2.8786,77.9141,151.174,43.0777
74.74,-24.112,-16.6516,1.4506,73.5415,160.0481,52.0442
74.76,-24.1059,-16.4096,0.7908,71.3618,162.3987,54.4657
74.78,-24.1023,-16.1524,0.1761,69.3028,163.8941,56.0206
74.8,-24.0996,-15.8869,-0.3867,67.406,165.0598,57.2517
74.82,-24.0971,-15.622,-0.8954,65.5814,165.7731,58.1351
74.84,-24.094,-15.1223,-1.7353,62.4151,166.6994,59.4287
74.86,-24.0988,-14.9041,-2.0704,61.1973,167.2937,59.8964
74.88,-24.1053,-14.716,-2.343,60.1565,167.6423,60.2321
74.9,-24.1153,-14.5636,-2.5531,59.3108,167.7725,60.4686
74.92,-24.1302,-14.4497,-2.7034,58.7336,168.0935,60.6392
74.93999,-24.1721,-14.3458,-2.817,58.3045,168.6019,60.7595
74.96,-24.1967,-14.3542,-2.7796,58.4443,168.7584,60.6746
74.98,-24.2245,-14.3964,-2.6822,58.8483,168.8536,60.4311
75,-24.2604,-14.487,-2.4912,59.527,168.8379,60.0961
75.02,-24.2969,-14.6054,-2.2424,60.464,168.6888,59.7773
75.04,-24.3739,-14.9371,-1.5355,63.0733,167.974,58.8601
75.06,-24.4154,-15.1416,-1.0806,64.7216,167.3202,58.2002
75.08,-24.4536,-15.3616,-0.5546,66.5848,166.4134,57.4142
75.1,-24.4944,-15.5911,0.0341,68.6271,164.927,56.3513
75.12,-24.5339,-15.821,0.686,70.8053,162.7718,54.7939
75.14,-24.6061,-16.2812,2.1428,75.3013,155.3351,48.7824
75.16,-24.6449,-16.5002,2.9268,77.5277,149.7889,43.9652
75.18,-24.6793,-16.7001,3.7459,79.7037,142.1044,36.9256
75.2,-24.7135,-16.8759,4.5874,81.7313,131.1441,26.6701
75.22,-24.7522,-17.024,5.4356,83.3743,114.8017,10.9865
75.24,-24.8292,-17.1779,7.1145,83.7123,66.1234,322.9385
75.25999,-24.8753,-17.1898,7.9128,82.4961,47.1326,303.8964
75.28,-24.9177,-17.1602,8.6728,80.5915,35.824,292.425
75.3,-24.9666,-17.0828,9.3857,78.5037,29.1217,285.4435
75.32,-25.0093,-16.9765,10.0428,76.4237,25.3079,281.1507
75.34,-25.1045,-16.7079,11.1446,73.3067,18.7315,273.5295
75.36,-25.1306,-16.5745,11.5832,71.9076,17.3716,271.5634
75.38,-25.1585,-16.4356,11.9447,70.7414,16.2804,269.8658
75.4,-25.1837,-16.3177,12.2226,69.8407,15.3118,268.2955
75.42,-25.1892,-16.2268,12.4228,69.1972,14.6295,267.0362
75.43999,-25.1944,-16.1499,12.5869,68.5949,14.27,266.0627
75.46,-25.1844,-16.1669,12.5565,68.696,14.3671,266.0461
75.48,-25.165,-16.2231,12.4607,69.0465,14.6732,266.2417
75.5,-25.1414,-16.3294,12.2549,69.7312,15.4931,267.0095
75.52,-25.0953,-16.4485,12.0049,70.5574,16.6009,268.0235
75.54,-25.0194,-16.78,11.2805,72.9363,19.6084,270.9576
75.56,-24.9774,-16.9621,10.8186,74.3838,21.847,273.2086
75.58,-24.9301,-17.1478,10.2936,75.9999,24.8281,276.1799
75.6,-24.8753,-17.3143,9.7086,77.7149,28.7682,280.1212
75.62,-24.8274,-17.4675,9.0637,79.4796,34.3763,285.8834
75.64,-24.7191,-17.6867,7.6532,82.6728,54.3382,306.8073
75.66,-24.6691,-17.7464,6.894,83.8011,71.7168,324.8164
75.68,-24.6212,-17.7761,6.0965,84.1549,94.909,348.4991
75.7,-24.5801,-17.7548,5.2808,83.5109,117.0667,11.1796
75.72,-24.5304,-17.6924,4.4644,82.1114,133.2671,28.0718
75.74,-24.4328,-17.4627,2.8447,78.2836,151.2855,48.1115
75.75999,-24.3785,-17.2972,2.0563,76.1216,156.3041,53.8369
75.78,-24.3236,-17.0871,1.2926,73.9076,159.7834,57.6249
75.8,-24.2676,-16.8386,0.5649,71.6618,162.1943,60.1259
75.82,-24.2096,-16.5591,-0.1168,69.4526,163.7194,61.715
75.84,-24.0878,-15.9352,-1.3141,65.1698,165.4052,63.3523
75.86,-24.0267,-15.604,-1.8209,63.1483,165.6658,63.4918
75.88,-23.9665,-15.2783,-2.258,61.2586,165.497,63.5152
75.9,-23.9088,-14.9749,-2.6292,59.6283,165.2504,63.5021
75.92,-23.8564,-14.7074,-2.9376,58.3134,165.0012,63.4463
75.93999,-23.7734,-14.3219,-3.3829,56.4626,165.2082,63.3369
75.96,-23.7442,-14.2061,-3.5148,55.91,165.3023,63.1886
75.98,-23.7219,-14.1418,-3.5811,55.6128,165.3236,63.0003
76,-23.7068,-14.1265,-3.5808,55.5694,165.2842,62.7099
76.02,-23.7009,-14.1524,-3.5188,55.7686,165.2033,62.349
76.04,-23.7077,-14.3513,-3.1748,57.0224,164.8145,61.2212
76.06,-23.722,-14.5107,-2.9109,57.9841,164.5075,60.5219
76.08,-23.7423,-14.7026,-2.5846,59.174,164.1616,59.7178
76.1,-23.7694,-14.9212,-2.1966,60.5869,163.7373,58.8178
76.12,-23.7988,-15.1635,-1.7483,62.1768,163.1674,57.7996
76.14,-23.8708,-15.6655,-0.6643,65.8987,161.2596,55.2486
76.16,-23.9128,-15.9152,-0.0364,67.9637,159.7346,53.4787
76.18,-23.9559,-16.1595,0.6453,70.1394,157.682,51.2575
76.2,-24.0082,-16.394,1.3703,72.4032,154.9975,48.4781
76.22,-24.0552,-16.6264,2.1343,74.671,151.3334,44.7852
76.24,-24.1723,-17.034,3.7452,79.0769,138.7195,32.5792
76.25999,-24.233,-17.1982,4.5769,81.001,127.788,21.8131
76.28,-24.3028,-17.3327,5.4017,82.339,111.6409,5.8296
76.3,-24.3738,-17.4332,6.2182,82.9207,91.4012,345.6529
76.32,-24.4539,-17.4966,7.0158,82.5439,71.2178,325.6297
76.34,-24.6095,-17.5094,8.5138,79.8014,45.2389,299.8542
76.36,-24.6929,-17.4593,9.1848,78.2516,38.0155,292.5019
76.38,-24.7679,-17.3698,9.8005,76.7336,32.5858,286.8877
76.4,-24.8455,-17.2465,10.3454,75.2748,28.7558,282.8544
76.42,-24.9109,-17.1113,10.819,73.8808,26.0545,279.8615
76.43999,-25.0225,-16.8469,11.5414,71.7928,22.1426,275.2589
76.46,-25.0611,-16.7434,11.7856,71.0866,20.8757,273.496
76.48,-25.0906,-16.6731,11.9498,70.5674,20.1285,272.1584
76.5,-25.123,-16.6375,12.0339,70.3342,19.5487,271.1342
76.52,-25.1307,-16.6441,12.0492,70.3598,19.3649,270.6411
76.54,-25.1248,-16.7586,11.8579,70.9748,19.9144,271.1284
76.56,-25.1156,-16.8628,11.6293,71.7143,20.7584,272.1036
76.58,-25.0796,-16.9932,11.3416,72.6238,22.1365,273.6048
76.6,-25.0512,-17.136,10.9734,73.7441,23.9211,275.6102
76.62,-24.9978,-17.2821,10.5488,74.9738,26.3692,278.3322
76.64,-24.9009,-17.5811,9.4983,77.8564,33.7287,286.6085
76.66,-24.8462,-17.7029,8.8948,79.346,39.303,292.7266
76.68,-24.7807,-17.8292,8.2355,80.7904,47.6199,301.7213
76.7,-24.7206,-17.9245,7.539,82.0244,58.743,313.9064
76.72,-24.6552,-17.993,6.8106,82.9304,73.7189,330.2486
76.74,-24.5158,-18.0141,5.2588,82.7455,111.1293,10.0773
76.75999,-24.4478,-17.9377,4.4558,81.6287,126.3595,26.1062
76.78,-24.3742,-17.8236,3.6474,80.0176,137.5803,37.9638
76.8,-24.3048,-17.662,2.8476,78.1734,145.4475,46.3978
76.82,-24.2315,-17.4769,2.0607,76.1319,151.3276,52.6831
76.84,-24.0835,-17.0128,0.5697,71.838,158.8651,60.2754
76.86,-24.0116,-16.7389,-0.1164,69.7139,161.0999,62.2654
76.88,-23.9379,-16.4507,-0.7513,67.5753,162.5408,63.5171
76.9,-23.8628,-16.1494,-1.3268,65.4831,163.4339,64.2191
76.92,-23.7966,-15.8325,-1.8418,63.5393,163.9703,64.454
76.93999,-23.6699,-15.2168,-2.6657,60.0651,163.9345,63.8691
76.96,-23.6147,-14.9457,-2.9754,58.7107,163.6569,63.4258
76.98,-23.5673,-14.7195,-3.2213,57.6578,163.6362,63.1713
77,-23.5299,-14.5485,-3.4096,56.8318,163.6301,62.9335
77.02,-23.5024,-14.4349,-3.5367,56.2702,163.6591,62.7723
77.04,-23.4803,-14.3788,-3.6079,55.8988,163.7764,62.3215
77.06,-23.4859,-14.4167,-3.5497,56.1023,163.7573,61.8921
77.08,-23.501,-14.4975,-3.4098,56.6035,163.6806,61.2594
77.1,-23.5285,-14.614,-3.192,57.3503,163.5276,60.556
77.12,-23.5654,-14.7562,-2.9035,58.3712,163.2725,59.7377
77.14,-23.6656,-15.1351,-2.1091,61.1494,162.4113,57.746
77.16,-23.7295,-15.3705,-1.6158,62.8406,161.7699,56.4651
77.18,-23.801,-15.6248,-1.0583,64.7357,161.0368,55.0589
77.2,-23.8824,-15.8849,-0.4382,66.82,160.0775,53.4799
77.22,-23.968,-16.1512,0.2384,69.0237,158.6485,51.5416
77.24,-24.148,-16.6566,1.7507,73.7488,154.0672,46.2465
77.25999,-24.2429,-16.8904,2.5667,76.1709,150.2468,42.3201
77.28,-24.3404,-17.1008,3.4153,78.5569,144.4297,36.5573
77.3,-24.44,-17.2966,4.2747,80.7639,135.5186,27.7875
77.32,-24.5382,-17.4588,5.1461,82.5363,120.6462,13.173
77.34,-24.7429,-17.6659,6.8541,83.3659,75.4525,328.4149
77.36,-24.8472,-17.6975,7.6715,82.2985,56.7487,309.83
77.38,-24.9457,-17.6887,8.4491,80.7802,44.392,297.4726
77.4,-25.0508,-17.6187,9.1829,79.0326,36.0202,288.9825
77.42,-25.147,-17.5302,9.8529,77.2494,30.8916,283.4877
77.43999,-25.3299,-17.2556,11.0143,74.0687,23.5335,275.0892
77.46,-25.413,-17.1007,11.4902,72.7033,21.0049,271.9816
77.48,-25.4813,-16.9422,11.899,71.5154,18.9783,269.2787
77.5,-25.5505,-16.8028,12.2276,70.5195,17.3415,266.9459
77.52,-25.5978,-16.6682,12.495,69.7277,16.0244,264.9174
77.54,-25.6702,-16.4983,12.8052,68.8797,14.104,261.7912
77.56,-25.6794,-16.4498,12.864,68.7399,13.5584,260.7448
77.58,-25.6905,-16.4375,12.8601,68.7817,13.2519,260.1191
77.6,-25.6826,-16.4678,12.8008,69.0324,13.3073,260.0017
77.62,-25.6677,-16.5076,12.6825,69.3967,13.391,260.0681
77.64,-25.609,-16.6951,12.2565,70.767,14.555,261.6141
77.66,-25.5583,-16.8352,11.9675,71.708,15.765,263.1766
77.68,-25.5107,-16.9867,11.6213,72.7637,17.3435,265.1932
77.7,-25.4472,-17.1396,11.2293,73.9131,19.2867,267.6124
77.72,-25.3835,-17.3072,10.7828,75.2062,21.8025,270.7264
77.74,-25.2417,-17.6047,9.7429,78.0038,29.0538,279.3164
77.75999,-25.1571,-17.7378,9.1544,79.4456,34.7066,285.6913
77.78,-25.0745,-17.8534,8.5259,80.8188,42.3193,294.1649
77.8,-24.9947,-17.9467,7.8629,82.0518,52.549,305.4631
77.82,-24.9148,-18.0036,7.1721,83.0227,66.0827,320.1037
77.84,-24.7417,-18.0316,5.7269,83.3355,102.0267,358.3663
77.86,-24.6625,-17.9813,4.984,82.5547,118.1939,15.6045
77.88,-24.5767,-17.906,4.2409,81.2859,130.6142,28.9368
77.9,-24.4968,-17.8047,3.4955,79.707,139.7275,38.8674
77.92,-24.416,-17.675,2.7596,77.9309,146.4151,46.1121
77.93999,-24.2523,-17.3367,1.3512,74.1086,155.1412,55.3342
77.96,-24.1799,-17.1296,0.6908,72.2026,157.9931,58.3704
77.98,-24.1049,-16.906,0.072,70.3189,160.1919,60.7119
78,-24.0314,-16.6589,-0.4951,68.5077,161.9105,62.4702
78.02,-23.9626,-16.3932,-1.0071,66.8125,163.1733,63.7078
78.04,-23.835,-15.8596,-1.8468,63.8748,163.4398,64.3007
78.06,-23.7772,-15.619,-2.1704,62.5856,163.811,64.7489
78.08,-23.7306,-15.4198,-2.4383,61.3529,163.972,65.3317
78.1,-23.6913,-15.2739,-2.6495,60.4529,164.1819,65.7417
78.12,-23.6623,-15.1801,-2.8022,59.8098,164.3845,66.0674
78.14,-23.6343,-15.126,-2.9159,59.4533,164.3197,65.9057
78.16,-23.6342,-15.1515,-2.8754,59.5789,164.2385,65.6746
78.18,-23.639,-15.2087,-2.7672,59.9537,164.0786,65.3037
78.2,-23.6537,-15.3097,-2.5747,60.6111,163.8136,64.8443
78.22,-23.6737,-15.4424,-2.3334,61.4478,163.4427,64.3059
78.24,-23.7338,-15.7837,-1.6729,63.7088,162.3304,62.6731
78.25999,-23.7705,-15.986,-1.2624,65.066,161.4792,61.5143
78.28,-23.808,-16.1956,-0.7933,66.5811,160.4015,60.0973
78.3,-23.8502,-16.4068,-0.2715,68.2106,159.0567,58.4265
78.32,-23.896,-16.6133,0.2971,69.9417,157.2742,56.231
78.34,-23.9908,-16.9884,1.567,73.562,151.9872,49.8772
78.36,-24.045,-17.1495,2.2594,75.4315,148.0503,45.389
78.38,-24.0975,-17.3004,2.9808,77.2433,142.7355,39.5577
78.4,-24.1591,-17.4356,3.7205,78.9397,135.5298,31.9563
78.42,-24.2251,-17.5417,4.4779,80.4564,125.7345,21.833
78.43999,-24.3624,-17.6895,5.9999,82.3874,97.0168,352.4594
78.46,-24.439,-17.7068,6.7484,82.2281,79.6472,334.8241
78.48,-24.5111,-17.6997,7.4796,81.5917,64.1609,319.0296
78.5,-24.6022,-17.667,8.1851,80.7199,51.8184,306.553
78.52,-24.6859,-17.6222,8.8556,79.0407,42.6291,297.1827
78.54,-24.8799,-17.4617,10.0616,76.0785,31.1411,285.2339
78.56,-24.9525,-17.365,10.5963,74.7249,27.7103,281.4427
78.58,-25.0474,-17.2439,11.0572,73.5368,24.6742,278.1014
78.6,-25.1326,-17.1062,11.4625,72.4301,22.4058,275.5137
78.62,-25.2122,-16.9678,11.8023,71.4288,20.5552,273.2896
78.64,-25.3618,-16.7267,12.2868,69.9257,17.7946,269.7964
78.66,-25.4158,-16.6703,12.4297,69.5882,16.8168,268.4509
78.68,-25.4592,-16.6364,12.5124,69.4309,16.0608,267.3928
78.7,-25.5098,-16.6251,12.5303,69.4784,15.412,266.5982
78.72,-25.5483,-16.6303,12.4937,69.6302,14.9897,266.0887
78.74,-25.6069,-16.75,12.2308,70.5739,15.0098,266.138
78.75999,-25.6237,-16.8627,12.0113,71.3757,15.2848,266.5416
78.78,-25.6462,-16.9809,11.7409,72.3058,15.7298,267.1884
78.8,-25.6347,-17.1303,11.4215,73.386,16.796,268.379
78.82,-25.6396,-17.2743,11.0417,74.5573,18.1048,269.935
78.84,-25.6183,-17.5858,10.1334,77.2761,22.3478,274.9761
78.86,-25.5782,-17.7546,9.6121,78.8196,25.8982,279.1055
78.88,-25.5515,-17.8908,9.0459,80.3107,30.5462,284.5269
78.9,-25.5126,-18.0064,8.4399,81.7862,37.2073,292.0037
78.92,-25.462,-18.1132,7.7902,83.1562,47.7139,303.258
78.93999,-25.3436,-18.1921,6.4102,84.8088,82.9309,339.968
78.96,-25.2646,-18.2052,5.6847,84.5988,106.1136,4.073
78.98,-25.1851,-18.1642,4.9543,83.6938,125.0892,23.819
79,-25.0989,-18.0857,4.2086,82.2385,138.7305,37.6273
79.02,-24.998,-17.9825,3.4592,80.4114,147.9286,46.4931
79.04,-24.7873,-17.6532,2.0109,76.4393,158.4088,55.9552
79.06,-24.675,-17.4423,1.3321,74.4317,161.6759,58.8765
79.08,-24.5576,-17.2068,0.697,72.4618,163.9561,60.959
79.1,-24.4397,-16.9579,0.1081,70.5688,165.3843,62.3282
79.12,-24.3185,-16.6996,-0.418,68.8556,165.8424,62.9052
79.14,-24.0905,-16.2134,-1.2997,65.7096,165.7308,63.6228
79.16,-23.9852,-16.0084,-1.6433,64.3255,165.2666,63.8144
79.18,-23.8906,-15.8381,-1.9216,63.2489,165.0618,64.0896
79.2,-23.8095,-15.7085,-2.1354,62.4306,164.8905,64.2478
79.22,-23.7417,-15.6236,-2.2829,61.8871,164.5647,64.1383
79.24,-23.6474,-15.5629,-2.353,61.5244,164.0857,63.4637
79.25999,-23.6278,-15.5816,-2.2857,61.7112,163.8992,62.9987
79.28,-23.6172,-15.644,-2.132,62.2221,163.6167,62.3337
79.3,-23.625,-15.7443,-1.8957,62.9867,163.2631,61.6388
79.32,-23.6472,-15.8714,-1.588,64.0062,162.7374,60.7802
79.34,-23.7283,-16.202,-0.7532,66.6991,161.0254,58.2475
79.36,-23.784,-16.394,-0.2317,68.3412,159.7345,56.4971
79.38,-23.8499,-16.5948,0.3513,70.1346,158.0673,54.3394
79.4,-23.9246,-16.7979,0.9888,72.0367,155.8803,51.6234
79.42,-24.0036,-16.9935,1.6808,74.035,152.943,48.1639
79.43999,-24.1779,-17.3358,3.1824,78.0934,143.418,37.7637
79.46,-24.2683,-17.4735,3.9799,79.9791,135.3367,29.3644
79.48,-24.3643,-17.5759,4.7969,81.6131,123.5505,17.3605
79.5,-24.4553,-17.6622,5.6191,82.6881,107.3307,0.9435
79.52,-24.5577,-17.7048,6.4312,83.0321,87.6944,341.2149
79.54,-24.7745,-17.665,8.012,81.4534,53.1646,306.5363
79.56,-24.8758,-17.5973,8.7541,79.9584,42.5734,295.7552
79.58,-24.998,-17.4865,9.4421,78.3035,34.9641,287.8537
79.6,-25.1088,-17.3506,10.088,76.6051,29.5331,282.093
79.62,-25.216,-17.2134,10.6755,75.0292,25.4505,277.5568
79.64,-25.4258,-16.9288,11.6644,72.0165,19.53,270.7368
79.66,-25.5067,-16.7896,12.0657,70.8989,17.6159,268.2194
79.68,-25.5965,-16.6612,12.3844,70.0249,15.8966,266.0367
79.7,-25.6495,-16.5633,12.6434,69.349,14.7288,264.3645
79.72,-25.7169,-16.4532,12.8251,68.7419,13.7089,262.9755
79.74,-25.7745,-16.3594,12.9954,68.2808,12.6554,261.3874
79.75999,-25.7997,-16.3566,12.9763,68.3166,12.4371,261.1349
79.78,-25.8009,-16.389,12.9124,68.565,12.4311,261.1529
79.8,-25.7946,-16.4662,12.7588,69.0643,12.7018,261.5551
79.82,-25.7716,-16.5876,12.551,69.7656,13.3753,262.4726
79.84,-25.6826,-16.8736,11.9653,71.6543,15.6821,265.3134
79.86,-25.6128,-17.0292,11.5898,72.8454,17.283,267.1674
79.88,-25.5398,-17.1987,11.1473,74.1783,19.5003,269.6856
79.9,-25.4647,-17.3412,10.6628,75.4908,22.2054,272.8251
79.92,-25.3626,-17.5216,10.1306,76.9675,26.1828,277.3204
79.93999,-25.1572,-17.8209,8.9382,79.8981,37.728,290.2827
79.96,-25.0535,-17.9336,8.2766,81.235,46.6597,299.912
79.98,-24.9472,-18.01,7.5805,82.3368,58.8602,312.7844
80,-24.8272,-18.0611,6.8574,83.0011,74.72,329.3691
80.02,-24.7067,-18.0661,6.1189,83.0825,92.5558,347.9798
80.04,-24.4637,-17.9611,4.6033,81.4763,124.5012,21.0661
80.06,-24.3469,-17.8489,3.8393,79.9779,135.3827,32.124
80.08,-24.2235,-17.7096,3.0874,78.1964,143.0967,39.7509
80.1,-24.1076,-17.536,2.3551,76.3058,148.7717,45.2121
80.12,-23.9955,-17.3427,1.6498,74.3648,153.0545,49.271
80.14,-23.7913,-16.9123,0.3494,70.5024,158.9173,54.6712
80.16,-23.6977,-16.6753,-0.2221,68.6911,160.7563,56.2124
80.18,-23.6129,-16.4411,-0.7401,66.9845,161.944,57.1187
80.2,-23.5341,-16.2129,-1.1871,65.4299,162.3546,57.4736
80.22,-23.4677,-16.0023,-1.5634,64.1017,162.7168,57.8618
80.24,-23.3718,-15.6777,-2.0942,61.9718,163.205,58.7791
80.25999,-23.3459,-15.5763,-2.2475,61.3359,163.1976,59.0121
80.28,-23.3367,-15.5231,-2.3266,61.0442,163.2771,59.1747
80.3,-23.3421,-15.5168,-2.3322,61.0058,163.3245,59.125
80.32,-23.3636,-15.5428,-2.2669,61.2451,163.3435,58.9727
80.34,-23.451,-15.7222,-1.8824,62.5869,163.1667,58.1485
80.36,-23.512,-15.8557,-1.575,63.6485,162.9003,57.5795
80.38,-23.5835,-16.0167,-1.1936,64.94,162.4446,56.8453
80.4,-23.6644,-16.1937,-0.7385,66.4671,161.733,55.833
80.42,-23.75,-16.3888,-0.2161,68.1528,160.7232,54.4823
80.43999,-23.9431,-16.7946,1.0062,71.9665,157.4144,50.4581
80.46,-24.0385,-16.9974,1.6998,74.0046,154.8343,47.5008
80.48,-24.1396,-17.1877,2.4346,76.1007,151.2442,43.5597
80.5,-24.2447,-17.3626,3.1988,78.1768,146.2341,38.2396
80.52,-24.3481,-17.5066,3.9913,80.1485,138.7333,30.4894
80.54,-24.5587,-17.6846,5.6126,83.1408,110.9836,2.3329
80.56,-24.6528,-17.7357,6.4151,83.5806,90.55,341.6339
80.58,-24.7508,-17.7341,7.2096,83.1462,69.6857,320.537
80.6,-24.8385,-17.7263,7.9734,82.295,53.1378,303.6303
80.62,-24.9422,-17.6589,8.7047,80.9219,40.5763,291.0121
80.64,-25.1172,-17.4579,10.0473,77.1232,27.8731,278.3321
80.66,-25.185,-17.3244,10.6481,75.4311,24.1906,274.5772
80.68,-25.2544,-17.1779,11.1785,73.8701,21.4915,271.6644
80.7,-25.3236,-17.0133,11.6463,72.5142,19.1695,269.1276
80.72,-25.3704,-16.8609,12.0451,71.297,17.6448,267.2575
80.74,-25.4496,-16.5394,12.6352,69.2631,15.3558,264.162
80.75999,-25.4601,-16.4229,12.8336,68.6262,14.6334,262.9919
80.78,-25.4656,-16.3316,12.9686,68.1893,14.0501,261.9667
80.8,-25.4598,-16.2823,13.0386,67.9986,13.6651,261.2014
80.82,-25.4519,-16.2526,13.049,67.9373,13.4706,260.772
80.84,-25.4028,-16.3045,12.9136,68.3299,13.9923,261.2657
80.86,-25.3485,-16.4034,12.7361,68.9214,14.7835,262.2068
80.88,-25.2935,-16.5073,12.519,69.6264,15.6804,263.3118
80.9,-25.2448,-16.6324,12.2382,70.482,16.7906,264.7293
80.92,-25.1761,-16.7607,11.9143,71.4588,18.3343,266.5543
80.93999,-25.0196,-17.0486,11.1094,73.7923,22.6698,271.6091
80.96,-24.947,-17.181,10.6279,75.1193,25.3828,274.7031
80.98,-24.8668,-17.3118,10.1038,76.5604,28.8966,278.4897
81,-24.7843,-17.4344,9.5383,78.0192,33.5121,283.2984
81.02,-24.6944,-17.5421,8.943,79.4651,39.6927,289.6711
81.04,-24.5262,-17.7095,7.6614,81.9959,58.66,309.237
81.06,-24.4468,-17.7512,6.9848,82.8293,72.8322,323.931
81.08,-24.36,-17.7582,6.2984,83.1071,89.7906,341.4691
81.1,-24.2753,-17.732,5.609,82.7366,106.4315,358.7747
81.12,-24.2022,-17.6669,4.9184,81.8619,120.1692,13.2404
81.14,-24.0567,-17.4728,3.5748,79.1407,138.5367,32.7427
81.16,-23.9943,-17.3484,2.9344,77.5736,144.2296,38.9979
81.18,-23.9341,-17.2119,2.3301,75.9984,148.5014,43.8937
81.2,-23.8748,-17.0675,1.7647,74.4235,151.5301,47.3184
81.22,-23.8214,-16.9096,1.2446,72.9096,153.9558,49.9381
81.24,-23.7322,-16.5769,0.3878,70.0388,157.2841,53.6573
81.25999,-23.7021,-16.4225,0.0546,68.9273,158.1884,54.7099
81.28,-23.681,-16.2941,-0.209,68.053,158.7282,55.404
81.3,-23.6697,-16.1993,-0.4051,67.4129,159.1284,55.9302
81.32,-23.6649,-16.1433,-0.5255,67.0209,159.5498,56.4661
81.34,-23.6868,-16.1339,-0.5606,66.9345,159.8544,56.6928
81.36,-23.7118,-16.1682,-0.4824,67.2037,159.7544,56.4996
81.38,-23.7485,-16.236,-0.3129,67.7735,159.4575,56.0297
81.4,-23.79,-16.3219,-0.0912,68.5046,158.9953,55.4264
81.42,-23.8328,-16.4341,0.1857,69.388,158.3242,54.6125
81.43999,-23.9321,-16.7015,0.8903,71.5871,156.2078,52.1663
81.46,-23.9865,-16.8437,1.3085,72.8496,154.6673,50.4855
81.48,-24.0385,-16.9865,1.7682,74.1937,152.6391,48.3437
81.5,-24.0971,-17.1167,2.2587,75.605,150.0319,45.5194
81.52,-24.1504,-17.2346,2.7781,76.9787,146.6025,41.8141
81.54,-24.2671,-17.3534,3.9167,79.7786,135.6946,30.3838
81.56,-24.3165,-17.3899,4.5229,80.9699,127.2439,21.7864
81.58,-24.3777,-17.4005,5.1518,81.9876,115.9381,10.3927
81.6,-24.4428,-17.4184,5.7875,82.622,102.0155,356.3451
81.62,-24.5112,-17.4388,6.4323,82.7673,86.4225,340.6845
81.64,-24.656,-17.4221,7.7125,81.5494,58.0185,312.5215
81.66,-24.7286,-17.3684,8.3356,80.3826,48.0586,302.7975
81.68,-24.7961,-17.2839,8.9384,79.0331,40.5603,295.4429
81.7,-24.8738,-17.1592,9.5138,77.5524,34.5983,289.4879
81.72,-24.9378,-17.0558,10.0552,76.2906,29.4287,283.986
81.74,-25.0722,-16.8686,11.0193,73.5418,22.4642,276.6163
81.75999,-25.1361,-16.7633,11.4441,72.1174,20.3849,274.3363
81.78,-25.1934,-16.684,11.8082,71.0164,18.8663,272.6899
81.8,-25.2305,-16.586,12.1333,70.0837,17.587,271.2722
81.82,-25.283,-16.4946,12.3759,69.321,16.5571,270.1297
81.84,-25.3328,-16.3293,12.6974,68.276,15.4724,268.7988
81.86,-25.3426,-16.304,12.7612,68.0956,15.2478,268.4855
81.88,-25.3481,-16.2922,12.7762,68.0052,15.2226,268.4091
81.9,-25.3475,-16.3136,12.7338,68.0819,15.3462,268.4298
81.92,-25.3266,-16.3696,12.6432,68.4395,15.6469,268.6347
81.93999,-25.2689,-16.5555,12.2634,69.7292,16.8282,269.8565
81.96,-25.2202,-16.6661,12.009,70.5495,17.8633,270.9425
81.98,-25.1803,-16.7904,11.6942,71.5259,19.151,272.3209
82,-25.1266,-16.9543,11.3305,72.6678,20.984,274.1943
82.02,-25.0707,-17.1002,10.9279,73.8564,23.0638,276.3163
82.04,-24.9421,-17.4289,9.984,76.5813,29.1668,282.6887
82.06,-24.8712,-17.585,9.4583,77.9695,33.6077,287.5157
82.08,-24.799,-17.7213,8.8904,79.3462,39.2701,293.6772
82.1,-24.7163,-17.8434,8.2835,80.6594,47.2744,302.1414
82.12,-24.6405,-17.9181,7.6448,81.749,57.6616,312.9539
82.14,-24.4634,-17.947,6.3185,82.7855,86.2202,342.4488
82.16,-24.3718,-17.9254,5.6324,82.5313,101.9866,358.735
82.18,-24.2809,-17.8697,4.9491,81.7874,116.0388,13.2222
82.2,-24.1795,-17.7927,4.2748,80.5799,126.8986,24.374
82.22,-24.1004,-17.6752,3.5999,79.1968,135.1122,32.9017
82.24,-23.9158,-17.3842,2.3271,75.9648,145.7921,43.9375
82.25999,-23.8234,-17.2129,1.7326,74.2734,149.3869,47.4981
82.28,-23.7346,-17.0243,1.1727,72.6028,152.1574,50.1551
82.3,-23.6435,-16.8271,0.6549,70.9931,154.209,52.0365
82.32,-23.5568,-16.6304,0.1791,69.4245,155.6965,53.3812
82.34,-23.3895,-16.258,-0.6238,66.6575,157.5446,54.9995
82.36,-23.3151,-16.0828,-0.9448,65.5051,158.0237,55.3641
82.38,-23.2446,-15.9293,-1.2095,64.4876,158.2423,55.4998
82.4,-23.1818,-15.7971,-1.4145,63.6654,158.3251,55.566
82.42,-23.1271,-15.6916,-1.5616,63.0331,158.2437,55.5283
82.43999,-23.0459,-15.572,-1.6756,62.4224,157.8681,55.0795
82.46,-23.0197,-15.5662,-1.6476,62.4411,157.673,54.634
82.48,-23.0069,-15.5853,-1.5666,62.6791,157.4122,54.0359
82.5,-23.0018,-15.6409,-1.4002,63.1599,157.0183,53.1456
82.52,-23.0116,-15.7191,-1.1837,63.8377,156.5614,52.1299
82.54,-23.0606,-15.9596,-0.5713,65.7416,155.1542,49.5458
82.56,-23.1049,-16.1022,-0.1741,67.0044,154.0682,47.9389
82.58,-23.1574,-16.2647,0.2742,68.3799,152.7204,46.0194
82.6,-23.2195,-16.4309,0.7761,69.8936,150.9664,43.6419
82.62,-23.2889,-16.6026,1.3217,71.5002,148.7521,40.855
82.64,-23.4429,-16.9174,2.5541,74.9133,141.9194,33.421
82.66,-23.5363,-17.0413,3.2256,76.6191,136.5916,28.0311
82.68,-23.6306,-17.1466,3.9275,78.2074,129.4652,20.9262
82.7,-23.7241,-17.2526,4.6443,79.6337,120.6376,12.0817
82.72,-23.8339,-17.3328,5.3683,80.8287,109.5504,0.9963
82.74,-24.0628,-17.4663,6.8228,81.551,79.6739,331.3252
82.75999,-24.1852,-17.4987,7.5371,81.0391,64.671,316.5003
82.78,-24.3101,-17.5027,8.2347,80.0374,52.362,304.4774
82.8,-24.4587,-17.4716,8.8971,78.815,42.9732,295.3726
82.82,-24.5801,-17.4222,9.535,77.4646,36.095,288.556
82.84,-24.8269,-17.2596,10.6924,74.6203,26.9828,279.2928
82.86,-24.9461,-17.152,11.2028,73.1817,23.9455,276.1418
82.88,-25.0594,-17.0401,11.6659,71.8204,21.6526,273.7488
82.9,-25.1723,-16.9126,12.0744,70.5553,19.6438,271.6158
82.92,-25.2623,-16.8066,12.4253,69.5044,18.3288,270.0763
82.93999,-25.4505,-16.5806,12.9485,68.0706,15.6318,267.0879
82.96,-25.4869,-16.5097,13.1339,67.4345,15.2284,266.2315
82.98,-25.5424,-16.4548,13.2467,67.0808,14.7095,265.4199
83,-25.599,-16.4179,13.303,66.8984,14.155,264.624
83.02,-25.6003,-16.4272,13.3181,66.9884,13.9616,264.1141
83.04,-25.6178,-16.5179,13.156,67.635,14.0921,263.7404
83.06,-25.6118,-16.6229,12.9703,68.3095,14.4515,263.8428
83.08,-25.5936,-16.7402,12.7426,69.1159,15.0154,264.1767
83.1,-25.5585,-16.8631,12.471,69.9983,15.9324,264.9227
83.12,-25.5128,-17.0411,12.1352,71.1593,17.0469,265.9545
83.14,-25.4048,-17.3861,11.3183,73.7573,20.2419,269.4196
83.16,-25.3319,-17.5523,10.8386,75.1259,22.7601,272.3392
83.18,-25.2601,-17.7087,10.3056,76.5752,25.9784,276.1748
83.2,-25.1694,-17.8613,9.7283,78.1573,30.2722,281.0638
83.22,-25.0949,-17.9739,9.1019,79.6968,35.8388,287.3216
83.24,-24.9366,-18.1247,7.7328,82.6062,54.4308,307.0143
83.25999,-24.8371,-18.1467,7.0196,83.7575,69.7933,322.6987
83.28,-24.7596,-18.1351,6.2718,84.4094,90.5399,343.6595
83.3,-24.6624,-18.0833,5.5209,84.0723,112.3662,5.3822
83.32,-24.5677,-17.9885,4.7668,82.8647,129.4743,22.115
83.34,-24.3839,-17.6813,3.2769,79.3675,150.4057,41.6013
83.36,-24.29,-17.4789,2.5671,77.3694,156.1269,46.5013
83.38,-24.1997,-17.254,1.8847,75.3622,159.8955,49.5023
83.4,-24.1063,-17.0176,1.2399,73.3379,162.4951,51.3926
83.42,-24.0135,-16.7708,0.6368,71.3198,164.2169,52.535
83.43999,-23.8329,-16.2577,-0.4035,67.5425,165.4503,53.1306
83.46,-23.7464,-16.0211,-0.8322,65.8258,165.4652,53.2331
83.48,-23.6701,-15.807,-1.1999,64.276,165.3908,53.4516
83.5,-23.6068,-15.6246,-1.5063,63.062,165.014,53.4278
83.52,-23.551,-15.4777,-1.7374,62.0507,164.7213,53.5644
83.54,-23.4834,-15.2971,-1.998,60.8658,164.0463,53.5859
83.56,-23.4715,-15.2662,-2.022,60.6772,163.7403,53.6056
83.58,-23.4751,-15.273,-1.981,60.7898,163.658,53.4916
83.6,-23.49,-15.3167,-1.881,61.1211,163.5764,53.2486
83.62,-23.5237,-15.4034,-1.6826,61.8234,163.4266,52.7532
83.64,-23.6235,-15.6434,-1.0997,63.8427,162.8612,51.4724
83.66,-23.6881,-15.7938,-0.699,65.2024,162.3049,50.6516
83.68,-23.7651,-15.9626,-0.232,66.7829,161.4643,49.6679
83.7,-23.8463,-16.1465,0.2989,68.523,160.2591,48.3181
83.72,-23.9335,-16.3351,0.8891,70.406,158.5792,46.5231
83.74,-24.1303,-16.6855,2.234,74.5341,153.1835,41.1655
83.75999,-24.2312,-16.8454,2.9752,76.6637,148.8628,36.9406
83.78,-24.3374,-16.9876,3.7492,78.751,142.6284,30.9021
83.8,-24.4514,-17.1074,4.5467,80.671,133.5654,22.096
83.82,-24.5645,-17.2174,5.3516,82.239,120.4336,9.1657
83.84,-24.7925,-17.3708,6.9604,83.5512,80.6874,329.3511
83.86,-24.9115,-17.4032,7.7474,83.5028,57.0287,305.3612
83.88,-25.0331,-17.3894,8.5089,82.0571,41.2188,289.6869
83.9,-25.152,-17.3458,9.2346,79.9855,31.4993,280.0284
83.92,-25.2486,-17.2825,9.9266,78.0023,25.9192,274.502
83.93999,-25.4458,-17.0781,11.1367,74.3895,19.5345,268.1417
83.96,-25.5217,-16.9447,11.6535,72.9276,17.4095,265.7278
83.98,-25.5969,-16.812,12.0945,71.5706,15.9684,264.0957
84,-25.6584,-16.6707,12.4649,70.3589,14.9088,262.872
84.02,-25.7016,-16.5365,12.7635,69.2903,14.1801,261.9074
84.04,-25.7622,-16.3488,13.1236,68.0207,13.0385,260.335
84.06,-25.7567,-16.3213,13.1976,67.8596,12.7861,259.7977
84.08,-25.7543,-16.3094,13.2003,67.8597,12.6454,259.484
84.1,-25.7275,-16.3496,13.1426,68.0986,12.8635,259.5483
84.12,-25.6972,-16.433,12.9987,68.5612,13.3003,259.9514
84.14,-25.5955,-16.6808,12.5168,70.1598,15.1246,261.8342
84.16,-25.5146,-16.8515,12.1879,71.2513,16.6428,263.4186
84.18,-25.436,-17.0278,11.788,72.4952,18.5606,265.4599
84.2,-25.3516,-17.2003,11.3311,73.8769,20.9807,268.0014
84.22,-25.2615,-17.3911,10.8045,75.3674,24.2432,271.3853
84.24,-25.0428,-17.6889,9.6156,78.5067,33.6613,281.1256
84.25999,-24.9337,-17.799,8.9472,80.0514,40.8266,288.5807
84.28,-24.8187,-17.8874,8.2468,81.4424,50.9242,298.9767
84.3,-24.7091,-17.9251,7.5163,82.5161,64.2146,312.6121
84.32,-24.5799,-17.9571,6.7637,83.0785,82.1038,330.7723
84.34,-24.3279,-17.8868,5.2241,82.1799,118.0846,7.1495
84.36,-24.2068,-17.7892,4.4535,80.8935,130.7447,19.9779
84.38,-24.0882,-17.6537,3.6947,79.1732,139.503,28.9475
84.4,-23.9619,-17.4906,2.9526,77.155,145.4205,34.9605
84.42,-23.8465,-17.2809,2.2329,75.1236,149.8256,39.2332
84.43999,-23.6127,-16.7808,0.9048,70.8468,155.3206,44.412
84.46,-23.5011,-16.4996,0.3034,68.7722,156.7269,45.6524
84.48,-23.3922,-16.2057,-0.2454,66.7212,157.6127,46.3639
84.5,-23.2867,-15.9064,-0.7341,64.8284,158.0476,46.8397
84.52,-23.1873,-15.6233,-1.1646,63.0538,158.2535,47.3058
84.54,-23.0161,-15.1452,-1.8582,60.1533,158.5949,48.1755
84.56,-22.9519,-14.9631,-2.1218,59.1696,158.9695,48.6356
84.58,-22.8965,-14.8267,-2.3225,58.3933,159.115,48.96
84.6,-22.8561,-14.7314,-2.4616,57.8449,159.1732,49.0769
84.62,-22.8282,-14.6762,-2.5335,57.536,159.1719,49.1211
84.64,-22.8185,-14.6767,-2.4805,57.6662,158.9993,48.7296
84.66,-22.8346,-14.7334,-2.3479,58.1385,158.7944,48.376
84.68,-22.8685,-14.8351,-2.1364,58.8952,158.4889,47.957
84.7,-22.9152,-14.9697,-1.8628,59.888,158.0601,47.4465
84.72,-22.98,-15.1293,-1.5214,61.1461,157.4812,46.8899
84.74,-23.1477,-15.5131,-0.629,64.2921,155.6576,45.2027
84.75999,-23.2516,-15.7233,-0.0859,66.1219,154.2129,43.8973
84.78,-23.3693,-15.9402,0.516,68.0987,152.4062,42.2297
84.8,-23.5018,-16.1578,1.1682,70.2241,150.2057,40.1455
84.82,-23.6387,-16.3903,1.8632,72.4117,147.6217,37.618
84.84,-23.9423,-16.8345,3.3552,76.9555,140.0379,30.1076
84.86,-24.1085,-17.0363,4.1305,79.2173,134.1698,24.2057
84.88,-24.2712,-17.2112,4.9233,81.4476,125.6996,15.4793
84.9,-24.4465,-17.3609,5.7086,83.2089,111.5022,1.2296
84.92,-24.6095,-17.4663,6.4966,84.0877,89.5726,339.253
84.93999,-24.9377,-17.565,8.0139,82.5406,47.374,297.0154
84.96,-25.0966,-17.5567,8.7272,81.0647,35.7925,285.424
84.98,-25.2447,-17.5158,9.4022,79.4512,28.3313,277.9327
85,-25.3852,-17.4467,10.0257,77.8276,23.6166,273.2885
85.02,-25.5266,-17.332,10.5974,76.1148,20.4713,270.2353
85.04,-25.7393,-17.091,11.559,73.251,16.1434,265.389
85.06,-25.8389,-16.9562,11.9391,72.1165,14.2693,263.2618
85.08,-25.9224,-16.8293,12.2543,71.123,12.8199,261.5329
85.1,-25.9909,-16.7257,12.4972,70.3149,11.8288,260.283
85.12,-26.0298,-16.6186,12.6882,69.7195,10.9229,259.0955
85.14,-26.0775,-16.482,12.8577,69.162,9.6211,257.3837
85.16,-26.0749,-16.4576,12.8545,69.1762,9.3708,256.9888
85.18,-26.0672,-16.4603,12.7973,69.3587,9.2383,256.817
85.2,-26.0232,-16.4987,12.6941,69.7319,9.4849,257.029
85.22,-25.9995,-16.5503,12.517,70.2171,9.8577,257.496
85.24,-25.8999,-16.7615,12.0367,71.7037,11.5973,259.5766
85.25999,-25.8029,-16.921,11.7344,72.7481,13.2524,261.448
85.28,-25.7279,-17.0777,11.3702,73.8537,15.1169,263.663
85.3,-25.6287,-17.2416,10.961,75.0739,17.4872,266.4102
85.32,-25.5209,-17.3987,10.5032,76.3855,20.5455,269.8777
85.34,-25.2661,-17.6519,9.452,79.1413,29.5641,279.8577
85.36,-25.1465,-17.7379,8.8505,80.4771,36.2185,287.1093
85.38,-25.0101,-17.8022,8.2204,81.7203,45.2671,296.8195
85.4,-24.8677,-17.842,7.5517,82.8275,57.4839,309.6077
85.42,-24.7155,-17.8222,6.8652,83.754,73.4264,326.0275
85.43999,-24.4119,-17.5994,5.4283,83.1039,109.5145,2.6442
85.46,-24.2488,-17.4188,4.7018,81.7843,123.6206,16.7169
85.48,-24.0946,-17.2035,3.9756,80.0936,133.9439,26.986
85.5,-23.9474,-16.956,3.2617,77.9706,140.7642,33.8761
85.52,-23.8006,-16.6998,2.5787,75.5894,145.0028,38.5129
85.54,-23.538,-16.1852,1.3015,71.0637,148.8508,43.3071
85.56,-23.4248,-15.9366,0.7196,68.9679,149.9654,44.7757
85.58,-23.324,-15.6924,0.1905,67.1115,150.9807,46.0471
85.6,-23.2311,-15.4588,-0.2776,65.4892,152.0798,47.2279
85.62,-23.1558,-15.2427,-0.6887,64.078,152.9286,48.3354
85.64,-23.0355,-14.9049,-1.3269,61.8976,154.3794,50.4794
85.66,-22.9945,-14.7924,-1.5621,61.0944,154.9827,51.2893
85.68,-22.9665,-14.7127,-1.7398,60.4626,155.4634,51.636
85.7,-22.9524,-14.6634,-1.8549,60.0481,155.8374,51.6737
85.72,-22.9521,-14.6422,-1.9023,59.8764,156.0972,51.537
85.74,-22.9831,-14.6848,-1.7974,60.2595,156.2402,50.9438
85.75999,-23.0246,-14.7597,-1.6235,60.8774,156.1196,50.4656
85.78,-23.0738,-14.8609,-1.3913,61.7339,155.8611,49.9216
85.8,-23.1367,-14.9962,-1.0966,62.7822,155.4025,49.2083
85.82,-23.2136,-15.156,-0.7423,64.0528,154.795,48.2515
85.84,-23.3957,-15.5444,0.1402,67.1106,153.2021,45.7231
85.86,-23.5011,-15.7607,0.6538,68.8538,152.1612,44.0532
85.88,-23.6113,-15.984,1.2167,70.7264,150.8676,42.1091
