time,pos_x,pos_y,pos_z,rot_x,rot_y,rot_z
22.6,-20.5266,14.1578,-4.1475,0.1677,17.9364,359.9758
22.62,-20.5268,14.1579,-4.1477,0.1675,17.9346,359.9759
22.64,-20.5267,14.1578,-4.1476,0.1681,17.9357,359.9756
22.66,-20.5266,14.1577,-4.1476,0.1682,17.9357,359.9763
22.68,-20.5267,14.1576,-4.1475,0.1677,17.9343,359.9768
22.7,-20.5266,14.1577,-4.1474,0.168,17.9355,359.9764
22.72,-20.5264,14.1578,-4.1474,0.1681,17.937,359.9753
22.74,-20.5268,14.1575,-4.1475,0.1684,17.9351,359.9776
22.76,-20.5268,14.1578,-4.1476,0.1674,17.9346,359.9766
22.78,-20.5267,14.1578,-4.1476,0.1674,17.9353,359.976
22.8,-20.5265,14.1578,-4.1476,0.1683,17.9361,359.9754
22.82,-20.5266,14.1577,-4.1477,0.1682,17.936,359.9761
22.84,-20.5264,14.1578,-4.1477,0.168,17.9372,359.9752
22.86,-20.5263,14.1578,-4.1476,0.1678,17.9389,359.9757
22.88,-20.5263,14.1577,-4.1477,0.1687,17.9386,359.976
22.9,-20.5264,14.1579,-4.1477,0.1674,17.9386,359.9756
22.92,-20.5266,14.1579,-4.1478,0.1676,17.9383,359.9756
22.94,-20.5268,14.1581,-4.148,0.1666,17.9376,359.9751
22.96,-20.5265,14.1577,-4.1478,0.1678,17.9381,359.9756
22.98,-20.5266,14.1577,-4.1479,0.1681,17.9376,359.9763
23,-20.527,14.1581,-4.1481,0.1662,17.9374,359.976
23.02,-20.527,14.1576,-4.1478,0.1677,17.9376,359.9774
23.04,-20.527,14.158,-4.148,0.1665,17.9378,359.9762
23.06,-20.527,14.1578,-4.148,0.1674,17.9367,359.9765
23.08,-20.5267,14.1578,-4.1479,0.168,17.9374,359.976
23.1,-20.5269,14.158,-4.1479,0.1664,17.9373,359.9758
23.12,-20.5269,14.158,-4.1478,0.167,17.9371,359.9748
23.14,-20.5269,14.158,-4.1477,0.1667,17.9369,359.9756
23.16,-20.5272,14.1579,-4.1477,0.1672,17.935,359.9767
23.18,-20.5273,14.1577,-4.1475,0.168,17.9343,359.9764
23.2,-20.5273,14.1574,-4.1472,0.169,17.932,359.9773
23.22,-20.5274,14.1576,-4.1473,0.1684,17.9302,359.9767
23.24,-20.5271,14.1579,-4.1473,0.1667,17.93,359.9755
23.26,-20.5269,14.1581,-4.1473,0.1664,17.9316,359.9744
23.28,-20.527,14.158,-4.1473,0.1672,17.9315,359.9749
23.3,-20.5272,14.1575,-4.1474,0.1688,17.9316,359.9767
23.32,-20.5271,14.1576,-4.1476,0.1686,17.9319,359.9763
23.34,-20.5271,14.1577,-4.1478,0.1667,17.9329,359.978
23.36,-20.5267,14.1577,-4.1477,0.1682,17.9381,359.9764
23.38,-20.5269,14.1577,-4.1478,0.1683,17.939,359.9773
23.4,-20.5267,14.1573,-4.1484,0.1686,17.9395,359.978
23.42,-20.5263,14.1581,-4.1485,0.1658,17.9409,359.9762
23.44,-20.5259,14.1582,-4.1484,0.1669,17.9446,359.9741
23.46,-20.5262,14.1578,-4.1485,0.1676,17.9431,359.9766
23.48,-20.5262,14.1578,-4.1485,0.1673,17.9424,359.9766
23.5,-20.5256,14.1579,-4.1485,0.1661,17.9421,359.9767
23.52,-20.5258,14.1582,-4.1486,0.1652,17.9402,359.9753
23.54,-20.526,14.158,-4.1483,0.1665,17.9397,359.9756
23.56,-20.5262,14.1581,-4.1483,0.1661,17.9379,359.9752
23.58,-20.526,14.1579,-4.1479,0.1669,17.9372,359.9763
23.6,-20.5262,14.1581,-4.148,0.166,17.9356,359.9762
23.62,-20.5268,14.1576,-4.1479,0.1682,17.9335,359.9779
23.64,-20.5267,14.158,-4.1478,0.1665,17.9353,359.9766
23.66,-20.5268,14.1575,-4.1475,0.1682,17.9349,359.9781
23.68,-20.5265,14.1576,-4.1474,0.1686,17.9352,359.9768
23.7,-20.5267,14.1575,-4.1473,0.1695,17.933,359.9773
23.72,-20.5269,14.1577,-4.1473,0.1681,17.9331,359.976
23.74,-20.527,14.1576,-4.1472,0.1682,17.9324,359.9769
23.76,-20.5271,14.1575,-4.1472,0.1682,17.9315,359.9772
23.78,-20.5268,14.1574,-4.147,0.1691,17.9324,359.9771
23.8,-20.5264,14.1582,-4.1471,0.166,17.933,359.9734
23.82,-20.5263,14.1573,-4.1468,0.1705,17.9336,359.9771
23.84,-20.5261,14.1572,-4.1466,0.1715,17.9344,359.9764
23.86,-20.526,14.1575,-4.1468,0.1691,17.9344,359.9755
23.88,-20.5266,14.1577,-4.1471,0.1681,17.9323,359.9761
23.9,-20.5263,14.1578,-4.1469,0.168,17.9335,359.9753
23.92,-20.5262,14.1575,-4.1468,0.1695,17.9334,359.976
23.94,-20.5261,14.1574,-4.1467,0.1703,17.934,359.9763
23.96,-20.5259,14.1576,-4.1467,0.1692,17.9352,359.9753
23.98,-20.5261,14.1574,-4.1467,0.1706,17.9345,359.9761
24,-20.5263,14.1577,-4.1467,0.1684,17.9323,359.9758
24.02,-20.5263,14.1574,-4.1466,0.1699,17.9326,359.976
24.04,-20.5261,14.1575,-4.1467,0.1688,17.9337,359.9766
24.06,-20.5264,14.1575,-4.147,0.1689,17.9318,359.9762
24.08,-20.5263,14.158,-4.1472,0.1675,17.9338,359.9753
24.1,-20.5271,14.1573,-4.1469,0.1693,17.933,359.9782
24.12,-20.5266,14.1579,-4.1471,0.1677,17.9327,359.9754
24.14,-20.5261,14.1578,-4.1472,0.168,17.9323,359.9753
24.16,-20.5261,14.1577,-4.1472,0.168,17.9329,359.9755
24.18,-20.5263,14.1578,-4.1472,0.1676,17.9331,359.976
24.2,-20.5262,14.1577,-4.1469,0.1689,17.9341,359.9761
24.22,-20.5256,14.1578,-4.1471,0.1674,17.9332,359.9758
24.24,-20.5239,14.1576,-4.1469,0.1698,17.9382,359.9752
24.26,-20.5241,14.1586,-4.1473,0.1667,17.9385,359.973
24.28,-20.5247,14.1583,-4.1475,0.1653,17.9374,359.9745
24.3,-20.5246,14.1576,-4.1475,0.1684,17.9366,359.9767
24.32,-20.5236,14.1583,-4.1476,0.1665,17.9392,359.9746
24.34,-20.5234,14.1581,-4.1476,0.1667,17.9417,359.9749
24.36,-20.523,14.1583,-4.1474,0.167,17.947,359.9726
24.38,-20.5238,14.1579,-4.1477,0.1668,17.9445,359.9762
24.4,-20.5237,14.158,-4.148,0.1662,17.9435,359.9761
24.42,-20.5234,14.158,-4.148,0.1665,17.9451,359.976
24.44,-20.5236,14.1581,-4.1482,0.1663,17.945,359.9755
24.46,-20.5236,14.1579,-4.1483,0.1667,17.9461,359.9762
24.48,-20.5234,14.1582,-4.1484,0.1659,17.947,359.9747
24.5,-20.5231,14.1581,-4.1482,0.1668,17.9485,359.9747
24.52,-20.5232,14.158,-4.1484,0.1668,17.9485,359.9747
24.54,-20.5237,14.1583,-4.1487,0.165,17.9469,359.9742
24.56,-20.5238,14.1581,-4.1484,0.1654,17.9465,359.9746
24.58,-20.5236,14.158,-4.1482,0.1667,17.9473,359.9742
24.6,-20.5238,14.1583,-4.1484,0.1652,17.9472,359.9729
24.62,-20.5243,14.1583,-4.1486,0.1655,17.9453,359.974
24.64,-20.5244,14.1581,-4.1486,0.1659,17.9464,359.975
24.66,-20.5243,14.1581,-4.1485,0.1669,17.9459,359.9744
24.68,-20.5242,14.1581,-4.1485,0.1658,17.9447,359.9748
24.7,-20.5237,14.1584,-4.1485,0.1648,17.9432,359.9738
24.72,-20.5237,14.1579,-4.1483,0.1664,17.9436,359.9751
24.74,-20.524,14.1582,-4.1485,0.166,17.9431,359.9743
24.76,-20.5244,14.1581,-4.1483,0.166,17.9426,359.9747
24.78,-20.5247,14.1577,-4.1481,0.1666,17.9406,359.9767
24.8,-20.5239,14.1579,-4.1478,0.1674,17.9418,359.9756
24.82,-20.5242,14.1582,-4.1479,0.1664,17.9407,359.9745
24.84,-20.5247,14.1579,-4.1478,0.1681,17.9387,359.9758
24.86,-20.525,14.1581,-4.1475,0.1659,17.9377,359.9755
24.88,-20.5251,14.158,-4.1474,0.1662,17.9374,359.9755
24.9,-20.5251,14.1579,-4.1473,0.167,17.9356,359.9751
24.92,-20.5254,14.1576,-4.147,0.1685,17.9331,359.976
24.94,-20.5255,14.158,-4.1469,0.1673,17.9325,359.9746
24.96,-20.5255,14.158,-4.1467,0.1675,17.9317,359.9745
24.98,-20.5253,14.1579,-4.1467,0.1678,17.9314,359.9759
25,-20.5256,14.1582,-4.1469,0.166,17.931,359.9748
25.02,-20.5257,14.158,-4.1466,0.167,17.9325,359.9747
25.04,-20.5261,14.1578,-4.1466,0.1678,17.9316,359.9753
25.06,-20.5256,14.1577,-4.1464,0.1692,17.9329,359.9748
25.08,-20.5255,14.1578,-4.1464,0.1684,17.9325,359.9742
25.1,-20.5251,14.1579,-4.1464,0.1685,17.9327,359.9733
25.12,-20.5256,14.1576,-4.1465,0.1685,17.9314,359.9749
25.14,-20.5258,14.1578,-4.1467,0.1688,17.9323,359.9741
25.16,-20.5257,14.1579,-4.1465,0.1683,17.9335,359.9744
25.18,-20.5259,14.1576,-4.1466,0.169,17.9321,359.9755
25.2,-20.5255,14.1578,-4.1468,0.1676,17.9346,359.974
25.22,-20.5255,14.1577,-4.147,0.1686,17.9353,359.9739
25.24,-20.5257,14.1578,-4.1471,0.1675,17.9352,359.9741
25.26,-20.5259,14.1578,-4.147,0.168,17.9342,359.9745
25.28,-20.526,14.1578,-4.1467,0.1681,17.9335,359.9742
25.3,-20.5261,14.1576,-4.1468,0.1686,17.9326,359.9754
25.32,-20.526,14.1577,-4.147,0.1676,17.9317,359.9762
25.34,-20.5255,14.1576,-4.1469,0.1687,17.9334,359.9765
25.36,-20.5246,14.1578,-4.1467,0.1685,17.9335,359.9752
25.38,-20.525,14.1582,-4.147,0.1664,17.9326,359.9743
25.4,-20.5249,14.1579,-4.1468,0.1679,17.9331,359.9747
25.42,-20.5247,14.1579,-4.1468,0.1678,17.9328,359.9754
25.44,-20.5244,14.1579,-4.1467,0.1679,17.9329,359.9753
25.46,-20.524,14.1578,-4.1469,0.1684,17.9341,359.9756
25.48,-20.524,14.1584,-4.1474,0.1655,17.9345,359.9731
25.5,-20.5237,14.1578,-4.1471,0.1682,17.9399,359.976
25.52,-20.5234,14.1582,-4.1472,0.1664,17.9418,359.9736
25.54,-20.5231,14.1576,-4.1473,0.1689,17.9432,359.9769
25.56,-20.5228,14.1577,-4.1474,0.1682,17.9442,359.9763
25.58,-20.5228,14.1578,-4.1476,0.1683,17.9446,359.9758
25.6,-20.5228,14.158,-4.1477,0.1671,17.9467,359.9758
25.62,-20.523,14.1581,-4.148,0.1662,17.9445,359.9757
25.64,-20.5231,14.1579,-4.1481,0.1669,17.9452,359.9762
25.66,-20.5231,14.1581,-4.1481,0.1664,17.9464,359.9759
25.68,-20.5234,14.1581,-4.1483,0.166,17.9464,359.9763
25.7,-20.5233,14.1579,-4.1481,0.1669,17.9477,359.9756
25.72,-20.523,14.1581,-4.1481,0.1662,17.9489,359.9753
25.74,-20.5228,14.1581,-4.1483,0.166,17.9481,359.9746
25.76,-20.5227,14.1582,-4.1484,0.1662,17.9473,359.9736
25.78,-20.523,14.1585,-4.1484,0.1646,17.9467,359.9727
25.8,-20.5229,14.1582,-4.1481,0.1667,17.9484,359.9726
25.82,-20.5234,14.1581,-4.1485,0.1662,17.9457,359.9734
25.84,-20.5232,14.1583,-4.1485,0.1645,17.9463,359.9733
25.86,-20.5233,14.158,-4.1484,0.1656,17.9451,359.9751
25.88,-20.5235,14.1581,-4.1483,0.1653,17.9438,359.9751
25.9,-20.5234,14.1582,-4.1483,0.1658,17.9447,359.9731
25.92,-20.5233,14.158,-4.1482,0.1668,17.9447,359.9739
25.94,-20.5234,14.1582,-4.1482,0.1648,17.9439,359.9736
25.96,-20.5234,14.1582,-4.148,0.1653,17.9452,359.9744
25.98,-20.5236,14.1578,-4.1481,0.1678,17.9463,359.9742
26,-20.5238,14.1581,-4.1483,0.1664,17.9447,359.9738
26.02,-20.524,14.158,-4.1482,0.1671,17.9441,359.975
26.04,-20.524,14.158,-4.148,0.1661,17.9449,359.9757
26.06,-20.5242,14.1581,-4.148,0.1654,17.9455,359.9753
26.08,-20.5248,14.1582,-4.1483,0.1659,17.9437,359.9744
26.1,-20.5243,14.1579,-4.1479,0.1676,17.9434,359.975
26.12,-20.5241,14.1578,-4.1477,0.1676,17.9432,359.9761
26.14,-20.5245,14.158,-4.1479,0.1667,17.9401,359.9756
26.16,-20.5247,14.1578,-4.1478,0.168,17.9401,359.9762
26.18,-20.5254,14.1579,-4.148,0.1668,17.9367,359.9767
26.2,-20.5244,14.1576,-4.1471,0.1682,17.9375,359.977
26.22,-20.5241,14.1578,-4.147,0.1685,17.9371,359.9754
26.24,-20.524,14.158,-4.1471,0.1677,17.936,359.9749
26.26,-20.5245,14.1579,-4.1472,0.1677,17.9344,359.9752
26.28,-20.5255,14.158,-4.1472,0.1668,17.9319,359.9754
26.3,-20.5259,14.1578,-4.1467,0.1672,17.9304,359.9765
26.32,-20.5252,14.1578,-4.1466,0.1674,17.9302,359.9757
26.34,-20.5248,14.1577,-4.1466,0.1689,17.9288,359.9752
26.36,-20.5248,14.1578,-4.1466,0.1678,17.9276,359.9753
26.38,-20.5253,14.1578,-4.1465,0.168,17.9282,359.9756
26.4,-20.526,14.1576,-4.1465,0.1681,17.928,359.9751
26.42,-20.5262,14.1576,-4.1467,0.1685,17.9275,359.9761
26.44,-20.526,14.1576,-4.1467,0.1685,17.9286,359.9755
26.46,-20.5265,14.1578,-4.1469,0.1672,17.9265,359.9745
26.48,-20.5265,14.1576,-4.1466,0.1679,17.9278,359.9745
26.5,-20.5267,14.1575,-4.1467,0.169,17.9277,359.9762
26.52,-20.5265,14.1579,-4.147,0.1674,17.9269,359.9747
26.54,-20.526,14.1577,-4.1469,0.1686,17.9278,359.9754
26.56,-20.526,14.1576,-4.1467,0.1687,17.9297,359.9757
26.58,-20.5263,14.1576,-4.1469,0.168,17.9289,359.9756
26.6,-20.5269,14.1579,-4.1473,0.1674,17.9277,359.9753
26.62,-20.5267,14.1578,-4.1468,0.1681,17.9284,359.975
26.64,-20.5259,14.1576,-4.1464,0.1692,17.9289,359.9747
26.66,-20.5256,14.1575,-4.1467,0.1692,17.929,359.975
26.68,-20.5258,14.158,-4.1475,0.1671,17.928,359.9742
26.7,-20.5251,14.1579,-4.1468,0.1676,17.9319,359.9753
26.72,-20.525,14.158,-4.1463,0.1679,17.9312,359.9747
26.74,-20.5249,14.1579,-4.1464,0.168,17.9309,359.9748
26.76,-20.5249,14.1577,-4.1467,0.1686,17.9296,359.9756
26.78,-20.5245,14.1577,-4.1467,0.1695,17.9302,359.9756
26.8,-20.5241,14.1579,-4.1465,0.1682,17.9325,359.975
26.82,-20.5237,14.1581,-4.1468,0.1661,17.9349,359.9749
26.84,-20.5235,14.158,-4.1472,0.1668,17.9356,359.9763
26.86,-20.5232,14.1579,-4.147,0.1676,17.9375,359.9759
26.88,-20.5235,14.1578,-4.1472,0.1669,17.9368,359.9768
26.9,-20.5234,14.1579,-4.1474,0.1662,17.9384,359.9763
26.92,-20.5231,14.1581,-4.1476,0.1654,17.9397,359.975
26.94,-20.5231,14.158,-4.1479,0.1664,17.9406,359.9756
26.96,-20.523,14.1582,-4.1479,0.1658,17.9436,359.9755
26.98,-20.5235,14.1582,-4.1481,0.1664,17.9426,359.9762
27,-20.5232,14.1581,-4.1486,0.1661,17.9479,359.9755
27.02,-20.523,14.1582,-4.1487,0.1658,17.9478,359.9751
27.04,-20.523,14.1581,-4.1485,0.166,17.9468,359.9755
27.06,-20.5227,14.1582,-4.1484,0.1659,17.9472,359.975
27.08,-20.5228,14.1583,-4.1485,0.1662,17.9474,359.9742
27.1,-20.5234,14.158,-4.1485,0.1664,17.9454,359.9749
27.12,-20.5234,14.1579,-4.148,0.1676,17.9461,359.9746
27.14,-20.5232,14.158,-4.1479,0.1672,17.947,359.9738
27.16,-20.5236,14.1581,-4.1481,0.1671,17.9452,359.974
27.18,-20.5237,14.1581,-4.1484,0.1656,17.9441,359.9748
27.2,-20.5237,14.1581,-4.1483,0.1662,17.9453,359.9743
27.22,-20.5236,14.158,-4.1482,0.1668,17.9452,359.9752
27.24,-20.5235,14.158,-4.1482,0.1662,17.9448,359.9752
27.26,-20.5236,14.1581,-4.1482,0.166,17.9451,359.9748
27.28,-20.5234,14.158,-4.1481,0.168,17.9461,359.9744
27.3,-20.5237,14.158,-4.1482,0.1667,17.944,359.976
27.32,-20.5236,14.1578,-4.1481,0.1676,17.9449,359.976
27.34,-20.5243,14.1578,-4.1483,0.1665,17.9442,359.9773
27.36,-20.5249,14.1576,-4.1483,0.1671,17.9438,359.9778
27.38,-20.5249,14.1576,-4.148,0.1663,17.9442,359.9775
27.4,-20.5242,14.1579,-4.1479,0.1671,17.9399,359.976
27.42,-20.5238,14.1578,-4.1475,0.1685,17.9407,359.9765
27.44,-20.5246,14.1577,-4.1476,0.1681,17.9383,359.9773
27.46,-20.5255,14.1577,-4.1474,0.1681,17.9368,359.9778
27.48,-20.5261,14.1577,-4.1474,0.1675,17.9341,359.9776
27.5,-20.5262,14.158,-4.1472,0.1665,17.9266,359.978
27.52,-20.5258,14.158,-4.1468,0.167,17.9301,359.9756
27.54,-20.5262,14.158,-4.1467,0.1663,17.9263,359.9763
27.56,-20.5262,14.1577,-4.1463,0.1679,17.9268,359.9773
27.58,-20.526,14.1577,-4.146,0.1681,17.9269,359.9762
27.6,-20.5261,14.1578,-4.1462,0.1674,17.9248,359.9762
27.62,-20.5261,14.1578,-4.1461,0.1683,17.9262,359.975
27.64,-20.5266,14.1576,-4.1461,0.1686,17.9265,359.9763
27.66,-20.5269,14.1577,-4.1464,0.1682,17.9258,359.9767
27.68,-20.5268,14.1576,-4.1465,0.169,17.9251,359.976
27.7,-20.5268,14.1576,-4.1463,0.1686,17.9254,359.976
27.72,-20.5269,14.1576,-4.1463,0.1687,17.9254,359.9753
27.74,-20.5269,14.1575,-4.1463,0.1693,17.9253,359.976
27.76,-20.527,14.1576,-4.1464,0.1681,17.9246,359.9754
27.78,-20.5267,14.1574,-4.1463,0.1694,17.9256,359.9756
27.8,-20.5271,14.1574,-4.1465,0.1694,17.9253,359.9763
27.82,-20.5281,14.158,-4.1471,0.1676,17.9223,359.9763
27.84,-20.5267,14.158,-4.1464,0.168,17.9269,359.9746
27.86,-20.5269,14.1582,-4.1467,0.1674,17.9265,359.9735
27.88,-20.5276,14.1578,-4.147,0.1675,17.9237,359.9758
27.9,-20.5272,14.1576,-4.1467,0.1694,17.9252,359.9765
27.92,-20.5272,14.1579,-4.1468,0.1676,17.9241,359.9756
27.94,-20.526,14.158,-4.1467,0.1675,17.9259,359.9744
27.96,-20.5257,14.158,-4.1469,0.1671,17.9239,359.9746
27.98,-20.5245,14.1574,-4.1462,0.1692,17.927,359.9756
28,-20.526,14.1578,-4.1472,0.1671,17.9263,359.9768
28.02,-20.5263,14.1578,-4.1473,0.1683,17.9235,359.9763
28.04,-20.5257,14.1575,-4.1466,0.1701,17.925,359.9773
28.06,-20.5252,14.1579,-4.1464,0.168,17.9287,359.9764
28.08,-20.5247,14.1577,-4.1468,0.169,17.9295,359.9765
28.1,-20.5246,14.1575,-4.1472,0.1687,17.9323,359.9767
28.12,-20.5246,14.1577,-4.1471,0.1677,17.9341,359.9767
28.14,-20.5247,14.1576,-4.1473,0.1688,17.9367,359.9782
28.16,-20.5248,14.1578,-4.1479,0.1675,17.9398,359.977
28.18,-20.5244,14.1579,-4.1481,0.1671,17.9417,359.9755
28.2,-20.5235,14.1579,-4.1479,0.1676,17.9433,359.9754
28.22,-20.5232,14.158,-4.148,0.1673,17.9438,359.9747
28.24,-20.5233,14.1578,-4.1483,0.1677,17.9436,359.9753
28.26,-20.5235,14.1582,-4.1486,0.1651,17.943,359.975
28.28,-20.5233,14.1579,-4.1484,0.1664,17.9446,359.976
28.3,-20.5235,14.1581,-4.1485,0.1657,17.9453,359.9754
28.32,-20.5233,14.158,-4.1486,0.1666,17.9486,359.9749
28.34,-20.5232,14.158,-4.1487,0.1666,17.948,359.9741
28.36,-20.5233,14.1579,-4.1487,0.167,17.9475,359.975
28.38,-20.5225,14.1582,-4.1485,0.1664,17.949,359.9733
28.4,-20.5228,14.1582,-4.1487,0.1649,17.9464,359.9727
28.42,-20.5228,14.1581,-4.1485,0.1659,17.9476,359.9726
28.44,-20.5229,14.1584,-4.1485,0.1642,17.9476,359.9722
28.46,-20.523,14.1582,-4.1485,0.1655,17.947,359.9723
28.48,-20.5232,14.158,-4.1486,0.1654,17.9449,359.975
28.5,-20.523,14.1579,-4.1485,0.167,17.9456,359.9751
28.52,-20.5233,14.1579,-4.1485,0.1661,17.9431,359.9756
28.54,-20.5233,14.158,-4.1485,0.1651,17.943,359.9765
28.56,-20.5232,14.1581,-4.1484,0.1651,17.9422,359.9757
28.58,-20.5234,14.1582,-4.1484,0.1643,17.9418,359.9759
28.6,-20.5242,14.1579,-4.148,0.166,17.9399,359.9763
28.62,-20.5247,14.158,-4.1479,0.1664,17.9376,359.9766
28.64,-20.5247,14.1578,-4.1476,0.1672,17.9374,359.9762
28.66,-20.5246,14.1577,-4.1474,0.1679,17.9378,359.9762
28.68,-20.5246,14.1577,-4.1473,0.1682,17.9379,359.9771
28.7,-20.5252,14.1577,-4.1472,0.1681,17.9344,359.9765
28.72,-20.5258,14.158,-4.1473,0.1662,17.9312,359.9762
28.74,-20.526,14.158,-4.1472,0.167,17.9308,359.9745
28.76,-20.5261,14.1577,-4.1469,0.1674,17.932,359.9762
28.78,-20.5267,14.1576,-4.1469,0.1676,17.9276,359.9774
28.8,-20.5266,14.1577,-4.1465,0.1684,17.9278,359.9761
28.82,-20.5269,14.1576,-4.1465,0.1683,17.9249,359.977
28.84,-20.5271,14.1576,-4.1463,0.168,17.9239,359.977
28.86,-20.5271,14.1577,-4.1461,0.168,17.9237,359.9763
28.88,-20.527,14.1575,-4.1457,0.1692,17.9247,359.9756
28.9,-20.5268,14.1574,-4.1455,0.1698,17.9253,359.976
28.92,-20.5266,14.1573,-4.1457,0.17,17.9253,359.9764
28.94,-20.5267,14.1576,-4.146,0.1683,17.9241,359.9757
28.96,-20.5266,14.1575,-4.1457,0.1699,17.9275,359.9744
28.98,-20.5285,14.1573,-4.146,0.1699,17.9234,359.9746
29,-20.5285,14.1577,-4.1463,0.168,17.9212,359.9749
29.02,-20.5284,14.1578,-4.1462,0.167,17.9228,359.9746
29.04,-20.5285,14.1576,-4.1463,0.168,17.9232,359.9747
29.06,-20.5285,14.1577,-4.1463,0.1681,17.9257,359.9743
29.08,-20.5282,14.1577,-4.1461,0.1688,17.9284,359.9742
29.1,-20.5284,14.1575,-4.1463,0.1687,17.9249,359.9769
29.12,-20.5282,14.1575,-4.1463,0.1686,17.9257,359.9764
29.14,-20.5279,14.1575,-4.1462,0.1685,17.9272,359.976
29.16,-20.528,14.1572,-4.1461,0.1698,17.9266,359.9778
29.18,-20.5278,14.1575,-4.1464,0.1682,17.9267,359.9757
29.2,-20.5274,14.1573,-4.1464,0.1695,17.929,359.9766
29.22,-20.527,14.1579,-4.1465,0.1681,17.9301,359.9737
29.24,-20.5267,14.1574,-4.1464,0.1691,17.9297,359.9751
29.26,-20.5266,14.1572,-4.1465,0.1699,17.9284,359.9766
29.28,-20.5265,14.1575,-4.1465,0.1683,17.9276,359.9762
29.3,-20.5259,14.1579,-4.1461,0.1671,17.9298,359.9767
29.32,-20.526,14.1579,-4.1464,0.1678,17.9308,359.9755
29.34,-20.5257,14.1576,-4.1466,0.1684,17.9315,359.9769
29.36,-20.525,14.1575,-4.1465,0.1688,17.9309,359.976
29.38,-20.5241,14.1576,-4.146,0.1692,17.9334,359.9763
29.4,-20.5244,14.1578,-4.1469,0.1679,17.9346,359.976
29.42,-20.5247,14.1581,-4.1472,0.1669,17.9343,359.9744
29.44,-20.5248,14.158,-4.1469,0.1674,17.9355,359.9748
29.46,-20.5246,14.158,-4.1466,0.1672,17.9393,359.9753
29.48,-20.5247,14.158,-4.1468,0.1674,17.9379,359.9749
29.5,-20.5247,14.1579,-4.1471,0.1675,17.9396,359.975
29.52,-20.5248,14.1581,-4.1472,0.1668,17.9394,359.9749
29.54,-20.5248,14.1579,-4.1471,0.1673,17.9396,359.9759
29.56,-20.5249,14.1579,-4.1473,0.1674,17.941,359.976
29.58,-20.5252,14.1581,-4.148,0.1663,17.9411,359.9762
29.6,-20.5246,14.1582,-4.148,0.1653,17.9439,359.9745
29.62,-20.5247,14.1582,-4.148,0.1654,17.9424,359.974
29.64,-20.5246,14.1581,-4.1478,0.1668,17.944,359.9753
29.66,-20.5244,14.1581,-4.1479,0.1664,17.9452,359.9749
29.68,-20.5245,14.158,-4.1481,0.1663,17.9443,359.9751
29.7,-20.5243,14.1582,-4.1477,0.1658,17.9452,359.9743
29.72,-20.5248,14.1581,-4.1478,0.1664,17.9437,359.9752
29.74,-20.5249,14.1578,-4.1479,0.1678,17.944,359.9762
29.76,-20.5251,14.1579,-4.1481,0.1666,17.9429,359.9759
29.78,-20.525,14.1576,-4.148,0.1677,17.9416,359.9771
29.8,-20.525,14.1577,-4.1475,0.1679,17.9396,359.9763
29.82,-20.5249,14.1579,-4.1476,0.1675,17.9416,359.9764
29.84,-20.5254,14.1581,-4.1479,0.1664,17.9402,359.9756
29.86,-20.5261,14.1576,-4.148,0.1667,17.9387,359.9767
29.88,-20.526,14.1578,-4.1478,0.1671,17.9377,359.9765
29.9,-20.5262,14.1578,-4.1476,0.1668,17.9364,359.9769
29.92,-20.5263,14.158,-4.1474,0.1665,17.9361,359.9761
29.94,-20.5264,14.1579,-4.1473,0.1681,17.9348,359.9751
29.96,-20.5262,14.1579,-4.1471,0.1685,17.9344,359.9756
29.98,-20.5261,14.1581,-4.147,0.1676,17.9336,359.9756
30,-20.5267,14.1575,-4.1469,0.1687,17.9321,359.9769
30.02,-20.5271,14.1577,-4.1467,0.1686,17.9311,359.9756
30.04,-20.5274,14.1578,-4.1467,0.1678,17.928,359.9757
30.06,-20.5274,14.1574,-4.1464,0.1694,17.9262,359.9772
30.08,-20.5272,14.1575,-4.1463,0.1693,17.9262,359.9766
30.1,-20.5268,14.1575,-4.146,0.1692,17.9266,359.9752
30.12,-20.5268,14.1575,-4.1459,0.1697,17.9261,359.9747
30.14,-20.5267,14.1578,-4.1459,0.1681,17.9259,359.9744
30.16,-20.5268,14.1576,-4.1459,0.1684,17.9251,359.9754
30.18,-20.5272,14.1576,-4.1458,0.1689,17.9256,359.9748
30.2,-20.5278,14.1576,-4.146,0.169,17.9245,359.9752
30.22,-20.5276,14.1575,-4.1458,0.1696,17.9242,359.9752
30.24,-20.5274,14.1575,-4.1457,0.1692,17.9243,359.975
30.26,-20.5273,14.1576,-4.1458,0.1687,17.924,359.9742
30.28,-20.5273,14.1574,-4.1458,0.169,17.9256,359.9749
30.3,-20.5278,14.1574,-4.146,0.1696,17.9263,359.9756
30.32,-20.5275,14.1575,-4.1458,0.1702,17.9263,359.9744
30.34,-20.5274,14.1573,-4.1459,0.1702,17.9266,359.9748
30.36,-20.5276,14.1575,-4.1463,0.1689,17.9253,359.9748
30.38,-20.5277,14.1577,-4.1467,0.168,17.9259,359.9739
30.4,-20.5279,14.1578,-4.1464,0.1671,17.9245,359.9745
30.42,-20.5277,14.1577,-4.1462,0.1684,17.9254,359.975
30.44,-20.5272,14.1574,-4.1462,0.1692,17.9261,359.9757
30.46,-20.5269,14.1574,-4.1464,0.169,17.9265,359.9747
30.48,-20.5262,14.1578,-4.1462,0.1682,17.9268,359.9744
30.5,-20.5262,14.1575,-4.1461,0.1692,17.9256,359.9756
30.52,-20.5266,14.1575,-4.1462,0.1692,17.9261,359.9767
30.54,-20.527,14.1578,-4.1466,0.1683,17.9273,359.9759
30.56,-20.5266,14.1579,-4.1465,0.1684,17.9317,359.9737
30.58,-20.5263,14.1577,-4.1467,0.1677,17.9293,359.9752
30.6,-20.5238,14.1581,-4.1465,0.1684,17.9361,359.9723
30.62,-20.525,14.1579,-4.1471,0.1677,17.9335,359.9753
30.64,-20.5255,14.158,-4.1472,0.1673,17.9332,359.9752
30.66,-20.5256,14.1578,-4.147,0.1668,17.9337,359.9768
30.68,-20.5253,14.1578,-4.1469,0.1669,17.9345,359.977
30.7,-20.5236,14.1583,-4.1473,0.1669,17.94,359.9753
30.72,-20.5236,14.1583,-4.1474,0.167,17.9402,359.9733
30.74,-20.5238,14.1578,-4.1471,0.1675,17.9391,359.9767
30.76,-20.5234,14.1576,-4.1468,0.1682,17.9413,359.9768
30.78,-20.5226,14.158,-4.1477,0.1674,17.9435,359.9743
30.8,-20.5233,14.1582,-4.1482,0.1657,17.9437,359.9743
30.82,-20.5245,14.1582,-4.1483,0.1652,17.9436,359.9741
30.84,-20.5243,14.1581,-4.1476,0.1662,17.9475,359.9742
30.86,-20.5246,14.1579,-4.148,0.167,17.9456,359.9754
30.88,-20.5244,14.1581,-4.1485,0.1659,17.9448,359.9742
30.9,-20.524,14.1582,-4.1484,0.1656,17.9449,359.9736
30.92,-20.5242,14.1581,-4.1481,0.1664,17.9449,359.9732
30.94,-20.5245,14.1581,-4.148,0.1668,17.9453,359.973
30.96,-20.5245,14.1583,-4.1483,0.1649,17.9452,359.9729
30.98,-20.5246,14.1581,-4.1484,0.1654,17.9444,359.9737
31,-20.5238,14.1581,-4.1481,0.1665,17.946,359.9735
31.02,-20.5237,14.1578,-4.1481,0.1667,17.9465,359.9752
31.04,-20.5235,14.1584,-4.1485,0.1653,17.9463,359.9743
31.06,-20.5237,14.1579,-4.1484,0.1662,17.9464,359.976
31.08,-20.5239,14.1581,-4.1484,0.1663,17.9467,359.9742
31.1,-20.5254,14.1581,-4.1484,0.1655,17.944,359.9757
31.12,-20.5254,14.1579,-4.1481,0.166,17.9426,359.9757
31.14,-20.5252,14.1581,-4.148,0.1653,17.9424,359.9741
31.16,-20.5253,14.158,-4.148,0.1656,17.941,359.9749
31.18,-20.5254,14.1581,-4.148,0.1652,17.9408,359.9745
31.2,-20.5253,14.1583,-4.1479,0.165,17.9399,359.9735
31.22,-20.5253,14.1582,-4.1477,0.1664,17.9381,359.9742
31.24,-20.5253,14.1581,-4.1475,0.1664,17.9378,359.9746
31.26,-20.5257,14.1579,-4.1474,0.1666,17.936,359.9758
31.28,-20.5262,14.1574,-4.1472,0.1686,17.932,359.9778
31.3,-20.5259,14.1577,-4.1466,0.1681,17.9312,359.9753
31.32,-20.526,14.1579,-4.1465,0.1672,17.9299,359.9751
31.34,-20.5262,14.1577,-4.1463,0.1678,17.9289,359.9756
31.36,-20.5263,14.1575,-4.146,0.1689,17.9287,359.9756
31.38,-20.526,14.1574,-4.1458,0.169,17.9308,359.9757
31.4,-20.5255,14.1576,-4.1463,0.1684,17.9308,359.9742
31.42,-20.5256,14.1576,-4.1464,0.1685,17.9328,359.9741
31.44,-20.5262,14.1574,-4.1466,0.1688,17.9344,359.9751
31.46,-20.5269,14.1577,-4.1475,0.1675,17.9332,359.9756
31.48,-20.526,14.1578,-4.1472,0.1665,17.9344,359.9742
31.5,-20.526,14.1577,-4.1468,0.1675,17.9345,359.9745
31.52,-20.5266,14.1577,-4.1472,0.167,17.9323,359.9744
31.54,-20.5265,14.1581,-4.1473,0.166,17.9336,359.9721
31.56,-20.5263,14.1581,-4.1472,0.1666,17.9353,359.9708
31.58,-20.5265,14.1576,-4.147,0.1678,17.9337,359.9758
31.6,-20.5264,14.1577,-4.1471,0.167,17.9334,359.9747
31.62,-20.5263,14.1578,-4.1471,0.1665,17.9329,359.9744
31.64,-20.5261,14.1579,-4.1471,0.1672,17.9333,359.9732
31.66,-20.5261,14.1577,-4.147,0.168,17.934,359.9742
31.68,-20.5264,14.1578,-4.1471,0.1668,17.9332,359.9746
31.7,-20.5257,14.1578,-4.1468,0.1672,17.9341,359.974
31.72,-20.525,14.1577,-4.1466,0.1678,17.9342,359.9746
31.74,-20.5242,14.1578,-4.1465,0.1679,17.9349,359.9754
31.76,-20.5242,14.1581,-4.147,0.1674,17.9377,359.9744
31.78,-20.5254,14.158,-4.1476,0.1661,17.9353,359.9753
31.8,-20.5249,14.1579,-4.1469,0.1664,17.9387,359.9758
31.82,-20.5241,14.1581,-4.1469,0.1659,17.943,359.9749
31.84,-20.5238,14.1581,-4.1477,0.1654,17.9412,359.9741
31.86,-20.5235,14.1579,-4.1477,0.1662,17.9427,359.9745
31.88,-20.5238,14.158,-4.1475,0.1665,17.9441,359.9752
31.9,-20.5236,14.1581,-4.1476,0.1661,17.9442,359.9746
31.92,-20.5231,14.1581,-4.1477,0.1658,17.9449,359.9742
31.94,-20.5232,14.1584,-4.1478,0.1647,17.9456,359.9734
31.96,-20.5239,14.1581,-4.1482,0.1649,17.9457,359.9746
31.98,-20.5241,14.1582,-4.1483,0.1648,17.9466,359.9748
32,-20.524,14.1583,-4.1483,0.1643,17.9443,359.9745
32.02,-20.5237,14.1581,-4.1481,0.1655,17.9429,359.9741
32.04,-20.5234,14.1584,-4.1483,0.1655,17.9441,359.9728
32.06,-20.5237,14.1582,-4.1485,0.1657,17.9454,359.9742
32.08,-20.5239,14.1582,-4.1486,0.1651,17.9453,359.9744
32.1,-20.5229,14.1585,-4.1483,0.1642,17.948,359.972
32.12,-20.5232,14.1581,-4.1485,0.1658,17.9473,359.9732
32.14,-20.5235,14.1582,-4.1486,0.1657,17.9462,359.9737
32.16,-20.5238,14.1584,-4.1485,0.1654,17.9468,359.9722
32.18,-20.5239,14.158,-4.1482,0.1658,17.9477,359.9733
32.2,-20.5236,14.1582,-4.1485,0.1653,17.9456,359.9728
32.22,-20.5239,14.1581,-4.1486,0.1661,17.9445,359.9735
32.24,-20.5241,14.1579,-4.1484,0.1666,17.9468,359.975
32.26,-20.5245,14.1581,-4.1485,0.1658,17.9457,359.974
32.28,-20.5247,14.1578,-4.1487,0.1665,17.9462,359.9748
32.3,-20.5238,14.1581,-4.1485,0.1669,17.9475,359.9728
32.32,-20.5236,14.158,-4.1482,0.1672,17.948,359.9726
32.34,-20.524,14.1579,-4.1482,0.1666,17.9458,359.9744
32.36,-20.5241,14.1581,-4.1483,0.1655,17.9464,359.9741
32.38,-20.5248,14.1583,-4.1487,0.1645,17.944,359.9738
32.4,-20.5243,14.1584,-4.1481,0.1654,17.9455,359.973
32.42,-20.5245,14.1584,-4.1482,0.1648,17.9439,359.9725
32.44,-20.5246,14.1582,-4.1481,0.1652,17.9433,359.9728
32.46,-20.5252,14.1581,-4.1482,0.1652,17.9411,359.9745
32.48,-20.5251,14.1583,-4.1481,0.1654,17.9416,359.9741
32.5,-20.5248,14.1582,-4.1477,0.1657,17.9411,359.9732
32.52,-20.5248,14.1579,-4.1474,0.1667,17.9391,359.9747
32.54,-20.525,14.1572,-4.147,0.1701,17.9361,359.9769
32.56,-20.5253,14.1578,-4.147,0.1668,17.935,359.9753
32.58,-20.5254,14.1579,-4.1468,0.167,17.9333,359.9738
32.6,-20.5256,14.158,-4.1468,0.167,17.9306,359.9728
32.62,-20.5257,14.1577,-4.1466,0.1676,17.9287,359.9751
32.64,-20.5262,14.1575,-4.1464,0.1681,17.9279,359.9748
32.66,-20.5276,14.1573,-4.1465,0.1675,17.9277,359.9758
32.68,-20.5287,14.1584,-4.1471,0.1656,17.9289,359.9724
32.7,-20.5283,14.1578,-4.1467,0.1669,17.9294,359.9735
32.72,-20.5273,14.1573,-4.1463,0.1687,17.9291,359.9748
32.74,-20.5269,14.1577,-4.1464,0.1673,17.929,359.9734
32.76,-20.527,14.1576,-4.1466,0.1681,17.9299,359.9739
32.78,-20.5285,14.1573,-4.1472,0.1677,17.9287,359.9756
32.8,-20.5279,14.1577,-4.1468,0.1671,17.9313,359.9743
32.82,-20.5276,14.1576,-4.1469,0.1674,17.9301,359.9744
32.84,-20.5268,14.1581,-4.1472,0.1667,17.9314,359.9722
32.86,-20.5274,14.1579,-4.1475,0.1667,17.9306,359.9729
32.88,-20.5283,14.1577,-4.1468,0.1673,17.9298,359.9743
32.9,-20.528,14.1576,-4.1467,0.1679,17.9296,359.9741
32.92,-20.5271,14.1575,-4.1469,0.1679,17.931,359.9747
32.94,-20.5259,14.1576,-4.147,0.1679,17.9326,359.9742
32.96,-20.526,14.1576,-4.1471,0.1679,17.9336,359.9745
32.98,-20.526,14.1579,-4.1468,0.1665,17.9348,359.9741
33,-20.5258,14.1579,-4.1468,0.1667,17.9348,359.9748
33.02,-20.5256,14.158,-4.1469,0.1666,17.9336,359.9743
33.04,-20.5255,14.1581,-4.147,0.1661,17.9343,359.9741
33.06,-20.5253,14.158,-4.1471,0.1654,17.9384,359.976
33.08,-20.5244,14.1582,-4.1472,0.1652,17.9391,359.9755
33.1,-20.5239,14.1581,-4.1471,0.1652,17.9407,359.9758
33.12,-20.5239,14.1582,-4.1472,0.1646,17.945,359.9762
33.14,-20.5249,14.1584,-4.1479,0.1638,17.9434,359.9757
33.16,-20.5255,14.1586,-4.1481,0.1641,17.9466,359.9741
33.18,-20.5251,14.1578,-4.1476,0.1665,17.9491,359.9763
33.2,-20.5234,14.1588,-4.1479,0.1644,17.9518,359.9704
33.22,-20.5239,14.1583,-4.1483,0.1653,17.9482,359.9733
33.24,-20.5247,14.1582,-4.1484,0.1649,17.9465,359.9745
33.26,-20.5248,14.1578,-4.1478,0.1665,17.9489,359.9764
33.28,-20.5246,14.1582,-4.1478,0.1654,17.9505,359.9744
33.3,-20.5243,14.1581,-4.1488,0.1653,17.9484,359.9752
33.32,-20.524,14.1582,-4.1487,0.165,17.9483,359.9745
33.34,-20.5243,14.1583,-4.1485,0.1651,17.9481,359.9742
33.36,-20.5245,14.1584,-4.1485,0.1636,17.9479,359.9726
33.38,-20.5246,14.1582,-4.1486,0.1646,17.9463,359.9741
33.4,-20.5238,14.1584,-4.1485,0.1644,17.9464,359.973
33.42,-20.5236,14.1581,-4.1483,0.1652,17.9468,359.9738
33.44,-20.5237,14.1582,-4.1482,0.1655,17.9466,359.9738
33.46,-20.5241,14.158,-4.1483,0.1653,17.946,359.9754
33.48,-20.5244,14.1582,-4.1484,0.1653,17.9457,359.9733
33.5,-20.5245,14.158,-4.1481,0.1665,17.9461,359.9741
33.52,-20.5245,14.1577,-4.1479,0.1676,17.9474,359.9746
33.54,-20.5245,14.1581,-4.1481,0.1658,17.9479,359.9735
33.56,-20.5246,14.1582,-4.1482,0.1653,17.9472,359.9732
33.58,-20.5247,14.1579,-4.1481,0.1662,17.9468,359.9744
33.6,-20.5252,14.1583,-4.1484,0.1657,17.9476,359.9747
33.62,-20.5261,14.1582,-4.1489,0.1644,17.945,359.9758
33.64,-20.526,14.1584,-4.1487,0.1641,17.9436,359.9748
33.66,-20.5255,14.1585,-4.1483,0.1645,17.9439,359.9735
33.68,-20.525,14.1583,-4.1477,0.1652,17.9446,359.9741
33.7,-20.5253,14.1579,-4.1476,0.167,17.9417,359.9759
33.72,-20.5254,14.158,-4.1476,0.1666,17.9417,359.9764
33.74,-20.5257,14.1579,-4.1475,0.1666,17.9408,359.9767
33.76,-20.5257,14.1578,-4.1474,0.1672,17.9416,359.9757
33.78,-20.5261,14.1579,-4.1476,0.1662,17.9386,359.9767
33.8,-20.5257,14.158,-4.1472,0.1658,17.9367,359.9755
33.82,-20.5259,14.1578,-4.1468,0.1668,17.9346,359.9759
33.84,-20.5261,14.1576,-4.1464,0.1688,17.9351,359.9753
33.86,-20.5266,14.1578,-4.1466,0.1676,17.9315,359.9749
33.88,-20.5267,14.1577,-4.1466,0.1672,17.9275,359.9756
33.9,-20.526,14.1577,-4.1462,0.168,17.93,359.9738
33.92,-20.5257,14.1576,-4.1462,0.1692,17.9322,359.9735
33.94,-20.5261,14.1578,-4.1466,0.1681,17.9318,359.9736
33.96,-20.5262,14.1577,-4.1465,0.1678,17.9333,359.9745
33.98,-20.5261,14.1576,-4.1464,0.1683,17.9347,359.9738
34,-20.526,14.1578,-4.1472,0.1667,17.9331,359.9737
34.02,-20.526,14.1578,-4.1473,0.1672,17.9348,359.9728
34.04,-20.5262,14.1578,-4.1471,0.1674,17.9368,359.9723
34.06,-20.5267,14.1577,-4.147,0.1676,17.9369,359.9731
34.08,-20.5268,14.1578,-4.147,0.1674,17.935,359.9734
34.1,-20.5263,14.158,-4.1469,0.1669,17.9346,359.9729
34.12,-20.5265,14.1576,-4.1466,0.1679,17.9352,359.9743
34.14,-20.5268,14.1575,-4.1465,0.1684,17.9343,359.9759
34.16,-20.5263,14.1576,-4.1463,0.1691,17.9353,359.9749
34.18,-20.5258,14.1574,-4.1465,0.1687,17.9344,359.9757
34.2,-20.525,14.1578,-4.1463,0.1681,17.9363,359.975
34.22,-20.5253,14.1581,-4.1464,0.1669,17.9364,359.9736
34.24,-20.5253,14.1579,-4.1465,0.1669,17.9367,359.9752
34.26,-20.5246,14.1581,-4.1467,0.1664,17.9396,359.9744
34.28,-20.5244,14.1583,-4.1473,0.1642,17.9399,359.975
34.3,-20.5241,14.158,-4.147,0.1656,17.9426,359.9763
34.32,-20.5239,14.1582,-4.147,0.1657,17.9462,359.9746
34.34,-20.5239,14.1581,-4.1473,0.1673,17.9467,359.9755
34.36,-20.524,14.1581,-4.1476,0.1654,17.9452,359.9762
34.38,-20.5239,14.1579,-4.1476,0.1657,17.9486,359.9768
34.4,-20.5243,14.1579,-4.1481,0.1655,17.9493,359.9771
34.42,-20.5241,14.1582,-4.1483,0.165,17.9489,359.9739
34.44,-20.5235,14.1581,-4.148,0.1653,17.9519,359.9748
34.46,-20.5233,14.1582,-4.1481,0.165,17.9522,359.9743
34.48,-20.5238,14.1582,-4.1484,0.1653,17.9525,359.9735
34.5,-20.5241,14.158,-4.1483,0.1659,17.9515,359.975
34.52,-20.5241,14.158,-4.1483,0.1663,17.9505,359.9744
34.54,-20.5239,14.158,-4.1484,0.1664,17.9499,359.974
34.56,-20.5239,14.1583,-4.1487,0.1651,17.9506,359.9735
34.58,-20.524,14.1583,-4.1488,0.1651,17.9504,359.9731
34.6,-20.5245,14.1579,-4.1489,0.1658,17.9485,359.9748
34.62,-20.524,14.1581,-4.1486,0.1655,17.9503,359.9733
34.64,-20.524,14.158,-4.1484,0.1655,17.9499,359.9747
34.66,-20.5241,14.1579,-4.1484,0.1662,17.9494,359.9754
34.68,-20.5244,14.158,-4.1486,0.1657,17.9487,359.9752
34.7,-20.5246,14.1579,-4.1483,0.1667,17.9474,359.9749
34.72,-20.5244,14.158,-4.1482,0.1665,17.9475,359.9746
34.74,-20.524,14.1581,-4.1482,0.1653,17.9482,359.9733
34.76,-20.5244,14.1581,-4.1484,0.1651,17.9467,359.9739
34.78,-20.5243,14.1583,-4.1483,0.1647,17.9485,359.9735
34.8,-20.525,14.1581,-4.1485,0.1652,17.9455,359.9758
34.82,-20.5248,14.158,-4.1484,0.1655,17.9445,359.9763
34.84,-20.5241,14.1578,-4.1479,0.1668,17.9441,359.9754
34.86,-20.5242,14.1577,-4.1477,0.1672,17.9426,359.976
34.88,-20.5245,14.1584,-4.1477,0.1655,17.9416,359.9739
34.9,-20.5251,14.1581,-4.1477,0.1654,17.9425,359.9755
34.92,-20.525,14.158,-4.1477,0.1662,17.942,359.9755
34.94,-20.525,14.1579,-4.1475,0.166,17.9403,359.9755
34.96,-20.5251,14.158,-4.1474,0.1671,17.9367,359.9745
34.98,-20.5255,14.158,-4.1472,0.1662,17.9364,359.9753
35,-20.5269,14.1579,-4.1472,0.1665,17.9358,359.9751
35.02,-20.5264,14.1579,-4.1468,0.1672,17.9373,359.9749
35.04,-20.5267,14.1577,-4.1467,0.1674,17.9327,359.975
35.06,-20.5266,14.1577,-4.1466,0.1666,17.9312,359.9747
35.08,-20.5267,14.1579,-4.1468,0.1653,17.9347,359.9742
35.1,-20.5267,14.1577,-4.1472,0.1668,17.9359,359.9751
35.12,-20.5253,14.158,-4.1468,0.1668,17.9366,359.9735
35.14,-20.5253,14.1577,-4.1465,0.1681,17.9362,359.9739
35.16,-20.5263,14.1572,-4.1467,0.1693,17.9363,359.9758
35.18,-20.5273,14.1581,-4.1473,0.1672,17.9342,359.974
35.2,-20.5263,14.1578,-4.1466,0.1671,17.9352,359.9736
35.22,-20.5256,14.1572,-4.1466,0.1678,17.9352,359.975
35.24,-20.5256,14.1577,-4.1472,0.167,17.934,359.9744
35.26,-20.5258,14.1577,-4.1475,0.1676,17.9353,359.9742
35.28,-20.5263,14.1579,-4.1474,0.167,17.9369,359.9739
35.3,-20.5261,14.1573,-4.1467,0.1697,17.9364,359.9747
35.32,-20.5261,14.1576,-4.147,0.1679,17.9345,359.9741
35.34,-20.5265,14.1575,-4.1473,0.168,17.9323,359.9755
35.36,-20.5265,14.1576,-4.1472,0.1679,17.935,359.9741
35.38,-20.526,14.1577,-4.1472,0.1675,17.935,359.9741
35.4,-20.5246,14.1576,-4.147,0.1673,17.9364,359.9743
35.42,-20.5247,14.158,-4.1473,0.1667,17.9359,359.9731
35.44,-20.5258,14.1577,-4.1473,0.1672,17.9331,359.9748
35.46,-20.5259,14.1581,-4.1469,0.1657,17.9341,359.974
35.48,-20.5259,14.1578,-4.1466,0.1671,17.9349,359.9752
35.5,-20.5232,14.1578,-4.1476,0.1665,17.9387,359.9741
35.52,-20.5228,14.1577,-4.1475,0.1674,17.9376,359.9741
35.54,-20.5231,14.1581,-4.1473,0.1666,17.9387,359.9738
35.56,-20.5241,14.1582,-4.1473,0.1651,17.9418,359.9743
35.58,-20.5252,14.1581,-4.1479,0.1653,17.9442,359.9743
35.6,-20.5244,14.1578,-4.1481,0.1655,17.9422,359.9751
35.62,-20.5232,14.1579,-4.1474,0.1659,17.9438,359.9744
35.64,-20.5229,14.1582,-4.1473,0.1666,17.9474,359.974
35.66,-20.5238,14.1583,-4.1481,0.1659,17.9464,359.974
35.68,-20.5241,14.1582,-4.1487,0.1645,17.9487,359.974
35.7,-20.5234,14.1583,-4.1481,0.1652,17.9493,359.9733
35.72,-20.5232,14.1582,-4.1477,0.1654,17.9504,359.9743
35.74,-20.5237,14.1585,-4.1484,0.1639,17.9496,359.9735
35.76,-20.5246,14.1581,-4.1493,0.1639,17.9485,359.9743
35.78,-20.5244,14.1586,-4.1493,0.1635,17.9503,359.9735
35.8,-20.5241,14.1581,-4.1487,0.165,17.9499,359.9744
35.82,-20.524,14.1583,-4.1488,0.1644,17.9506,359.9732
35.84,-20.5242,14.1582,-4.149,0.1649,17.9517,359.9729
35.86,-20.5245,14.1581,-4.1494,0.1646,17.9503,359.973
35.88,-20.5233,14.1585,-4.1484,0.1642,17.9518,359.972
35.9,-20.5236,14.1586,-4.1486,0.1634,17.9505,359.9718
35.92,-20.524,14.1583,-4.1491,0.1638,17.9481,359.9724
35.94,-20.5241,14.1583,-4.1493,0.164,17.9483,359.9727
35.96,-20.5239,14.1585,-4.1493,0.1631,17.9492,359.9724
35.98,-20.5231,14.1583,-4.1488,0.1641,17.9506,359.9721
36,-20.5233,14.1579,-4.149,0.1654,17.9501,359.9737
36.02,-20.5234,14.1584,-4.1493,0.1638,17.9513,359.9735
36.04,-20.5236,14.1582,-4.1491,0.165,17.9513,359.9736
36.06,-20.5243,14.1583,-4.1492,0.1638,17.9477,359.9746
36.08,-20.5242,14.1581,-4.149,0.1644,17.9476,359.9748
36.1,-20.524,14.1579,-4.1488,0.1665,17.9481,359.9746
36.12,-20.524,14.1582,-4.1487,0.1655,17.9467,359.9737
36.14,-20.5236,14.1582,-4.1483,0.1658,17.9483,359.9745
36.16,-20.5239,14.158,-4.1483,0.1659,17.9469,359.9752
36.18,-20.5241,14.1581,-4.1484,0.1662,17.9456,359.9752
36.2,-20.5242,14.1583,-4.1483,0.1646,17.9418,359.974
36.22,-20.5234,14.1582,-4.1475,0.1664,17.9437,359.9722
36.24,-20.524,14.1581,-4.1479,0.1656,17.9406,359.974
36.26,-20.5246,14.1578,-4.148,0.1671,17.9395,359.9745
36.28,-20.5256,14.158,-4.1483,0.1658,17.9386,359.9749
36.3,-20.5253,14.1576,-4.1474,0.167,17.9357,359.9756
36.32,-20.5243,14.1579,-4.1469,0.1673,17.937,359.9739
36.34,-20.5246,14.1578,-4.147,0.1674,17.9364,359.9732
36.36,-20.5251,14.158,-4.1475,0.1668,17.9366,359.9731
36.38,-20.5257,14.1576,-4.1479,0.1668,17.9357,359.9743
36.4,-20.5241,14.1575,-4.1466,0.1685,17.9388,359.9728
36.42,-20.5243,14.1577,-4.1469,0.1676,17.94,359.9727
36.44,-20.5249,14.1579,-4.1476,0.1668,17.939,359.9721
36.46,-20.5254,14.1577,-4.1478,0.1668,17.9376,359.9737
36.48,-20.525,14.1576,-4.1471,0.1683,17.9392,359.9727
36.5,-20.5243,14.1579,-4.1473,0.1685,17.9406,359.9719
36.52,-20.5249,14.1581,-4.1482,0.1665,17.9386,359.9721
36.54,-20.5251,14.1579,-4.1482,0.1675,17.9393,359.9728
36.56,-20.5253,14.1579,-4.1478,0.167,17.939,359.9723
36.58,-20.5253,14.1578,-4.1475,0.1673,17.9394,359.9729
36.6,-20.5242,14.1579,-4.1479,0.1668,17.9416,359.9712
36.62,-20.524,14.1582,-4.1479,0.1659,17.9428,359.971
36.64,-20.5241,14.158,-4.1477,0.1656,17.9429,359.972
36.66,-20.524,14.1573,-4.1473,0.1685,17.9401,359.976
36.68,-20.5232,14.1579,-4.1472,0.1669,17.9407,359.9738
36.7,-20.5234,14.158,-4.1472,0.1671,17.9404,359.9735
36.72,-20.5236,14.158,-4.1473,0.1666,17.9426,359.9739
36.74,-20.5232,14.1581,-4.1474,0.1661,17.9476,359.9727
36.76,-20.5227,14.1582,-4.148,0.165,17.9484,359.9723
36.78,-20.522,14.1581,-4.1482,0.1653,17.9486,359.9734
36.8,-20.5223,14.158,-4.148,0.1665,17.9525,359.9752
36.82,-20.5225,14.1584,-4.1485,0.1649,17.9529,359.9731
36.84,-20.5232,14.158,-4.1491,0.1653,17.9514,359.974
36.86,-20.5234,14.1582,-4.1489,0.165,17.9515,359.9747
36.88,-20.5232,14.158,-4.1483,0.1663,17.9534,359.9746
36.9,-20.5234,14.1586,-4.1494,0.1632,17.9528,359.9728
36.92,-20.5223,14.1584,-4.1493,0.1643,17.954,359.9719
36.94,-20.5213,14.1587,-4.1486,0.1641,17.9559,359.9716
36.96,-20.5218,14.1583,-4.1484,0.1651,17.9556,359.9733
36.98,-20.5228,14.1582,-4.1497,0.1649,17.9537,359.9736
37,-20.5225,14.1584,-4.1495,0.1645,17.9548,359.9738
37.02,-20.5217,14.1585,-4.149,0.1644,17.9572,359.9727
37.04,-20.5214,14.1582,-4.1487,0.1658,17.959,359.9724
37.06,-20.5215,14.1583,-4.149,0.1658,17.9579,359.9717
37.08,-20.5222,14.1586,-4.1492,0.1633,17.9547,359.9712
37.1,-20.5224,14.1584,-4.149,0.164,17.9534,359.9727
37.12,-20.5224,14.1584,-4.149,0.1647,17.9541,359.9721
37.14,-20.5224,14.1584,-4.1492,0.1636,17.9547,359.9724
37.16,-20.5228,14.1584,-4.1495,0.1634,17.954,359.9721
37.18,-20.523,14.1583,-4.1494,0.1641,17.9547,359.9726
37.2,-20.5229,14.1583,-4.149,0.1645,17.9522,359.9735
37.22,-20.5228,14.1581,-4.149,0.1648,17.9513,359.9738
37.24,-20.5223,14.1581,-4.1489,0.1653,17.9543,359.974
37.26,-20.5227,14.1583,-4.1491,0.1647,17.9539,359.9732
37.28,-20.5231,14.1581,-4.1488,0.1655,17.9534,359.9739
37.3,-20.5234,14.1581,-4.1488,0.165,17.952,359.9741
37.32,-20.5236,14.1584,-4.1488,0.164,17.9518,359.9734
37.34,-20.5238,14.1582,-4.1489,0.1656,17.9484,359.9738
37.36,-20.5237,14.158,-4.1487,0.1667,17.9482,359.9746
37.38,-20.5232,14.1584,-4.1486,0.1649,17.9461,359.9728
37.4,-20.5228,14.1584,-4.1485,0.165,17.9486,359.9723
37.42,-20.5232,14.1584,-4.1487,0.1646,17.9479,359.9734
37.44,-20.5233,14.1584,-4.1486,0.1647,17.9474,359.9735
37.46,-20.5231,14.1584,-4.1484,0.1646,17.9482,359.9729
37.48,-20.523,14.1584,-4.1482,0.1645,17.9481,359.9733
37.5,-20.5234,14.158,-4.1481,0.1671,17.9448,359.9742
37.52,-20.5237,14.1581,-4.148,0.166,17.9424,359.9745
37.54,-20.5237,14.158,-4.1478,0.1666,17.9428,359.9738
37.56,-20.5239,14.158,-4.1477,0.1668,17.9421,359.9736
37.58,-20.5238,14.1579,-4.1475,0.1664,17.9412,359.9728
37.6,-20.5234,14.1577,-4.1473,0.1675,17.9408,359.9724
37.62,-20.5238,14.1578,-4.1478,0.1663,17.942,359.9734
37.64,-20.5248,14.1577,-4.1485,0.1665,17.9427,359.9744
37.66,-20.5254,14.1578,-4.1483,0.167,17.9426,359.9744
37.68,-20.5249,14.1574,-4.1473,0.1682,17.9408,359.9746
37.7,-20.5245,14.1574,-4.1476,0.1679,17.9393,359.9745
37.72,-20.5241,14.158,-4.1481,0.167,17.9395,359.9726
37.74,-20.5245,14.1579,-4.1481,0.1674,17.9405,359.972
37.76,-20.5248,14.1577,-4.1478,0.1675,17.9417,359.9731
37.78,-20.5238,14.1579,-4.1472,0.1684,17.9412,359.9714
37.8,-20.5237,14.1579,-4.1477,0.1669,17.939,359.9722
37.82,-20.524,14.1577,-4.1478,0.1681,17.9378,359.9714
37.84,-20.5249,14.1575,-4.1479,0.1684,17.9391,359.9729
37.86,-20.5247,14.1577,-4.1475,0.1672,17.9412,359.9737
37.88,-20.5237,14.1578,-4.1474,0.1669,17.942,359.9728
37.9,-20.5229,14.1578,-4.1475,0.1665,17.942,359.9725
37.92,-20.5233,14.1577,-4.1474,0.1673,17.9418,359.9736
37.94,-20.5235,14.1576,-4.1473,0.1682,17.9432,359.9742
37.96,-20.5233,14.158,-4.1474,0.1668,17.9434,359.9732
37.98,-20.5224,14.158,-4.1484,0.1651,17.9423,359.9739
38,-20.5227,14.1581,-4.1483,0.1643,17.9432,359.9739
38.02,-20.5233,14.1578,-4.1477,0.1661,17.9448,359.9758
38.04,-20.5236,14.1578,-4.1477,0.1671,17.9462,359.976
38.06,-20.5236,14.1582,-4.1484,0.1656,17.9445,359.9744
38.08,-20.5236,14.1582,-4.1491,0.1648,17.9439,359.9735
38.1,-20.5236,14.1581,-4.1484,0.1655,17.9536,359.9741
38.12,-20.523,14.1582,-4.1486,0.1651,17.9532,359.9744
38.14,-20.5212,14.1584,-4.149,0.1642,17.9544,359.9729
38.16,-20.5206,14.1578,-4.1489,0.1649,17.9561,359.9747
38.18,-20.5205,14.1581,-4.1489,0.1649,17.9601,359.9754
38.2,-20.5207,14.1583,-4.1496,0.1643,17.9642,359.9743
38.22,-20.5208,14.1585,-4.1499,0.1638,17.9622,359.9725
38.24,-20.5203,14.1586,-4.1496,0.1638,17.9604,359.9716
38.26,-20.5198,14.1587,-4.1492,0.1635,17.9603,359.9716
38.28,-20.5203,14.1585,-4.1494,0.1638,17.9595,359.9716
38.3,-20.5216,14.1589,-4.1498,0.1611,17.9572,359.9707
38.32,-20.5219,14.1587,-4.1499,0.1619,17.9562,359.9722
38.34,-20.5216,14.1587,-4.1498,0.1624,17.9575,359.971
38.36,-20.5217,14.1585,-4.1498,0.1629,17.957,359.9714
38.38,-20.5218,14.1584,-4.1497,0.1636,17.9563,359.972
38.4,-20.5218,14.1586,-4.1494,0.1628,17.9544,359.9719
38.42,-20.5218,14.1585,-4.1493,0.1632,17.9531,359.9724
38.44,-20.5217,14.1583,-4.1493,0.1635,17.9525,359.974
38.46,-20.5218,14.1584,-4.1494,0.1636,17.9514,359.9735
38.48,-20.5221,14.1583,-4.149,0.1646,17.9534,359.9734
38.5,-20.5224,14.1583,-4.149,0.1645,17.952,359.9735
38.52,-20.523,14.1584,-4.1494,0.1641,17.9471,359.9737
38.54,-20.5228,14.1586,-4.1491,0.1641,17.9479,359.9726
38.56,-20.5229,14.1586,-4.1489,0.1643,17.9482,359.9721
38.58,-20.5234,14.1579,-4.1484,0.1672,17.946,359.9742
38.6,-20.5231,14.1582,-4.148,0.1664,17.9451,359.975
38.62,-20.5234,14.1584,-4.1482,0.1652,17.9431,359.9742
38.64,-20.5234,14.1583,-4.1482,0.1655,17.9421,359.9737
38.66,-20.5236,14.1583,-4.1481,0.1653,17.9415,359.9731
38.68,-20.5246,14.1578,-4.1479,0.1667,17.9341,359.9775
38.7,-20.5242,14.1581,-4.1474,0.1666,17.9349,359.9729
38.72,-20.5243,14.1583,-4.1475,0.1641,17.9344,359.9714
38.74,-20.5251,14.158,-4.1476,0.1654,17.9317,359.9733
38.76,-20.5259,14.1579,-4.1473,0.1662,17.9305,359.9741
38.78,-20.5263,14.1577,-4.147,0.1668,17.9295,359.9745
38.8,-20.5259,14.1581,-4.1472,0.1664,17.9287,359.9726
38.82,-20.5262,14.1579,-4.1472,0.1668,17.9282,359.9727
38.84,-20.5271,14.1579,-4.1472,0.1668,17.9277,359.973
38.86,-20.5275,14.1578,-4.1472,0.1668,17.9281,359.9733
38.88,-20.5273,14.1577,-4.1469,0.1669,17.9277,359.9735
38.9,-20.5271,14.1579,-4.1469,0.167,17.9276,359.9719
38.92,-20.527,14.158,-4.1469,0.1662,17.928,359.9722
38.94,-20.527,14.158,-4.1467,0.1665,17.9289,359.9718
38.96,-20.5275,14.1577,-4.1467,0.1676,17.928,359.9729
38.98,-20.5272,14.1581,-4.1468,0.1663,17.9284,359.9722
39,-20.5268,14.158,-4.1468,0.1663,17.9284,359.9723
39.02,-20.5269,14.1577,-4.1466,0.168,17.9285,359.9737
39.04,-20.5271,14.1578,-4.1466,0.1673,17.9284,359.9737
39.06,-20.5273,14.1579,-4.1469,0.1661,17.9264,359.9732
39.08,-20.5262,14.158,-4.1467,0.1669,17.9293,359.9735
39.1,-20.5261,14.1579,-4.1467,0.1665,17.9298,359.9735
39.12,-20.5259,14.1582,-4.1467,0.1657,17.9331,359.9725
39.14,-20.5259,14.1581,-4.1469,0.1665,17.9335,359.9733
39.16,-20.5262,14.158,-4.1471,0.1659,17.9321,359.9739
39.18,-20.5252,14.1582,-4.1471,0.1651,17.9342,359.9736
39.2,-20.5254,14.1579,-4.1473,0.1663,17.9333,359.9743
39.22,-20.5254,14.158,-4.1473,0.1662,17.9351,359.9739
39.24,-20.526,14.1583,-4.1477,0.1647,17.9345,359.9734
39.26,-20.5268,14.1585,-4.1479,0.1638,17.9331,359.9734
39.28,-20.5267,14.1579,-4.1475,0.1666,17.9356,359.9754
39.3,-20.5269,14.158,-4.148,0.1656,17.9382,359.9753
39.32,-20.5265,14.1582,-4.1483,0.1652,17.9406,359.974
39.34,-20.526,14.1583,-4.1484,0.1646,17.9411,359.9736
39.36,-20.5257,14.1579,-4.148,0.1664,17.9409,359.9753
39.38,-20.5251,14.1582,-4.1481,0.1659,17.9433,359.9734
39.4,-20.5253,14.1583,-4.1485,0.1646,17.9433,359.9729
39.42,-20.5257,14.1585,-4.1488,0.1638,17.9435,359.9727
39.44,-20.5257,14.1581,-4.1484,0.1657,17.9453,359.9741
39.46,-20.5256,14.1585,-4.1486,0.1636,17.9455,359.9731
39.48,-20.5251,14.1584,-4.1486,0.1644,17.9458,359.9726
39.5,-20.525,14.1583,-4.1485,0.1644,17.9458,359.9727
39.52,-20.525,14.1582,-4.1484,0.1652,17.9457,359.9725
39.54,-20.5254,14.1583,-4.1485,0.1643,17.9443,359.9727
39.56,-20.5255,14.1583,-4.1484,0.1646,17.9428,359.9726
39.58,-20.5255,14.1584,-4.1484,0.164,17.9437,359.9715
39.6,-20.5254,14.1585,-4.1485,0.1645,17.9444,359.9705
39.62,-20.5254,14.1582,-4.1483,0.1654,17.9427,359.972
39.64,-20.5253,14.1583,-4.1482,0.1645,17.9418,359.973
39.66,-20.5252,14.1581,-4.1482,0.1654,17.942,359.9734
39.68,-20.5252,14.1581,-4.1483,0.1659,17.9427,359.9739
39.7,-20.5258,14.1584,-4.1484,0.1644,17.9412,359.9728
39.72,-20.5257,14.158,-4.1481,0.1665,17.9422,359.9733
39.74,-20.5255,14.1581,-4.1481,0.1659,17.9411,359.9731
39.76,-20.5257,14.1578,-4.1482,0.1671,17.9368,359.9764
39.78,-20.5253,14.158,-4.1481,0.1656,17.9374,359.9743
39.8,-20.5254,14.1579,-4.1478,0.1654,17.9361,359.9749
39.82,-20.5254,14.1581,-4.1478,0.165,17.9362,359.9747
39.84,-20.5256,14.1581,-4.1478,0.1651,17.9357,359.9746
39.86,-20.5256,14.1581,-4.1477,0.1655,17.9355,359.974
39.88,-20.5258,14.1579,-4.1474,0.167,17.9333,359.9738
39.9,-20.5256,14.158,-4.1471,0.1665,17.9334,359.9736
39.92,-20.5258,14.158,-4.1472,0.1668,17.9324,359.9722
39.94,-20.5263,14.1581,-4.1473,0.1662,17.9292,359.972
39.96,-20.5264,14.1579,-4.147,0.1675,17.9289,359.9729
39.98,-20.5262,14.1579,-4.1467,0.1669,17.9296,359.9728
40,-20.526,14.158,-4.147,0.1662,17.9294,359.9713
40.02,-20.5258,14.1581,-4.147,0.1661,17.9309,359.9712
40.04,-20.5261,14.1582,-4.1471,0.1657,17.9308,359.9715
40.06,-20.526,14.1581,-4.1471,0.1667,17.931,359.9717
40.08,-20.5261,14.158,-4.147,0.1666,17.9314,359.9726
40.1,-20.5265,14.1581,-4.1472,0.1656,17.9287,359.9718
40.12,-20.5263,14.158,-4.1469,0.1668,17.9305,359.9715
40.14,-20.5266,14.1579,-4.1471,0.167,17.9281,359.9721
40.16,-20.5267,14.1579,-4.1472,0.1661,17.9281,359.9715
40.18,-20.5271,14.1581,-4.1471,0.1662,17.9274,359.971
40.2,-20.5272,14.1579,-4.147,0.1671,17.927,359.9719
40.22,-20.527,14.1578,-4.1469,0.1672,17.927,359.9718
40.24,-20.5263,14.1581,-4.1471,0.1664,17.9282,359.9711
40.26,-20.526,14.1582,-4.1473,0.1659,17.929,359.9708
40.28,-20.5259,14.1582,-4.1471,0.1659,17.9313,359.9717
40.3,-20.5256,14.1581,-4.1469,0.1668,17.9328,359.9718
40.32,-20.5257,14.158,-4.147,0.1672,17.9309,359.9724
40.34,-20.5252,14.1581,-4.147,0.1667,17.9318,359.9719
40.36,-20.5249,14.1581,-4.147,0.1658,17.9323,359.9716
40.38,-20.525,14.1578,-4.147,0.1678,17.9314,359.9729
40.4,-20.5243,14.1581,-4.1468,0.1663,17.9338,359.9736
40.42,-20.5242,14.1581,-4.1468,0.1662,17.935,359.9737
40.44,-20.5243,14.1582,-4.1471,0.1657,17.9352,359.973
40.46,-20.5244,14.1583,-4.1473,0.165,17.9361,359.972
40.48,-20.5244,14.1582,-4.1474,0.1656,17.9385,359.9725
40.5,-20.5248,14.1581,-4.1476,0.1655,17.9388,359.9727
40.52,-20.5247,14.158,-4.1476,0.1663,17.9411,359.9741
40.54,-20.5243,14.1583,-4.1478,0.1652,17.9429,359.9727
40.56,-20.5243,14.1585,-4.1481,0.1643,17.9427,359.9721
40.58,-20.5241,14.1584,-4.1482,0.1649,17.9423,359.9726
40.6,-20.5238,14.1585,-4.1481,0.1645,17.9447,359.9716
40.62,-20.5242,14.1585,-4.1484,0.1642,17.9436,359.9714
40.64,-20.524,14.1583,-4.1484,0.1652,17.9454,359.9724
40.66,-20.524,14.1582,-4.1485,0.1651,17.9458,359.973
40.68,-20.5239,14.1583,-4.1485,0.1648,17.9456,359.9726
40.7,-20.5238,14.1584,-4.1486,0.1642,17.9442,359.9719
40.72,-20.5235,14.1583,-4.1483,0.1656,17.9447,359.9714
40.74,-20.5232,14.1582,-4.1479,0.1662,17.9451,359.9713
40.76,-20.5236,14.1582,-4.148,0.1662,17.9443,359.9716
40.78,-20.524,14.1585,-4.1485,0.1644,17.9427,359.9708
40.8,-20.5235,14.1584,-4.1482,0.1649,17.9451,359.9713
40.82,-20.5236,14.1583,-4.1481,0.1649,17.9432,359.9713
40.84,-20.5234,14.1584,-4.148,0.1649,17.9429,359.9709
40.86,-20.5234,14.1583,-4.148,0.1649,17.9425,359.9715
40.88,-20.5235,14.1581,-4.148,0.1661,17.9421,359.9723
40.9,-20.5242,14.1582,-4.1484,0.1646,17.9419,359.973
40.92,-20.5248,14.1586,-4.1486,0.164,17.9407,359.972
40.94,-20.525,14.1582,-4.1482,0.1651,17.94,359.973
40.96,-20.5247,14.1581,-4.1478,0.1657,17.9403,359.9737
40.98,-20.5246,14.1584,-4.1479,0.1648,17.9382,359.9723
41,-20.5244,14.1582,-4.1477,0.1654,17.9377,359.9734
41.02,-20.5246,14.1581,-4.1475,0.1653,17.9373,359.9738
41.04,-20.5247,14.1583,-4.1473,0.1651,17.9386,359.9731
41.06,-20.5249,14.1582,-4.1474,0.1655,17.9383,359.9735
41.08,-20.525,14.1581,-4.1475,0.1661,17.9375,359.9736
41.1,-20.5255,14.1581,-4.1474,0.1654,17.935,359.9741
41.12,-20.5256,14.1581,-4.1471,0.1659,17.9344,359.9738
41.14,-20.5257,14.1582,-4.1473,0.1654,17.9327,359.9727
41.16,-20.5257,14.158,-4.1472,0.1664,17.9322,359.9733
41.18,-20.5263,14.1579,-4.147,0.1671,17.9293,359.9732
41.2,-20.5262,14.1574,-4.1464,0.1692,17.93,359.9733
41.22,-20.5262,14.1582,-4.1466,0.1665,17.9291,359.9724
41.24,-20.5261,14.1579,-4.1468,0.1666,17.9287,359.9727
41.26,-20.5259,14.158,-4.1468,0.1663,17.9292,359.9727
41.28,-20.5258,14.1578,-4.1466,0.1669,17.9296,359.9737
41.3,-20.5259,14.1577,-4.1461,0.1678,17.9307,359.9731
41.32,-20.5255,14.1576,-4.1461,0.1691,17.9333,359.972
41.34,-20.5255,14.1577,-4.1463,0.1681,17.9315,359.9708
41.36,-20.5255,14.1579,-4.1465,0.1669,17.9312,359.9716
41.38,-20.5258,14.1579,-4.1464,0.1674,17.9312,359.9715
41.4,-20.5262,14.1577,-4.1463,0.1671,17.9306,359.9722
41.42,-20.5256,14.1579,-4.1464,0.1674,17.9342,359.971
41.44,-20.5255,14.1581,-4.1468,0.1665,17.9343,359.9708
41.46,-20.5258,14.1579,-4.147,0.1669,17.9336,359.9721
41.48,-20.5264,14.1577,-4.147,0.1675,17.9326,359.9731
41.5,-20.5261,14.1578,-4.1466,0.1677,17.9328,359.9723
41.52,-20.5253,14.158,-4.1467,0.167,17.9329,359.9718
41.54,-20.5251,14.1575,-4.1468,0.1677,17.9336,359.9725
41.56,-20.5254,14.1573,-4.1468,0.1688,17.9339,359.9737
41.58,-20.5257,14.1575,-4.1467,0.1683,17.9317,359.9745
41.6,-20.5252,14.1577,-4.1465,0.1682,17.9333,359.974
41.62,-20.5251,14.1579,-4.1463,0.1671,17.9329,359.9735
41.64,-20.5251,14.1576,-4.1461,0.1683,17.9321,359.9742
41.66,-20.525,14.1576,-4.1461,0.1682,17.9337,359.9741
41.68,-20.5239,14.1584,-4.1464,0.1659,17.9383,359.9716
41.7,-20.5237,14.1579,-4.147,0.1672,17.9359,359.9733
41.72,-20.524,14.1579,-4.1468,0.1673,17.9376,359.9736
41.74,-20.5244,14.158,-4.1468,0.1668,17.9409,359.9738
41.76,-20.5251,14.1579,-4.1473,0.1659,17.9416,359.9753
41.78,-20.5249,14.1581,-4.1478,0.1649,17.9414,359.9737
41.8,-20.5241,14.1582,-4.1475,0.1656,17.9423,359.9724
41.82,-20.5243,14.1582,-4.1474,0.1662,17.9429,359.9729
41.84,-20.5246,14.1581,-4.1478,0.1655,17.9437,359.9742
41.86,-20.5244,14.1587,-4.1485,0.1639,17.9447,359.9718
41.88,-20.5235,14.1581,-4.1478,0.166,17.9458,359.9725
41.9,-20.5232,14.158,-4.1475,0.166,17.9477,359.9737
41.92,-20.5233,14.1583,-4.1478,0.1656,17.9496,359.9729
41.94,-20.5237,14.1583,-4.1484,0.1651,17.9488,359.9724
41.96,-20.5236,14.1582,-4.1486,0.1653,17.9486,359.9725
41.98,-20.5229,14.1582,-4.1479,0.1655,17.95,359.9724
42,-20.5231,14.1582,-4.1481,0.165,17.9488,359.9727
42.02,-20.5233,14.1582,-4.1484,0.1649,17.9486,359.9722
42.04,-20.5235,14.1582,-4.1483,0.1649,17.9479,359.9719
42.06,-20.5234,14.1586,-4.1481,0.1644,17.9486,359.9703
42.08,-20.5239,14.1583,-4.1482,0.1638,17.9472,359.9717
42.1,-20.5244,14.1581,-4.1485,0.1643,17.9451,359.9725
42.12,-20.5244,14.1585,-4.1486,0.1631,17.9452,359.9718
42.14,-20.5244,14.1582,-4.1484,0.1641,17.9438,359.973
42.16,-20.5241,14.1583,-4.1483,0.1639,17.9447,359.9724
42.18,-20.5239,14.1585,-4.1483,0.1634,17.9457,359.9719
42.2,-20.5241,14.1586,-4.1483,0.1632,17.9449,359.9721
42.22,-20.5242,14.1583,-4.1482,0.1638,17.9439,359.9732
42.24,-20.5242,14.1581,-4.148,0.1648,17.9437,359.9741
42.26,-20.5241,14.1582,-4.148,0.1656,17.9442,359.9733
42.28,-20.5246,14.1584,-4.1481,0.1641,17.9416,359.973
42.3,-20.5248,14.1582,-4.1476,0.1657,17.9422,359.9739
42.32,-20.5248,14.1581,-4.1477,0.1657,17.9396,359.9745
42.34,-20.5247,14.1582,-4.1476,0.1652,17.939,359.9731
42.36,-20.5246,14.1582,-4.1475,0.1652,17.9397,359.9728
42.38,-20.525,14.1582,-4.1474,0.1655,17.9386,359.9736
42.4,-20.525,14.1582,-4.1472,0.1654,17.9373,359.9728
42.42,-20.5243,14.1581,-4.147,0.1663,17.9369,359.9723
42.44,-20.5243,14.158,-4.147,0.1665,17.9339,359.9723
42.46,-20.5244,14.158,-4.147,0.1669,17.9325,359.9722
42.48,-20.5251,14.1579,-4.1467,0.1685,17.9335,359.972
42.5,-20.5249,14.1579,-4.1467,0.1681,17.9343,359.9722
42.52,-20.5247,14.1577,-4.1465,0.1689,17.9341,359.9723
42.54,-20.5246,14.1578,-4.1464,0.1679,17.9336,359.9725
42.56,-20.5243,14.1578,-4.1461,0.168,17.934,359.9716
42.58,-20.5251,14.1575,-4.1464,0.1675,17.9342,359.9733
42.6,-20.5258,14.1572,-4.147,0.1683,17.9308,359.9745
42.62,-20.5255,14.1575,-4.1466,0.1678,17.9326,359.9745
42.64,-20.5251,14.1577,-4.1463,0.1677,17.9342,359.9729
42.66,-20.5252,14.1575,-4.1463,0.169,17.9329,359.9719
42.68,-20.5251,14.1577,-4.1465,0.1682,17.9355,359.9721
42.7,-20.5253,14.158,-4.1471,0.1665,17.9379,359.9723
42.72,-20.5256,14.1579,-4.1469,0.1678,17.9363,359.9731
42.74,-20.5256,14.1577,-4.1465,0.1679,17.936,359.9734
42.76,-20.5252,14.1579,-4.1464,0.1676,17.9361,359.9719
42.78,-20.525,14.1579,-4.1467,0.1667,17.9375,359.9719
42.8,-20.5255,14.158,-4.1473,0.1661,17.9378,359.972
42.82,-20.5252,14.1579,-4.1468,0.1668,17.9391,359.9726
42.84,-20.5242,14.1576,-4.1463,0.1681,17.9392,359.973
42.86,-20.5239,14.1575,-4.1466,0.1682,17.9387,359.9735
42.88,-20.5235,14.1583,-4.147,0.1659,17.9392,359.9713
42.9,-20.5244,14.1577,-4.1466,0.1675,17.9386,359.9732
42.92,-20.5243,14.1578,-4.1465,0.1671,17.9394,359.9729
42.94,-20.524,14.1578,-4.1467,0.1672,17.9391,359.973
42.96,-20.5235,14.1582,-4.1471,0.1659,17.9405,359.9722
42.98,-20.5234,14.1583,-4.1474,0.1646,17.942,359.9709
43,-20.5237,14.1583,-4.1472,0.1642,17.9443,359.9721
43.02,-20.5235,14.1583,-4.1473,0.1645,17.9457,359.9708
43.04,-20.5236,14.1583,-4.148,0.1649,17.9433,359.9716
43.06,-20.5234,14.1581,-4.1477,0.1658,17.9444,359.9727
43.08,-20.5236,14.1585,-4.1478,0.1641,17.9447,359.9717
43.1,-20.5237,14.1583,-4.1478,0.1644,17.9462,359.9723
43.12,-20.5236,14.1584,-4.1481,0.1632,17.9458,359.9715
43.14,-20.523,14.1586,-4.1481,0.1634,17.9466,359.9706
43.16,-20.5231,14.1586,-4.148,0.1636,17.9467,359.9704
43.18,-20.5235,14.1582,-4.1478,0.1654,17.9447,359.9713
43.2,-20.5231,14.1578,-4.1477,0.1671,17.9474,359.974
43.22,-20.523,14.158,-4.1482,0.1662,17.948,359.9729
43.24,-20.5228,14.1581,-4.1484,0.1651,17.9464,359.9729
43.26,-20.5226,14.1584,-4.148,0.1646,17.9471,359.9715
43.28,-20.5227,14.1582,-4.1476,0.1659,17.948,359.9722
43.3,-20.5232,14.1581,-4.1484,0.1656,17.9461,359.9728
43.32,-20.5232,14.1582,-4.1483,0.1657,17.9461,359.9724
43.34,-20.5231,14.1583,-4.1479,0.1656,17.9478,359.9721
43.36,-20.5229,14.158,-4.1477,0.1675,17.95,359.9717
43.38,-20.5228,14.1583,-4.1482,0.1659,17.9501,359.9699
43.4,-20.5235,14.1584,-4.1483,0.1652,17.9465,359.9711
43.42,-20.5236,14.1584,-4.148,0.1653,17.946,359.971
43.44,-20.5236,14.1585,-4.1478,0.1644,17.9462,359.9714
43.46,-20.5237,14.1585,-4.1481,0.1638,17.9449,359.9716
43.48,-20.5236,14.1584,-4.1482,0.1646,17.9448,359.9723
43.5,-20.5238,14.1582,-4.1479,0.1649,17.9442,359.9736
43.52,-20.5238,14.158,-4.1478,0.1657,17.9462,359.9733
43.54,-20.5239,14.1579,-4.1478,0.1674,17.9461,359.9734
43.56,-20.5242,14.158,-4.148,0.1667,17.9444,359.9732
43.58,-20.5244,14.158,-4.1477,0.1669,17.9431,359.9734
43.6,-20.5252,14.1579,-4.1474,0.1658,17.9371,359.9738
43.62,-20.5252,14.1578,-4.1474,0.1671,17.9377,359.9759
43.64,-20.5254,14.1575,-4.1475,0.1679,17.9365,359.9767
43.66,-20.5251,14.158,-4.1473,0.167,17.9375,359.9741
43.68,-20.5251,14.1581,-4.1473,0.166,17.9372,359.9718
43.7,-20.5252,14.158,-4.1473,0.1659,17.9357,359.9727
43.72,-20.5252,14.1579,-4.1472,0.1662,17.9341,359.973
43.74,-20.5253,14.1577,-4.147,0.1679,17.9332,359.9756
43.76,-20.5253,14.1578,-4.1469,0.1673,17.9332,359.9745
43.78,-20.5255,14.158,-4.1469,0.1654,17.9327,359.9728
43.8,-20.5261,14.1578,-4.1469,0.1665,17.9293,359.9731
43.82,-20.5258,14.1574,-4.1465,0.169,17.9298,359.9738
43.84,-20.5256,14.1578,-4.1463,0.1672,17.9305,359.9724
43.86,-20.5254,14.1577,-4.1461,0.1681,17.9314,359.9723
43.88,-20.5257,14.1576,-4.1462,0.1676,17.9319,359.9734
43.9,-20.5259,14.1574,-4.1466,0.1688,17.9322,359.9743
43.92,-20.5251,14.1575,-4.1463,0.1696,17.9336,359.9728
43.94,-20.5249,14.1579,-4.1462,0.1682,17.9336,359.9713
43.96,-20.5253,14.1576,-4.1462,0.1681,17.9324,359.9723
43.98,-20.5257,14.1579,-4.1467,0.168,17.9337,359.9724
44,-20.5256,14.1579,-4.1467,0.1676,17.933,359.9726
44.02,-20.5254,14.1578,-4.1466,0.1677,17.9322,359.973
44.04,-20.5252,14.1577,-4.1464,0.1681,17.9321,359.9726
44.06,-20.5252,14.1579,-4.1465,0.1666,17.9336,359.9728
44.08,-20.5253,14.1578,-4.1466,0.1672,17.9336,359.9735
44.1,-20.525,14.1576,-4.1463,0.1678,17.9346,359.9736
44.12,-20.5249,14.1578,-4.1465,0.167,17.9351,359.973
44.14,-20.5247,14.1579,-4.1466,0.1665,17.9367,359.9732
44.16,-20.5246,14.1578,-4.1467,0.168,17.9377,359.9741
44.18,-20.5244,14.1576,-4.1466,0.1685,17.9391,359.9745
44.2,-20.5241,14.1581,-4.1467,0.1658,17.9386,359.972
44.22,-20.5238,14.1582,-4.1469,0.1656,17.9401,359.9718
44.24,-20.5239,14.1582,-4.1471,0.1653,17.9405,359.9726
44.26,-20.524,14.158,-4.1471,0.1664,17.942,359.9737
44.28,-20.5244,14.1579,-4.1471,0.1671,17.942,359.9734
44.3,-20.5247,14.1582,-4.1478,0.1655,17.9415,359.9721
44.32,-20.5243,14.1583,-4.1478,0.1647,17.9431,359.9708
44.34,-20.5242,14.1583,-4.1479,0.1661,17.9436,359.9724
44.36,-20.524,14.1583,-4.1478,0.1657,17.9452,359.973
44.38,-20.5233,14.1584,-4.1483,0.164,17.9461,359.973
44.4,-20.5228,14.1582,-4.1482,0.1647,17.947,359.9731
44.42,-20.5223,14.1581,-4.1479,0.1658,17.9483,359.9727
44.44,-20.5222,14.1583,-4.1478,0.1654,17.9497,359.9719
44.46,-20.5227,14.1582,-4.1481,0.1656,17.9487,359.9729
44.48,-20.5228,14.1584,-4.1484,0.1651,17.9474,359.9714
44.5,-20.5228,14.1583,-4.1482,0.165,17.9474,359.9711
44.52,-20.5231,14.1582,-4.1481,0.1655,17.9471,359.971
44.54,-20.524,14.1583,-4.1483,0.1652,17.9465,359.9719
44.56,-20.5241,14.1582,-4.1485,0.1642,17.9464,359.9727
44.58,-20.524,14.1581,-4.1486,0.1645,17.9464,359.9729
44.6,-20.5235,14.1583,-4.1485,0.1654,17.9473,359.972
44.62,-20.5235,14.1584,-4.1485,0.1638,17.9464,359.9716
44.64,-20.5236,14.1585,-4.1484,0.1639,17.9452,359.9714
44.66,-20.5237,14.1583,-4.1484,0.1647,17.9447,359.9726
44.68,-20.5231,14.1585,-4.1481,0.1648,17.9465,359.971
44.7,-20.5236,14.1582,-4.1482,0.1653,17.9449,359.9729
44.72,-20.5238,14.1582,-4.1482,0.165,17.9449,359.973
44.74,-20.5245,14.1578,-4.1483,0.1657,17.9438,359.9741
44.76,-20.5249,14.1579,-4.1481,0.1657,17.9424,359.9742
44.78,-20.5245,14.1579,-4.1479,0.1667,17.9434,359.974
44.8,-20.5248,14.1579,-4.1477,0.1662,17.9411,359.9738
44.82,-20.5249,14.158,-4.1477,0.1653,17.9407,359.9738
44.84,-20.525,14.1579,-4.1476,0.1668,17.94,359.9746
44.86,-20.5249,14.1581,-4.1475,0.1665,17.9414,359.9735
44.88,-20.5252,14.158,-4.1476,0.1662,17.9394,359.974
44.9,-20.5248,14.1581,-4.1474,0.1661,17.939,359.9725
44.92,-20.5246,14.1579,-4.1471,0.1673,17.9383,359.9737
44.94,-20.5248,14.1577,-4.147,0.1682,17.9369,359.9745
44.96,-20.5252,14.1582,-4.1471,0.1651,17.9348,359.9736
44.98,-20.5252,14.1579,-4.1467,0.1671,17.9337,359.9726
45,-20.5251,14.1578,-4.1464,0.1676,17.9325,359.9722
45.02,-20.5254,14.1579,-4.1464,0.1664,17.9315,359.9722
45.04,-20.5254,14.1579,-4.1464,0.1669,17.9324,359.9725
45.06,-20.5253,14.158,-4.1465,0.1664,17.9332,359.9719
45.08,-20.5254,14.1578,-4.1463,0.1679,17.9323,359.9726
45.1,-20.5253,14.1575,-4.1462,0.1686,17.9337,359.9729
45.12,-20.5257,14.1576,-4.1465,0.1681,17.9315,359.9734
45.14,-20.5254,14.1577,-4.1467,0.1677,17.9326,359.973
45.16,-20.5247,14.1578,-4.1463,0.1684,17.9342,359.9725
45.18,-20.5248,14.1579,-4.1463,0.1677,17.9333,359.9709
45.2,-20.5256,14.1579,-4.1466,0.1671,17.9324,359.9725
45.22,-20.5258,14.158,-4.1467,0.1671,17.9323,359.973
45.24,-20.526,14.1579,-4.1466,0.1671,17.9317,359.9732
45.26,-20.5259,14.1577,-4.1464,0.1678,17.9317,359.9738
45.28,-20.5253,14.1577,-4.1463,0.1676,17.9342,359.973
45.3,-20.5253,14.1579,-4.1465,0.1665,17.9342,359.973
45.32,-20.5253,14.1576,-4.1464,0.1679,17.9345,359.9744
45.34,-20.5248,14.1579,-4.1462,0.1672,17.9359,359.9732
45.36,-20.5247,14.1578,-4.1462,0.1672,17.9364,359.9736
45.38,-20.5245,14.158,-4.1466,0.1664,17.9372,359.9739
45.4,-20.5246,14.1579,-4.1468,0.1661,17.9377,359.9744
45.42,-20.5247,14.1578,-4.1469,0.1658,17.939,359.9746
45.44,-20.5252,14.158,-4.1472,0.1651,17.94,359.9742
45.46,-20.5252,14.1577,-4.1473,0.1668,17.9432,359.9753
45.48,-20.5247,14.158,-4.1476,0.1664,17.9457,359.9731
45.5,-20.5241,14.1581,-4.1478,0.1662,17.9475,359.9709
45.52,-20.524,14.158,-4.1479,0.1658,17.9481,359.9723
45.54,-20.5237,14.1581,-4.1478,0.1655,17.95,359.9738
45.56,-20.5232,14.1579,-4.1476,0.1657,17.9504,359.9737
45.58,-20.5228,14.1582,-4.148,0.1656,17.9502,359.9728
45.6,-20.5227,14.158,-4.1479,0.1661,17.952,359.9734
45.62,-20.5232,14.158,-4.148,0.1659,17.9527,359.9731
45.64,-20.5233,14.1581,-4.148,0.1655,17.9524,359.9725
45.66,-20.5233,14.158,-4.148,0.1665,17.9507,359.9721
45.68,-20.5231,14.1579,-4.1479,0.1668,17.9499,359.9733
45.7,-20.5233,14.1581,-4.1481,0.165,17.9507,359.9724
45.72,-20.5235,14.1584,-4.1484,0.164,17.9512,359.9709
45.74,-20.5236,14.1581,-4.1484,0.1651,17.9511,359.9723
45.76,-20.5233,14.1583,-4.1485,0.1639,17.951,359.9714
45.78,-20.5228,14.158,-4.1484,0.165,17.9517,359.972
45.8,-20.5225,14.1581,-4.1482,0.1653,17.953,359.9712
45.82,-20.5229,14.1582,-4.1483,0.1647,17.9508,359.9719
45.84,-20.5229,14.158,-4.1481,0.1655,17.95,359.9726
45.86,-20.5229,14.158,-4.148,0.166,17.9491,359.9728
45.88,-20.5231,14.1579,-4.148,0.1666,17.9497,359.9731
45.9,-20.5233,14.1581,-4.1481,0.1653,17.9488,359.9728
45.92,-20.5233,14.1581,-4.1481,0.1655,17.9492,359.9727
45.94,-20.5232,14.158,-4.1479,0.1662,17.9503,359.9736
45.96,-20.5236,14.1579,-4.1481,0.1662,17.9497,359.9742
45.98,-20.5246,14.158,-4.1485,0.1656,17.948,359.9739
46,-20.5239,14.1577,-4.1474,0.1678,17.9499,359.9732
46.02,-20.5239,14.1578,-4.1475,0.1664,17.9475,359.9738
46.04,-20.5238,14.1579,-4.1476,0.1665,17.9449,359.9739
46.06,-20.5238,14.158,-4.1477,0.1665,17.9453,359.9735
46.08,-20.5241,14.1578,-4.1475,0.1673,17.9462,359.9742
46.1,-20.5243,14.1581,-4.1475,0.1662,17.9472,359.9727
46.12,-20.5242,14.1581,-4.1475,0.1655,17.9475,359.9727
46.14,-20.524,14.1579,-4.1474,0.1658,17.9464,359.9739
46.16,-20.5242,14.1577,-4.1473,0.1665,17.9429,359.9757
46.18,-20.5243,14.1578,-4.1471,0.1664,17.9426,359.9737
46.2,-20.5255,14.1578,-4.1473,0.1664,17.9398,359.9738
46.22,-20.5255,14.1575,-4.1471,0.1679,17.9395,359.9738
46.24,-20.5255,14.1577,-4.147,0.1678,17.9386,359.9733
46.26,-20.5254,14.1577,-4.1469,0.1679,17.9381,359.9728
46.28,-20.5252,14.1575,-4.1467,0.1691,17.9385,359.9737
46.3,-20.5244,14.1578,-4.1469,0.167,17.9395,359.9727
46.32,-20.5242,14.158,-4.1468,0.1664,17.9402,359.9721
46.34,-20.5242,14.1577,-4.1465,0.168,17.9424,359.9722
46.36,-20.5248,14.1576,-4.1467,0.1683,17.9401,359.9729
46.38,-20.5248,14.1579,-4.1469,0.1672,17.9393,359.9716
46.4,-20.5246,14.1577,-4.1468,0.1677,17.9392,359.9716
46.42,-20.5248,14.1578,-4.1468,0.1673,17.9378,359.9711
46.44,-20.5249,14.1579,-4.1468,0.1672,17.9384,359.9707
46.46,-20.5255,14.1574,-4.147,0.1682,17.9379,359.9726
46.48,-20.5255,14.1577,-4.1472,0.1672,17.9375,359.9725
46.5,-20.5254,14.1578,-4.1469,0.1669,17.9379,359.9729
46.52,-20.5255,14.1579,-4.1469,0.1662,17.9376,359.9731
46.54,-20.5252,14.1578,-4.1469,0.1675,17.9381,359.9721
46.56,-20.5242,14.1577,-4.1465,0.1683,17.9397,359.9719
46.58,-20.5238,14.1578,-4.1465,0.1681,17.9413,359.9715
46.6,-20.5239,14.1578,-4.1469,0.1666,17.9418,359.9735
46.62,-20.5242,14.158,-4.147,0.1666,17.9403,359.9727
46.64,-20.5241,14.1578,-4.1467,0.1681,17.9412,359.9734
46.66,-20.5241,14.1579,-4.1465,0.1672,17.9405,359.9737
46.68,-20.5239,14.1581,-4.1471,0.1667,17.9431,359.9738
46.7,-20.523,14.1584,-4.1472,0.166,17.9492,359.9736
46.72,-20.5232,14.1582,-4.1472,0.1664,17.9476,359.9743
46.74,-20.5235,14.158,-4.1472,0.1667,17.9483,359.9747
46.76,-20.5236,14.158,-4.1473,0.1661,17.9489,359.9745
46.78,-20.5234,14.1581,-4.1474,0.1658,17.9504,359.9744
46.8,-20.5233,14.1578,-4.1476,0.1669,17.9508,359.975
46.82,-20.5232,14.1581,-4.1478,0.1654,17.9506,359.9728
46.84,-20.5239,14.1582,-4.1482,0.1654,17.9488,359.9733
46.86,-20.5236,14.1584,-4.148,0.1653,17.9525,359.9725
46.88,-20.5241,14.158,-4.1487,0.1661,17.9533,359.9739
46.9,-20.5242,14.1582,-4.149,0.1643,17.9517,359.9736
46.92,-20.5235,14.158,-4.1486,0.1654,17.9532,359.9733
46.94,-20.5231,14.1584,-4.1484,0.1648,17.9546,359.9731
46.96,-20.5231,14.1582,-4.1486,0.1652,17.9552,359.9731
46.98,-20.5229,14.158,-4.1485,0.1654,17.9547,359.9731
47,-20.5229,14.1581,-4.1483,0.1655,17.9544,359.9729
47.02,-20.5231,14.1583,-4.1483,0.1654,17.9529,359.9723
47.04,-20.5233,14.1583,-4.1484,0.165,17.9517,359.972
47.06,-20.5233,14.1583,-4.1485,0.1649,17.9517,359.9713
47.08,-20.5233,14.158,-4.1483,0.1658,17.9516,359.973
47.1,-20.5234,14.1582,-4.1482,0.1648,17.9515,359.9737
47.12,-20.5236,14.1581,-4.1484,0.1647,17.9501,359.9742
47.14,-20.5236,14.1581,-4.1485,0.1644,17.9495,359.9738
47.16,-20.5232,14.1583,-4.1484,0.1643,17.9514,359.9735
47.18,-20.5232,14.1582,-4.1482,0.1651,17.9503,359.9735
47.2,-20.5233,14.1582,-4.1481,0.1657,17.9503,359.9734
47.22,-20.5235,14.1584,-4.1482,0.1646,17.9503,359.9725
47.24,-20.5244,14.1578,-4.1484,0.166,17.9467,359.9744
47.26,-20.5246,14.1578,-4.1482,0.1658,17.9462,359.9759
47.28,-20.5243,14.1578,-4.1478,0.1663,17.9467,359.9753
47.3,-20.5241,14.158,-4.1477,0.1658,17.9437,359.9737
47.32,-20.5239,14.158,-4.1477,0.1662,17.9433,359.9733
47.34,-20.5236,14.1579,-4.1473,0.167,17.9436,359.9731
47.36,-20.5236,14.1581,-4.1473,0.1655,17.9438,359.9738
47.38,-20.5237,14.158,-4.1471,0.1659,17.9441,359.974
47.4,-20.5241,14.1579,-4.1471,0.1667,17.9427,359.9742
47.42,-20.5241,14.1578,-4.147,0.1663,17.9418,359.9737
47.44,-20.524,14.158,-4.1468,0.1672,17.9402,359.9719
47.46,-20.5242,14.1578,-4.1466,0.1671,17.9382,359.9725
47.48,-20.5248,14.1576,-4.1467,0.1663,17.9356,359.9746
47.5,-20.5252,14.1579,-4.1469,0.1671,17.9367,359.9727
47.52,-20.5252,14.1579,-4.1466,0.1674,17.9376,359.9727
47.54,-20.5255,14.1578,-4.1465,0.1677,17.9369,359.9728
47.56,-20.5254,14.1577,-4.1464,0.1675,17.9368,359.9727
47.58,-20.5248,14.1578,-4.1469,0.1675,17.9368,359.9724
47.6,-20.5252,14.158,-4.1471,0.1664,17.9356,359.9731
47.62,-20.5252,14.1579,-4.1468,0.1671,17.9374,359.9727
47.64,-20.5256,14.1576,-4.1467,0.1677,17.9371,359.9736
47.66,-20.5254,14.1576,-4.1466,0.1676,17.9377,359.9726
47.68,-20.5251,14.1578,-4.1468,0.1667,17.9371,359.9729
47.7,-20.5249,14.1577,-4.1466,0.1677,17.9388,359.9736
47.72,-20.5253,14.1578,-4.1468,0.1666,17.9379,359.9727
47.74,-20.5253,14.1576,-4.1468,0.1667,17.9387,359.973
47.76,-20.5253,14.1576,-4.1468,0.1678,17.9383,359.9735
47.78,-20.5253,14.1577,-4.1469,0.1671,17.9381,359.9733
47.8,-20.5257,14.1575,-4.1469,0.1675,17.937,359.9746
47.82,-20.5256,14.158,-4.147,0.1659,17.9367,359.9728
47.84,-20.5255,14.1578,-4.1469,0.1665,17.9363,359.9736
47.86,-20.5252,14.1578,-4.1467,0.1675,17.9377,359.9737
47.88,-20.5252,14.1578,-4.1466,0.1667,17.9368,359.9739
47.9,-20.5249,14.158,-4.1467,0.1662,17.939,359.9728
47.92,-20.5245,14.1581,-4.1471,0.1655,17.9398,359.9735
47.94,-20.5244,14.1583,-4.1476,0.1652,17.9394,359.974
47.96,-20.5244,14.1582,-4.1473,0.1652,17.9405,359.9732
47.98,-20.5249,14.158,-4.147,0.166,17.9428,359.974
48,-20.525,14.1579,-4.1475,0.1665,17.9429,359.9738
48.02,-20.5249,14.1582,-4.1479,0.166,17.9421,359.973
48.04,-20.5247,14.1581,-4.1477,0.1653,17.9427,359.9733
48.06,-20.5249,14.1582,-4.1475,0.1651,17.9429,359.9728
48.08,-20.5251,14.1585,-4.1479,0.1633,17.9426,359.9729
48.1,-20.5248,14.1582,-4.1484,0.1639,17.9456,359.9731
48.12,-20.5245,14.1582,-4.1482,0.164,17.9474,359.9729
48.14,-20.524,14.1583,-4.148,0.1649,17.9493,359.972
48.16,-20.5242,14.1584,-4.1482,0.1647,17.947,359.9717
48.18,-20.5245,14.1582,-4.1483,0.1653,17.945,359.9725
48.2,-20.5246,14.1581,-4.1482,0.1656,17.9451,359.9721
48.22,-20.5245,14.1582,-4.148,0.1661,17.9461,359.9707
48.24,-20.5246,14.1582,-4.148,0.1661,17.9461,359.9702
48.26,-20.5248,14.1582,-4.1481,0.1653,17.9456,359.9708
48.28,-20.525,14.1582,-4.1481,0.1652,17.9453,359.9713
48.3,-20.5252,14.158,-4.148,0.1657,17.944,359.9716
48.32,-20.5253,14.1582,-4.1482,0.1644,17.9424,359.9711
48.34,-20.5252,14.1581,-4.1483,0.1652,17.9428,359.972
48.36,-20.5251,14.1582,-4.1481,0.1652,17.944,359.9714
48.38,-20.5253,14.1582,-4.148,0.1641,17.9439,359.9715
48.4,-20.5253,14.1581,-4.148,0.1656,17.9452,359.9724
48.42,-20.5252,14.1583,-4.1483,0.1643,17.9456,359.9717
48.44,-20.5248,14.1583,-4.1482,0.1638,17.9472,359.9717
48.46,-20.5252,14.1578,-4.1479,0.166,17.9456,359.9743
48.48,-20.5252,14.158,-4.1476,0.1665,17.9466,359.973
48.5,-20.5265,14.1578,-4.1481,0.1666,17.9423,359.9738
48.52,-20.5266,14.158,-4.1481,0.1656,17.9409,359.974
48.54,-20.5262,14.158,-4.1479,0.1649,17.9411,359.9733
48.56,-20.5255,14.1583,-4.1478,0.1651,17.9415,359.9717
48.58,-20.5253,14.158,-4.1477,0.1665,17.9413,359.9725
48.6,-20.5255,14.158,-4.1476,0.1664,17.9427,359.9723
48.62,-20.5258,14.158,-4.1476,0.1658,17.9417,359.9731
48.64,-20.5257,14.1581,-4.1475,0.1657,17.9415,359.9724
48.66,-20.5257,14.1578,-4.1473,0.166,17.9394,359.9734
48.68,-20.5255,14.1579,-4.1469,0.1664,17.9371,359.9723
48.7,-20.5255,14.1577,-4.1465,0.168,17.9355,359.9716
48.72,-20.5258,14.1578,-4.1467,0.1671,17.9335,359.9718
48.74,-20.5258,14.1578,-4.1467,0.1671,17.9325,359.9718
48.76,-20.526,14.1576,-4.1464,0.1688,17.932,359.9726
48.78,-20.5267,14.1575,-4.1463,0.1689,17.9308,359.9719
48.8,-20.5263,14.1576,-4.1466,0.1681,17.9304,359.9722
48.82,-20.5254,14.1583,-4.1469,0.1661,17.9317,359.9703
48.84,-20.5256,14.1577,-4.1468,0.1672,17.931,359.9702
48.86,-20.5255,14.1579,-4.1465,0.1674,17.933,359.9702
48.88,-20.5267,14.1578,-4.1471,0.1668,17.932,359.9709
48.9,-20.5262,14.1579,-4.147,0.1671,17.9329,359.9703
48.92,-20.5259,14.158,-4.1467,0.1671,17.9332,359.9697
48.94,-20.5262,14.1578,-4.1466,0.1667,17.9317,359.9706
48.96,-20.5262,14.1578,-4.1466,0.1667,17.9323,359.9713
48.98,-20.5269,14.1578,-4.1469,0.1662,17.9316,359.9719
49,-20.5267,14.1574,-4.1466,0.1675,17.9324,359.9735
49.02,-20.5265,14.1576,-4.1465,0.1678,17.9319,359.9723
49.04,-20.5262,14.1577,-4.1465,0.1675,17.9329,359.9715
49.06,-20.526,14.1578,-4.1466,0.1671,17.9341,359.9716
49.08,-20.5264,14.1579,-4.1464,0.1671,17.9323,359.9727
49.1,-20.5261,14.1581,-4.1463,0.1667,17.9338,359.9717
49.12,-20.5257,14.1586,-4.1467,0.1648,17.9342,359.9714
49.14,-20.5254,14.1583,-4.1472,0.1649,17.9345,359.9724
49.16,-20.5255,14.1582,-4.1474,0.1646,17.9337,359.9723
49.18,-20.5253,14.1581,-4.147,0.1654,17.9364,359.9732
49.2,-20.5254,14.1581,-4.1471,0.1656,17.9403,359.9749
49.22,-20.5251,14.1581,-4.1476,0.165,17.9399,359.9733
49.24,-20.5251,14.1582,-4.1478,0.1645,17.9385,359.9721
49.26,-20.5251,14.1584,-4.1476,0.1635,17.9405,359.972
49.28,-20.5254,14.1584,-4.1476,0.1637,17.9409,359.9721
49.3,-20.526,14.1583,-4.1483,0.1641,17.9411,359.9727
49.32,-20.526,14.1582,-4.1483,0.1644,17.943,359.9724
49.34,-20.5256,14.1582,-4.148,0.1656,17.9455,359.9722
49.36,-20.5252,14.158,-4.148,0.1661,17.9459,359.9734
49.38,-20.5252,14.1582,-4.1484,0.1647,17.9443,359.973
49.4,-20.5243,14.1584,-4.1485,0.1642,17.9457,359.9714
49.42,-20.5247,14.1583,-4.1484,0.1642,17.9446,359.972
49.44,-20.5247,14.1585,-4.1483,0.1636,17.9448,359.9714
49.46,-20.5248,14.1584,-4.1483,0.1643,17.9444,359.9716
49.48,-20.5256,14.1581,-4.1485,0.1645,17.9427,359.9726
49.5,-20.5254,14.1583,-4.1484,0.1644,17.9436,359.972
49.52,-20.5252,14.1582,-4.1481,0.1647,17.9443,359.971
49.54,-20.5255,14.1578,-4.1481,0.1664,17.9431,359.9731
49.56,-20.5256,14.1579,-4.1482,0.1656,17.9426,359.9736
49.58,-20.5256,14.1581,-4.1482,0.1648,17.9433,359.9729
49.6,-20.5255,14.1578,-4.1481,0.1658,17.9434,359.974
49.62,-20.525,14.1581,-4.148,0.1655,17.9449,359.9736
49.64,-20.5249,14.1581,-4.148,0.1661,17.9456,359.9728
49.66,-20.5252,14.1585,-4.1485,0.164,17.9451,359.9703
49.68,-20.5256,14.1584,-4.1486,0.1635,17.9447,359.9731
49.7,-20.5253,14.1579,-4.1479,0.1664,17.9439,359.9746
49.72,-20.5251,14.1579,-4.1477,0.1663,17.9434,359.9738
49.74,-20.5255,14.1583,-4.1481,0.1639,17.941,359.9726
49.76,-20.5257,14.1583,-4.1481,0.1641,17.942,359.9724
49.78,-20.5265,14.1579,-4.148,0.1653,17.9399,359.9749
49.8,-20.526,14.1581,-4.1476,0.1653,17.9409,359.9734
49.82,-20.5261,14.1581,-4.1477,0.1647,17.9383,359.9735
49.84,-20.5255,14.158,-4.1475,0.1657,17.9384,359.973
49.86,-20.5252,14.1579,-4.147,0.1665,17.938,359.9726
49.88,-20.5255,14.158,-4.1467,0.1661,17.9369,359.9729
49.9,-20.5257,14.1577,-4.1467,0.1678,17.9341,359.9748
49.92,-20.5257,14.1579,-4.1468,0.1665,17.9329,359.9733
49.94,-20.526,14.1577,-4.1466,0.1684,17.9283,359.974
49.96,-20.5264,14.1573,-4.146,0.1702,17.9281,359.9736
49.98,-20.5264,14.1575,-4.1461,0.1686,17.9292,359.9723
50,-20.5265,14.1579,-4.1465,0.1674,17.9273,359.972
50.02,-20.5266,14.1577,-4.1463,0.1676,17.9265,359.9725
50.04,-20.5267,14.1575,-4.1461,0.1673,17.9272,359.9732
50.06,-20.5266,14.1576,-4.1461,0.1676,17.9281,359.9728
50.08,-20.5265,14.1579,-4.1468,0.1669,17.9307,359.972
50.1,-20.5265,14.1579,-4.1468,0.1673,17.9304,359.9718
50.12,-20.5266,14.1577,-4.1466,0.1675,17.9308,359.9723
50.14,-20.5265,14.1576,-4.1465,0.1678,17.9315,359.9724
50.16,-20.5265,14.1577,-4.1467,0.1673,17.9318,359.9722
50.18,-20.5266,14.1578,-4.1468,0.1677,17.9315,359.9728
50.2,-20.5269,14.1576,-4.1466,0.1676,17.9299,359.9738
50.22,-20.5262,14.1576,-4.1462,0.1682,17.9319,359.9725
50.24,-20.526,14.1577,-4.1464,0.1673,17.932,359.9725
50.26,-20.5259,14.1578,-4.1466,0.1671,17.9312,359.9734
50.28,-20.5258,14.1578,-4.1466,0.1676,17.9319,359.9733
50.3,-20.5259,14.1577,-4.1463,0.1674,17.9329,359.9744
50.32,-20.5256,14.1579,-4.1464,0.1665,17.9329,359.9732
50.34,-20.5248,14.1582,-4.1467,0.1656,17.933,359.9729
50.36,-20.5244,14.1583,-4.1467,0.1654,17.9343,359.973
50.38,-20.5255,14.1582,-4.1474,0.1645,17.9361,359.9745
50.4,-20.5259,14.1581,-4.1475,0.164,17.9372,359.9749
50.42,-20.5253,14.1582,-4.1471,0.1643,17.9424,359.9744
50.44,-20.5249,14.158,-4.1472,0.1658,17.9447,359.9744
50.46,-20.5246,14.158,-4.1477,0.166,17.9479,359.9743
50.48,-20.525,14.158,-4.1482,0.1645,17.9471,359.9758
50.5,-20.5252,14.158,-4.1483,0.1648,17.9513,359.9769
50.52,-20.5247,14.1581,-4.1483,0.1651,17.9534,359.9746
50.54,-20.5244,14.158,-4.1488,0.1648,17.9529,359.9745
50.56,-20.524,14.1582,-4.1488,0.1647,17.9528,359.9735
50.58,-20.5242,14.1581,-4.1483,0.1655,17.9483,359.9721
50.6,-20.5243,14.1582,-4.1481,0.1652,17.9478,359.9715
50.62,-20.5246,14.1582,-4.1483,0.1641,17.9464,359.972
50.64,-20.5252,14.1581,-4.1487,0.1643,17.9456,359.972
50.66,-20.5256,14.1578,-4.1487,0.1648,17.9457,359.9729
50.68,-20.5255,14.158,-4.1486,0.1648,17.946,359.9728
50.7,-20.5251,14.1582,-4.1486,0.1638,17.9468,359.9722
50.72,-20.525,14.1582,-4.1488,0.164,17.946,359.972
50.74,-20.5249,14.1581,-4.1485,0.1651,17.9462,359.973
50.76,-20.5248,14.1582,-4.1483,0.1647,17.9462,359.9715
50.78,-20.5249,14.1583,-4.1483,0.164,17.9443,359.9718
50.8,-20.5246,14.1584,-4.1484,0.1627,17.944,359.9721
50.82,-20.5246,14.1583,-4.1484,0.1634,17.9437,359.973
50.84,-20.5245,14.1581,-4.1482,0.1648,17.9445,359.9733
50.86,-20.5245,14.1582,-4.1482,0.1642,17.9456,359.9738
50.88,-20.5246,14.158,-4.1482,0.1651,17.9449,359.9746
50.9,-20.5253,14.158,-4.1482,0.1655,17.9437,359.9751
50.92,-20.5256,14.1581,-4.148,0.1653,17.9438,359.9753
50.94,-20.5252,14.1581,-4.1477,0.1657,17.9451,359.9738
50.96,-20.5251,14.1579,-4.1477,0.166,17.9428,359.9746
50.98,-20.5251,14.158,-4.1478,0.1655,17.9385,359.9746
51,-20.5253,14.1579,-4.1476,0.1658,17.9362,359.9756
51.02,-20.5257,14.1578,-4.1473,0.167,17.9371,359.9753
51.04,-20.5259,14.158,-4.1472,0.166,17.9364,359.974
51.06,-20.526,14.1581,-4.1472,0.1654,17.9345,359.9741
51.08,-20.5261,14.1579,-4.1468,0.1663,17.9306,359.9749
51.1,-20.5265,14.1577,-4.1466,0.1674,17.9291,359.9762
51.12,-20.5264,14.1576,-4.1461,0.1678,17.928,359.9741
51.14,-20.5264,14.1578,-4.1461,0.1669,17.926,359.973
51.16,-20.5266,14.1578,-4.1462,0.1671,17.9248,359.9735
51.18,-20.5266,14.1578,-4.1462,0.1669,17.9254,359.9726
51.2,-20.5265,14.1577,-4.1461,0.1674,17.9274,359.9726
51.22,-20.5264,14.1578,-4.1463,0.1665,17.9264,359.9722
51.24,-20.5255,14.1582,-4.1464,0.1657,17.9292,359.9706
51.26,-20.5258,14.1582,-4.1467,0.1657,17.9301,359.9706
51.28,-20.5265,14.1575,-4.1467,0.1678,17.9312,359.9731
51.3,-20.5266,14.1578,-4.147,0.167,17.9309,359.9718
51.32,-20.5262,14.1577,-4.1471,0.1666,17.9322,359.9726
51.34,-20.5257,14.1576,-4.1469,0.1676,17.9333,359.9731
51.36,-20.526,14.1577,-4.1469,0.1673,17.9319,359.9728
51.38,-20.5269,14.1578,-4.1466,0.167,17.9309,359.9729
51.4,-20.5269,14.1577,-4.1468,0.1676,17.9302,359.9731
51.42,-20.5266,14.1576,-4.1468,0.1675,17.9306,359.974
51.44,-20.5256,14.1578,-4.1466,0.1668,17.932,359.9734
51.46,-20.525,14.158,-4.1464,0.1655,17.9352,359.9717
51.48,-20.5256,14.1578,-4.1467,0.1671,17.9335,359.9732
51.5,-20.5255,14.1578,-4.1468,0.1666,17.9344,359.9749
51.52,-20.5253,14.1578,-4.1467,0.1669,17.9343,359.975
51.54,-20.5245,14.1578,-4.1465,0.167,17.9352,359.9746
51.56,-20.5245,14.1582,-4.147,0.1653,17.9362,359.9732
51.58,-20.5251,14.1584,-4.1478,0.1646,17.9359,359.9732
51.6,-20.5257,14.158,-4.1474,0.1655,17.9382,359.9737
51.62,-20.5257,14.1581,-4.1472,0.165,17.9393,359.974
51.64,-20.5255,14.1581,-4.1473,0.1651,17.9401,359.9745
51.66,-20.5247,14.1585,-4.148,0.1634,17.9415,359.9731
51.68,-20.5237,14.1582,-4.1475,0.1646,17.9447,359.9737
51.7,-20.5232,14.1586,-4.1475,0.1633,17.9476,359.9727
51.72,-20.5233,14.1583,-4.1479,0.1642,17.9467,359.9742
51.74,-20.5233,14.1582,-4.1482,0.1642,17.9469,359.974
51.76,-20.5231,14.1582,-4.1482,0.1645,17.9492,359.9739
51.78,-20.5233,14.1582,-4.1481,0.1657,17.9501,359.9724
51.8,-20.5234,14.1584,-4.1483,0.1647,17.9493,359.9727
51.82,-20.5231,14.1587,-4.1485,0.1641,17.9511,359.9715
51.84,-20.5233,14.1585,-4.1487,0.1637,17.9498,359.9716
51.86,-20.5231,14.1584,-4.1485,0.1643,17.9493,359.9711
51.88,-20.5232,14.1582,-4.1481,0.1654,17.9495,359.9716
51.9,-20.5235,14.1584,-4.1487,0.164,17.9495,359.971
51.92,-20.5238,14.158,-4.1489,0.1645,17.9482,359.9728
51.94,-20.5234,14.1584,-4.1487,0.1639,17.9494,359.9721
51.96,-20.5232,14.1583,-4.1482,0.165,17.9497,359.9715
51.98,-20.5233,14.1582,-4.1483,0.1654,17.9473,359.9709
52,-20.5234,14.1583,-4.1487,0.1642,17.9489,359.9712
52.02,-20.5235,14.1585,-4.1486,0.1632,17.9478,359.9711
52.04,-20.5235,14.1583,-4.1483,0.1638,17.9469,359.9716
52.06,-20.5236,14.1581,-4.1481,0.1642,17.9467,359.9725
52.08,-20.5236,14.1585,-4.1484,0.1635,17.9467,359.9716
52.1,-20.5236,14.1583,-4.1484,0.1647,17.9461,359.9721
52.12,-20.5236,14.1583,-4.1481,0.1646,17.9461,359.9722
52.14,-20.5238,14.1583,-4.1481,0.1645,17.9448,359.9725
52.16,-20.524,14.1583,-4.1482,0.164,17.9433,359.9725
52.18,-20.5246,14.1584,-4.1485,0.1639,17.9433,359.9723
52.2,-20.5246,14.1584,-4.1477,0.164,17.9434,359.9732
52.22,-20.5244,14.1582,-4.1474,0.165,17.9423,359.9734
52.24,-20.5245,14.1583,-4.1476,0.1639,17.9377,359.9725
52.26,-20.5245,14.1581,-4.1475,0.1662,17.9388,359.9727
52.28,-20.5252,14.158,-4.1475,0.166,17.9372,359.9741
52.3,-20.5256,14.1584,-4.1472,0.1642,17.9372,359.9729
52.32,-20.5255,14.1584,-4.1472,0.1645,17.9366,359.972
52.34,-20.5256,14.1581,-4.1472,0.1654,17.9346,359.9725
52.36,-20.5255,14.1582,-4.1472,0.1646,17.9335,359.9727
52.38,-20.5257,14.1581,-4.1471,0.1654,17.9315,359.9734
52.4,-20.5262,14.1582,-4.1471,0.1644,17.9326,359.9741
52.42,-20.526,14.158,-4.147,0.1649,17.9336,359.9738
52.44,-20.5262,14.1578,-4.147,0.1656,17.9314,359.9735
52.46,-20.5262,14.1579,-4.1469,0.1661,17.9304,359.9724
52.48,-20.5262,14.1583,-4.1469,0.1647,17.932,359.9706
52.5,-20.5261,14.1578,-4.1469,0.1668,17.932,359.9725
52.52,-20.5262,14.158,-4.1471,0.1662,17.931,359.9715
52.54,-20.5262,14.1579,-4.147,0.1666,17.9319,359.9724
52.56,-20.5266,14.158,-4.147,0.1659,17.9306,359.9727
52.58,-20.5264,14.1577,-4.1468,0.1671,17.932,359.9726
52.6,-20.5258,14.1576,-4.1468,0.1677,17.9325,359.9729
52.62,-20.5255,14.1577,-4.1468,0.1679,17.9323,359.9721
52.64,-20.5257,14.1577,-4.1467,0.1683,17.9333,359.973
52.66,-20.5263,14.1576,-4.1468,0.1681,17.9328,359.9741
52.68,-20.5265,14.158,-4.1471,0.1665,17.9333,359.9735
52.7,-20.5254,14.1581,-4.1466,0.1657,17.933,359.9714
52.72,-20.5252,14.1584,-4.1468,0.1644,17.9335,359.9708
52.74,-20.5254,14.1583,-4.147,0.1643,17.9344,359.9711
52.76,-20.5257,14.1579,-4.1471,0.1656,17.9334,359.9737
52.78,-20.5249,14.1581,-4.1468,0.1659,17.9372,359.972
52.8,-20.525,14.1581,-4.147,0.1646,17.9354,359.9722
52.82,-20.525,14.1583,-4.1471,0.1643,17.9358,359.9715
52.84,-20.5251,14.1581,-4.1471,0.1649,17.9372,359.9728
52.86,-20.5255,14.1579,-4.1471,0.1655,17.9359,359.9742
52.88,-20.5246,14.1579,-4.1469,0.1662,17.9396,359.9741
52.9,-20.5244,14.158,-4.1472,0.1654,17.9408,359.9746
52.92,-20.5241,14.1583,-4.1475,0.1644,17.9431,359.9725
52.94,-20.5245,14.158,-4.1475,0.1659,17.9419,359.9736
52.96,-20.5245,14.158,-4.1475,0.1661,17.9411,359.9733
52.98,-20.5239,14.1582,-4.1475,0.1654,17.9444,359.9723
53,-20.5242,14.1582,-4.1478,0.1643,17.9439,359.9731
53.02,-20.5245,14.1579,-4.1478,0.1654,17.944,359.9747
53.04,-20.5245,14.158,-4.1479,0.1649,17.9453,359.9745
53.06,-20.5245,14.1578,-4.1479,0.1661,17.9451,359.9753
53.08,-20.5241,14.1582,-4.1481,0.1644,17.9455,359.9732
53.1,-20.5237,14.1585,-4.1482,0.1636,17.9464,359.9721
53.12,-20.524,14.1584,-4.1482,0.1638,17.9462,359.9724
53.14,-20.5239,14.1583,-4.1481,0.164,17.9479,359.9727
53.16,-20.5241,14.1582,-4.1483,0.1642,17.9466,359.9734
53.18,-20.524,14.1581,-4.1483,0.164,17.9466,359.9728
53.2,-20.5239,14.1581,-4.1482,0.1642,17.9475,359.9737
53.22,-20.524,14.1582,-4.1483,0.1638,17.9473,359.973
53.24,-20.5244,14.1582,-4.1484,0.1646,17.9457,359.9733
53.26,-20.5244,14.1582,-4.1485,0.1643,17.9456,359.9732
53.28,-20.5247,14.1582,-4.1485,0.1644,17.9448,359.973
53.3,-20.525,14.1581,-4.1485,0.1645,17.9446,359.9728
53.32,-20.525,14.1583,-4.1485,0.1636,17.9454,359.9725
53.34,-20.525,14.1582,-4.1485,0.1647,17.9455,359.973
53.36,-20.5247,14.1582,-4.1484,0.1644,17.9469,359.9733
53.38,-20.5246,14.1581,-4.1485,0.1644,17.9444,359.9735
53.4,-20.5246,14.1581,-4.1483,0.1648,17.9439,359.9729
53.42,-20.525,14.158,-4.148,0.1651,17.9427,359.9731
53.44,-20.5253,14.1581,-4.1479,0.1649,17.9418,359.973
53.46,-20.5254,14.1579,-4.148,0.1654,17.941,359.9752
53.48,-20.5251,14.158,-4.1481,0.165,17.941,359.975
53.5,-20.525,14.1583,-4.1481,0.1634,17.9404,359.9746
53.52,-20.5255,14.1578,-4.1479,0.1659,17.9398,359.9753
53.54,-20.5259,14.158,-4.1478,0.1649,17.9395,359.9755
53.56,-20.526,14.158,-4.1478,0.1649,17.9376,359.9752
53.58,-20.5252,14.158,-4.1476,0.1652,17.9375,359.9735
53.6,-20.5241,14.1575,-4.1469,0.1678,17.937,359.973
53.62,-20.5246,14.1579,-4.1471,0.1659,17.9354,359.9734
53.64,-20.5249,14.158,-4.1471,0.1656,17.936,359.9734
53.66,-20.5253,14.158,-4.1472,0.1654,17.9357,359.9733
53.68,-20.5259,14.1582,-4.1473,0.1645,17.9336,359.9725
53.7,-20.5258,14.1581,-4.1472,0.1647,17.9336,359.9728
53.72,-20.5259,14.1579,-4.1471,0.1657,17.9329,359.9728
53.74,-20.526,14.1578,-4.1472,0.1661,17.9339,359.9733
53.76,-20.5262,14.1578,-4.1473,0.1666,17.9328,359.9722
53.78,-20.5262,14.1577,-4.1472,0.1669,17.9327,359.9725
53.8,-20.526,14.1578,-4.1468,0.1664,17.9331,359.9716
53.82,-20.5261,14.1578,-4.1469,0.1664,17.9335,359.9719
53.84,-20.5261,14.1577,-4.1472,0.1667,17.9343,359.9725
53.86,-20.5261,14.1583,-4.1476,0.1646,17.9335,359.971
53.88,-20.5263,14.1578,-4.1471,0.1663,17.9333,359.9723
53.9,-20.5263,14.1579,-4.1471,0.1656,17.9331,359.9726
53.92,-20.5261,14.1581,-4.1473,0.1647,17.9322,359.9716
53.94,-20.5257,14.1582,-4.1474,0.164,17.9327,359.9717
53.96,-20.5257,14.1583,-4.1474,0.1641,17.9342,359.9704
53.98,-20.5258,14.1581,-4.1472,0.1642,17.9349,359.9718
54,-20.5255,14.1581,-4.1473,0.1646,17.9344,359.9725
54.02,-20.5248,14.158,-4.1471,0.1654,17.9354,359.9727
54.04,-20.5249,14.1579,-4.1471,0.1652,17.9345,359.9736
54.06,-20.5248,14.158,-4.1472,0.1653,17.9363,359.9729
54.08,-20.5248,14.1581,-4.1476,0.165,17.9381,359.9732
54.1,-20.5238,14.1583,-4.1475,0.1643,17.9395,359.9731
54.12,-20.5237,14.1584,-4.1473,0.164,17.9424,359.9726
54.14,-20.5241,14.1583,-4.1476,0.1642,17.9427,359.9728
54.16,-20.5247,14.158,-4.1482,0.1648,17.9416,359.9735
54.18,-20.5244,14.1578,-4.1475,0.1653,17.9414,359.9749
54.2,-20.5244,14.1582,-4.1477,0.165,17.9415,359.9727
54.22,-20.5249,14.1584,-4.1486,0.1634,17.9399,359.9721
54.24,-20.5251,14.1584,-4.1491,0.163,17.9409,359.9721
54.26,-20.5253,14.1582,-4.1488,0.1639,17.9427,359.9729
54.28,-20.5252,14.1579,-4.1483,0.1651,17.9456,359.9749
54.3,-20.5243,14.1581,-4.1491,0.1642,17.9488,359.9727
54.32,-20.5237,14.1587,-4.1495,0.1629,17.9498,359.9706
54.34,-20.5235,14.1585,-4.1491,0.163,17.9493,359.9721
54.36,-20.5236,14.1582,-4.1488,0.1643,17.9473,359.9729
54.38,-20.5236,14.1583,-4.1487,0.1637,17.9472,359.9724
54.4,-20.5243,14.1579,-4.1489,0.1644,17.9456,359.9724
54.42,-20.5249,14.1579,-4.1488,0.1641,17.9452,359.9735
54.44,-20.525,14.158,-4.1487,0.1645,17.9447,359.9726
54.46,-20.5251,14.1578,-4.1485,0.1647,17.9441,359.9732
54.48,-20.5249,14.158,-4.1488,0.1643,17.944,359.9728
54.5,-20.5246,14.1585,-4.1489,0.1625,17.9459,359.9705
54.52,-20.5246,14.1583,-4.1487,0.1637,17.9458,359.9708
54.54,-20.5247,14.1584,-4.1488,0.1624,17.9441,359.9716
54.56,-20.5241,14.1582,-4.1486,0.164,17.945,359.9717
54.58,-20.5241,14.1582,-4.1486,0.1645,17.9448,359.9722
54.6,-20.5242,14.1581,-4.1487,0.1637,17.9444,359.9734
54.62,-20.5242,14.1582,-4.1487,0.1632,17.945,359.9729
54.64,-20.5245,14.158,-4.1485,0.164,17.9443,359.974
54.66,-20.5249,14.1578,-4.1484,0.1651,17.9433,359.9748
54.68,-20.5249,14.1579,-4.1481,0.1652,17.9431,359.9736
54.7,-20.5251,14.158,-4.1479,0.1652,17.9415,359.9738
54.72,-20.5254,14.1581,-4.1481,0.1638,17.9403,359.9741
54.74,-20.5253,14.158,-4.1481,0.164,17.9413,359.9742
54.76,-20.5252,14.1579,-4.148,0.1649,17.9414,359.9746
54.78,-20.5245,14.1581,-4.1479,0.164,17.9405,359.9741
54.8,-20.5242,14.1579,-4.1477,0.1648,17.9403,359.9745
54.82,-20.5245,14.158,-4.1477,0.1651,17.9377,359.9737
54.84,-20.5248,14.158,-4.1475,0.1646,17.9365,359.9738
54.86,-20.525,14.1577,-4.1469,0.166,17.9363,359.9741
54.88,-20.5254,14.1579,-4.1471,0.1655,17.9346,359.9732
54.9,-20.5257,14.1578,-4.1473,0.1659,17.9331,359.9739
54.92,-20.526,14.1574,-4.1471,0.1674,17.9306,359.9744
54.94,-20.5253,14.1576,-4.1466,0.1679,17.9341,359.9725
54.96,-20.5254,14.1577,-4.1466,0.1667,17.9334,359.9727
54.98,-20.5256,14.1581,-4.1475,0.1646,17.9324,359.9718
55,-20.526,14.1581,-4.1476,0.1642,17.9324,359.9719
55.02,-20.5261,14.1574,-4.1469,0.1669,17.9323,359.9734
55.04,-20.5258,14.1575,-4.1465,0.1677,17.9342,359.9724
55.06,-20.5263,14.1573,-4.1471,0.1674,17.9314,359.9742
55.08,-20.5258,14.1575,-4.1474,0.1672,17.9327,359.9733
55.1,-20.5258,14.1573,-4.147,0.1684,17.9331,359.9747
55.12,-20.5258,14.1575,-4.1469,0.1679,17.9334,359.9731
55.14,-20.5258,14.1576,-4.147,0.1672,17.9338,359.973
55.16,-20.5257,14.1577,-4.1472,0.1671,17.9339,359.9731
55.18,-20.5257,14.1579,-4.147,0.1658,17.9343,359.9722
55.2,-20.5253,14.1577,-4.1468,0.1672,17.9347,359.9722
55.22,-20.5248,14.1575,-4.1469,0.1673,17.936,359.9735
55.24,-20.5247,14.158,-4.1473,0.166,17.9359,359.9732
55.26,-20.5246,14.1581,-4.1473,0.1646,17.9359,359.9726
55.28,-20.5244,14.158,-4.1468,0.1659,17.9372,359.9725
55.3,-20.5249,14.1582,-4.1473,0.165,17.9354,359.9735
55.32,-20.5249,14.158,-4.1475,0.1648,17.9362,359.9747
55.34,-20.5247,14.158,-4.1475,0.1652,17.9388,359.9745
55.36,-20.525,14.158,-4.1477,0.165,17.9384,359.9739
55.38,-20.5246,14.158,-4.1477,0.1651,17.9422,359.9734
55.4,-20.5244,14.1584,-4.1481,0.1631,17.9415,359.9726
55.42,-20.5238,14.1583,-4.1485,0.1632,17.9428,359.9731
55.44,-20.5234,14.158,-4.1483,0.1649,17.9447,359.9736
55.46,-20.5235,14.158,-4.148,0.1656,17.9464,359.9742
55.48,-20.5236,14.1582,-4.1479,0.165,17.9472,359.9735
55.5,-20.5236,14.1584,-4.1488,0.1633,17.9481,359.9731
55.52,-20.5232,14.1585,-4.1489,0.1626,17.9486,359.9731
55.54,-20.5228,14.1584,-4.1487,0.1632,17.9501,359.9724
55.56,-20.5228,14.1584,-4.1487,0.1642,17.95,359.9721
55.58,-20.5233,14.1587,-4.1489,0.1622,17.949,359.9713
55.6,-20.5238,14.1581,-4.1486,0.1642,17.9484,359.9731
55.62,-20.5243,14.1579,-4.1484,0.1653,17.947,359.9736
55.64,-20.5242,14.158,-4.1485,0.1653,17.9475,359.9731
55.66,-20.5245,14.1583,-4.1491,0.1636,17.9467,359.9734
55.68,-20.5241,14.1583,-4.149,0.1634,17.9474,359.9724
55.7,-20.5241,14.1583,-4.149,0.1634,17.9469,359.9724
55.72,-20.5236,14.1585,-4.1488,0.1628,17.9481,359.9713
55.74,-20.5236,14.1583,-4.1488,0.1634,17.9476,359.972
55.76,-20.5236,14.1581,-4.1488,0.1645,17.9474,359.9734
55.78,-20.5241,14.1584,-4.1487,0.1626,17.9435,359.9725
55.8,-20.5242,14.158,-4.1485,0.1652,17.9434,359.9741
55.82,-20.5242,14.158,-4.1485,0.1643,17.9447,359.9735
55.84,-20.5242,14.1582,-4.1486,0.1634,17.946,359.9724
55.86,-20.5245,14.158,-4.1487,0.1642,17.9447,359.9738
55.88,-20.5248,14.158,-4.1485,0.1647,17.9432,359.9744
55.9,-20.5246,14.1582,-4.1484,0.1643,17.9426,359.9726
55.92,-20.5245,14.1584,-4.1484,0.1637,17.942,359.9718
55.94,-20.5247,14.1582,-4.1484,0.1639,17.9409,359.9732
55.96,-20.5246,14.1582,-4.1483,0.1644,17.9414,359.9731
55.98,-20.5251,14.1581,-4.1482,0.1649,17.9398,359.9738
56,-20.5248,14.158,-4.148,0.1651,17.94,359.9744
56.02,-20.5241,14.1581,-4.1477,0.1649,17.9404,359.9737
56.04,-20.524,14.1581,-4.1476,0.1642,17.9398,359.9735
56.06,-20.524,14.1578,-4.1471,0.1659,17.9395,359.9742
56.08,-20.5245,14.1577,-4.147,0.167,17.9377,359.9747
56.1,-20.5252,14.1583,-4.1473,0.1639,17.9341,359.9717
56.12,-20.5248,14.1582,-4.1469,0.1653,17.9368,359.9713
56.14,-20.5255,14.1576,-4.1469,0.1668,17.9319,359.9737
56.16,-20.5255,14.1577,-4.1468,0.1657,17.9314,359.9731
56.18,-20.526,14.1576,-4.1468,0.166,17.9301,359.9738
56.2,-20.5264,14.1582,-4.1471,0.1648,17.9301,359.9719
56.22,-20.5265,14.158,-4.147,0.1658,17.9303,359.9714
56.24,-20.5264,14.158,-4.1468,0.1657,17.9315,359.9711
56.26,-20.5264,14.1577,-4.1469,0.1662,17.9323,359.9721
56.28,-20.5264,14.1576,-4.1473,0.1674,17.9321,359.973
56.3,-20.5265,14.1578,-4.1474,0.1667,17.9325,359.9731
56.32,-20.5266,14.158,-4.1473,0.1654,17.9321,359.9727
56.34,-20.5267,14.1579,-4.1472,0.1655,17.9324,359.9725
56.36,-20.5267,14.1578,-4.1472,0.1653,17.932,359.9735
56.38,-20.5264,14.1577,-4.1472,0.1671,17.9323,359.9727
56.4,-20.5263,14.1579,-4.1469,0.1663,17.933,359.9717
56.42,-20.5265,14.1577,-4.1469,0.1666,17.9328,359.9736
56.44,-20.5264,14.1576,-4.1471,0.1663,17.9324,359.974
56.46,-20.5259,14.1579,-4.1471,0.1663,17.9345,359.9732
56.48,-20.5258,14.1577,-4.147,0.1664,17.9371,359.9725
56.5,-20.5259,14.1575,-4.1469,0.167,17.938,359.9749
56.52,-20.5259,14.1579,-4.1473,0.1655,17.9376,359.9733
56.54,-20.5254,14.1579,-4.1474,0.165,17.9394,359.9736
56.56,-20.5247,14.1578,-4.1474,0.1659,17.9396,359.972
56.58,-20.5258,14.1578,-4.1477,0.1655,17.9362,359.9737
56.6,-20.526,14.1581,-4.1475,0.1655,17.9367,359.9729
56.62,-20.5263,14.1582,-4.1477,0.1642,17.937,359.9735
56.64,-20.5258,14.1584,-4.1479,0.164,17.939,359.9731
56.66,-20.5255,14.1583,-4.1482,0.164,17.9389,359.9727
56.68,-20.525,14.1584,-4.1479,0.1636,17.9395,359.9729
56.7,-20.5249,14.1584,-4.1476,0.1635,17.9396,359.9737
56.72,-20.5244,14.1583,-4.148,0.1637,17.9404,359.9741
56.74,-20.5235,14.1582,-4.1486,0.1631,17.9428,359.9745
56.76,-20.5233,14.1584,-4.1487,0.1629,17.9431,359.9725
56.78,-20.5235,14.1582,-4.1481,0.1645,17.9439,359.9734
56.8,-20.524,14.1582,-4.1478,0.1651,17.9447,359.9725
56.82,-20.5243,14.1582,-4.1488,0.1649,17.9443,359.9721
56.84,-20.5244,14.1585,-4.1491,0.1635,17.9442,359.9722
56.86,-20.5246,14.1583,-4.1486,0.1635,17.945,359.9722
56.88,-20.5251,14.1582,-4.1484,0.1634,17.9449,359.972
56.9,-20.5251,14.1582,-4.1488,0.1634,17.9435,359.9716
56.92,-20.5248,14.1581,-4.1491,0.164,17.9433,359.9727
56.94,-20.5246,14.1586,-4.149,0.1625,17.9437,359.9714
56.96,-20.5245,14.1586,-4.1486,0.1625,17.9443,359.9711
56.98,-20.5247,14.1584,-4.1489,0.1622,17.9433,359.9718
57,-20.5244,14.1584,-4.1489,0.1634,17.9443,359.9713
57.02,-20.5244,14.1584,-4.1488,0.1632,17.9431,359.9721
57.04,-20.5246,14.1582,-4.1485,0.1635,17.9424,359.9726
57.06,-20.5245,14.1579,-4.1482,0.1651,17.9445,359.9731
57.08,-20.5247,14.1582,-4.1487,0.1633,17.9448,359.9736
57.1,-20.5248,14.158,-4.1485,0.164,17.9434,359.9742
57.12,-20.5248,14.1578,-4.1481,0.1659,17.9417,359.9743
57.14,-20.5248,14.1578,-4.1479,0.1659,17.9424,359.9748
57.16,-20.5249,14.1579,-4.1481,0.1652,17.9426,359.9743
57.18,-20.5248,14.1585,-4.1482,0.1636,17.9408,359.9706
57.2,-20.5248,14.1582,-4.1477,0.1652,17.9398,359.9722
57.22,-20.525,14.1582,-4.1476,0.1645,17.9384,359.9722
57.24,-20.5248,14.1582,-4.1477,0.1653,17.9393,359.9723
57.26,-20.5254,14.1578,-4.1479,0.1662,17.937,359.974
57.28,-20.5255,14.158,-4.1478,0.1652,17.9367,359.9741
57.3,-20.5252,14.1578,-4.1469,0.1663,17.9335,359.9732
57.32,-20.5253,14.1576,-4.1468,0.1669,17.9326,359.9736
57.34,-20.5255,14.1577,-4.1471,0.1652,17.9317,359.9731
57.36,-20.5254,14.1579,-4.1472,0.165,17.9338,359.9717
57.38,-20.5254,14.1575,-4.1465,0.1668,17.9312,359.973
57.4,-20.5255,14.1578,-4.1467,0.1661,17.9308,359.9723
57.42,-20.5255,14.1581,-4.147,0.165,17.9322,359.9718
57.44,-20.5259,14.1583,-4.1473,0.1633,17.9317,359.9703
57.46,-20.5262,14.158,-4.1471,0.1652,17.9294,359.9715
57.48,-20.5259,14.1574,-4.1466,0.1675,17.9297,359.9722
57.5,-20.5256,14.1579,-4.1472,0.166,17.9313,359.9713
57.52,-20.5259,14.1579,-4.1475,0.1658,17.9312,359.9716
57.54,-20.5264,14.1581,-4.1476,0.1653,17.9305,359.9712
57.56,-20.5263,14.158,-4.1471,0.1653,17.9308,359.9715
57.58,-20.5261,14.1577,-4.1468,0.1661,17.9318,359.9723
57.6,-20.5259,14.1578,-4.1473,0.1656,17.9311,359.9723
57.62,-20.5259,14.1578,-4.1472,0.1657,17.9311,359.9727
57.64,-20.526,14.1579,-4.1471,0.1648,17.9318,359.9727
57.66,-20.5258,14.1577,-4.1469,0.1657,17.9329,359.9734
57.68,-20.5251,14.1581,-4.147,0.1651,17.9361,359.9704
57.7,-20.5247,14.1576,-4.147,0.1664,17.9362,359.9741
57.72,-20.5248,14.1578,-4.147,0.1655,17.9357,359.9739
57.74,-20.525,14.1579,-4.1471,0.1645,17.9345,359.9732
57.76,-20.525,14.1581,-4.1471,0.1647,17.9349,359.973
57.78,-20.5251,14.158,-4.1472,0.1649,17.935,359.9741
57.8,-20.5257,14.1582,-4.1479,0.1638,17.936,359.9741
57.82,-20.5258,14.1579,-4.1481,0.1639,17.9369,359.9745
57.84,-20.5254,14.1579,-4.1481,0.1646,17.9382,359.9751
57.86,-20.5248,14.1579,-4.148,0.1652,17.941,359.9745
57.88,-20.5246,14.1579,-4.1482,0.1654,17.9428,359.9737
57.9,-20.5249,14.1582,-4.1486,0.1629,17.9436,359.9736
57.92,-20.5248,14.1582,-4.1487,0.1632,17.9464,359.9733
57.94,-20.5246,14.1583,-4.1489,0.163,17.9478,359.9719
57.96,-20.5242,14.1586,-4.149,0.1613,17.9476,359.9715
57.98,-20.5237,14.1585,-4.1489,0.1625,17.9495,359.9712
58,-20.524,14.1585,-4.1489,0.1627,17.9487,359.9715
58.02,-20.5245,14.1584,-4.149,0.1626,17.9481,359.972
58.04,-20.5251,14.1583,-4.1494,0.1621,17.9471,359.972
58.06,-20.5247,14.1585,-4.1493,0.1615,17.9476,359.9719
58.08,-20.5244,14.1584,-4.1491,0.1626,17.9484,359.9709
58.1,-20.5248,14.1584,-4.1492,0.163,17.9495,359.9723
58.12,-20.5251,14.1584,-4.1494,0.1631,17.9477,359.9714
58.14,-20.525,14.1582,-4.1491,0.1639,17.9477,359.972
58.16,-20.5251,14.1582,-4.149,0.1639,17.947,359.9725
58.18,-20.5251,14.1582,-4.149,0.1628,17.9456,359.9728
58.2,-20.5251,14.1583,-4.1491,0.1624,17.9458,359.9718
58.22,-20.525,14.1584,-4.149,0.1627,17.9463,359.9716
58.24,-20.5251,14.1584,-4.149,0.1622,17.9467,359.972
58.26,-20.5249,14.1585,-4.1489,0.1621,17.9475,359.9714
58.28,-20.5247,14.1584,-4.1489,0.1627,17.9472,359.9732
58.3,-20.5245,14.1584,-4.1488,0.1626,17.9469,359.9734
58.32,-20.5246,14.1583,-4.1487,0.1631,17.9455,359.9734
58.34,-20.5255,14.1583,-4.1488,0.1624,17.9403,359.9743
58.36,-20.5256,14.158,-4.1484,0.1641,17.9413,359.9752
58.38,-20.5256,14.1578,-4.1483,0.1637,17.9379,359.9759
58.4,-20.5251,14.1581,-4.1481,0.1636,17.94,359.9744
58.42,-20.5247,14.1583,-4.1479,0.1639,17.9405,359.9727
58.44,-20.5249,14.1584,-4.1479,0.1631,17.9386,359.9724
58.46,-20.5252,14.1584,-4.1479,0.1629,17.9363,359.9719
58.48,-20.5256,14.1578,-4.1477,0.1644,17.9358,359.9742
58.5,-20.5259,14.1581,-4.1477,0.1642,17.935,359.9719
58.52,-20.5257,14.1581,-4.1475,0.1643,17.9361,359.9718
58.54,-20.5259,14.158,-4.1475,0.164,17.9345,359.9726
58.56,-20.5261,14.1578,-4.1475,0.1651,17.9325,359.9733
58.58,-20.526,14.1579,-4.1472,0.1651,17.9334,359.9721
58.6,-20.5264,14.1579,-4.1473,0.1651,17.933,359.9723
58.62,-20.5263,14.1579,-4.1475,0.1651,17.9329,359.9712
58.64,-20.526,14.1582,-4.1475,0.1635,17.9339,359.9704
58.66,-20.5259,14.1578,-4.1472,0.1655,17.9359,359.9718
58.68,-20.5266,14.1577,-4.1476,0.1653,17.9345,359.9725
58.7,-20.5265,14.1581,-4.1478,0.1645,17.9346,359.9706
58.72,-20.5264,14.158,-4.1476,0.1651,17.9349,359.9718
58.74,-20.5263,14.1579,-4.1475,0.1652,17.9346,359.9716
58.76,-20.5267,14.1576,-4.1475,0.1663,17.9324,359.9742
58.78,-20.5267,14.1579,-4.1476,0.1644,17.9332,359.9733
58.8,-20.5267,14.1581,-4.1474,0.1644,17.9339,359.9718
58.82,-20.5265,14.158,-4.1473,0.1642,17.9338,359.972
58.84,-20.526,14.1578,-4.1472,0.1644,17.9342,359.9726
58.86,-20.5257,14.1578,-4.1472,0.1656,17.9341,359.9733
58.88,-20.5257,14.1581,-4.1471,0.1647,17.9345,359.9731
58.9,-20.5262,14.1583,-4.1473,0.1628,17.9351,359.9731
58.92,-20.5261,14.1583,-4.1477,0.1625,17.9363,359.9739
58.94,-20.5257,14.1583,-4.1482,0.1631,17.9369,359.9734
58.96,-20.5252,14.1584,-4.148,0.1628,17.9396,359.9724
58.98,-20.525,14.1583,-4.1478,0.1628,17.9431,359.9729
59,-20.5252,14.1584,-4.1485,0.162,17.9412,359.9723
59.02,-20.5252,14.1581,-4.1487,0.1624,17.9408,359.9734
59.04,-20.5249,14.1582,-4.1483,0.163,17.9439,359.9741
59.06,-20.5252,14.1582,-4.1483,0.163,17.9448,359.974
59.08,-20.5253,14.1584,-4.1488,0.1621,17.9456,359.9731
59.1,-20.5244,14.1588,-4.1493,0.161,17.9487,359.9714
59.12,-20.5236,14.159,-4.1489,0.1612,17.9503,359.9691
59.14,-20.5238,14.1586,-4.1489,0.1615,17.9503,359.9706
59.16,-20.5243,14.1587,-4.1492,0.1602,17.9494,359.9714
59.18,-20.5244,14.1583,-4.149,0.163,17.9483,359.9716
59.2,-20.5246,14.1582,-4.1489,0.1639,17.9468,359.9715
59.22,-20.5247,14.1584,-4.1489,0.1628,17.9468,359.9709
59.24,-20.5246,14.1584,-4.1489,0.1623,17.9478,359.9706
59.26,-20.5246,14.1585,-4.149,0.1622,17.9487,359.9707
59.28,-20.5247,14.1584,-4.1491,0.1625,17.9484,359.9719
59.3,-20.5242,14.1584,-4.149,0.1625,17.9466,359.9714
59.32,-20.5241,14.1581,-4.1489,0.1634,17.9462,359.9722
59.34,-20.5239,14.1583,-4.1487,0.1633,17.9474,359.971
59.36,-20.5238,14.1585,-4.1486,0.1641,17.949,359.9689
59.38,-20.5244,14.1584,-4.1487,0.1631,17.9462,359.9711
59.4,-20.5248,14.1583,-4.1489,0.1627,17.9436,359.9725
59.42,-20.5248,14.1583,-4.149,0.163,17.9454,359.973
59.44,-20.5247,14.1581,-4.149,0.1639,17.9472,359.9733
59.46,-20.5246,14.1581,-4.1491,0.1633,17.9473,359.9734
59.48,-20.5242,14.1584,-4.1485,0.1622,17.9458,359.9724
59.5,-20.5245,14.158,-4.1482,0.163,17.944,359.9738
59.52,-20.5248,14.1584,-4.1484,0.1624,17.9425,359.972
59.54,-20.525,14.1584,-4.1484,0.1628,17.9433,359.973
59.56,-20.5252,14.1583,-4.1485,0.1629,17.9416,359.9735
59.58,-20.5251,14.1582,-4.1483,0.1633,17.9423,359.9737
59.6,-20.5259,14.1581,-4.1481,0.1637,17.9384,359.9736
59.62,-20.5263,14.1579,-4.1481,0.165,17.9374,359.9739
59.64,-20.5261,14.158,-4.148,0.1651,17.9376,359.9737
59.66,-20.526,14.158,-4.1479,0.1646,17.9366,359.974
59.68,-20.5256,14.1583,-4.1478,0.163,17.9357,359.973
59.7,-20.5259,14.1583,-4.1478,0.1636,17.9343,359.9723
59.72,-20.5261,14.158,-4.1475,0.1642,17.9336,359.9723
59.74,-20.526,14.1576,-4.147,0.1652,17.9339,359.9735
59.76,-20.5259,14.1574,-4.1468,0.1666,17.9329,359.9732
59.78,-20.5254,14.1576,-4.147,0.1666,17.9343,359.9723
59.8,-20.5257,14.1575,-4.1471,0.1668,17.9321,359.9728
59.82,-20.5257,14.1575,-4.1469,0.167,17.932,359.9721
59.84,-20.526,14.1574,-4.1468,0.1671,17.9319,359.9727
59.86,-20.5262,14.1575,-4.1469,0.1664,17.931,359.973
59.88,-20.5261,14.1577,-4.1471,0.1656,17.9313,359.9717
59.9,-20.526,14.1578,-4.1471,0.1659,17.9315,359.971
59.92,-20.5261,14.1578,-4.1471,0.166,17.9312,359.9716
59.94,-20.5265,14.1578,-4.1474,0.1658,17.9306,359.972
59.96,-20.5266,14.1578,-4.1475,0.1652,17.9305,359.9722
59.98,-20.5263,14.1577,-4.1472,0.1658,17.9313,359.9727
60,-20.526,14.1577,-4.1471,0.1662,17.9354,359.9721
60.02,-20.5263,14.1577,-4.1473,0.1656,17.9341,359.9729
60.04,-20.5263,14.1578,-4.1474,0.1655,17.9346,359.9725
60.06,-20.5261,14.1577,-4.1472,0.1661,17.9346,359.9727
60.08,-20.5255,14.158,-4.1472,0.1657,17.9332,359.972
60.1,-20.5256,14.1582,-4.1474,0.163,17.9332,359.9725
60.12,-20.5256,14.1579,-4.1473,0.1646,17.9351,359.9738
60.14,-20.5255,14.158,-4.1471,0.1643,17.9361,359.9737
60.16,-20.5251,14.158,-4.1469,0.1636,17.9347,359.974
60.18,-20.5239,14.1583,-4.1473,0.1645,17.9388,359.9731
60.2,-20.5242,14.158,-4.148,0.1647,17.9389,359.976
60.22,-20.5247,14.1583,-4.1482,0.1624,17.9371,359.9739
60.24,-20.5248,14.1579,-4.1475,0.1654,17.9391,359.9743
60.26,-20.525,14.1581,-4.1474,0.1647,17.9422,359.9743
60.28,-20.5248,14.1582,-4.1486,0.1625,17.9445,359.9738
60.3,-20.5242,14.1584,-4.1489,0.1623,17.9451,359.9732
60.32,-20.5236,14.1583,-4.1482,0.1631,17.948,359.9728
60.34,-20.5232,14.158,-4.1476,0.1647,17.9499,359.9736
60.36,-20.524,14.1584,-4.1484,0.163,17.9472,359.9734
60.38,-20.5242,14.1582,-4.1488,0.1633,17.9477,359.9732
60.4,-20.5244,14.1586,-4.1488,0.1623,17.947,359.9714
60.42,-20.5243,14.1581,-4.1482,0.1642,17.9476,359.9726
60.44,-20.5244,14.1583,-4.1486,0.163,17.9472,359.9724
60.46,-20.5247,14.1582,-4.1491,0.1631,17.946,359.9726
60.48,-20.5247,14.1585,-4.1494,0.1614,17.9456,359.9727
60.5,-20.5239,14.158,-4.1483,0.1642,17.9494,359.9726
60.52,-20.5236,14.1584,-4.1488,0.1623,17.9502,359.9723
60.54,-20.5237,14.1588,-4.1495,0.161,17.9481,359.9705
60.56,-20.5237,14.1584,-4.1492,0.162,17.9486,359.9716
60.58,-20.5238,14.1583,-4.1487,0.1622,17.9481,359.9724
60.6,-20.524,14.1584,-4.1486,0.1625,17.9468,359.9715
60.62,-20.5241,14.1582,-4.1488,0.1629,17.9464,359.9726
60.64,-20.524,14.1583,-4.1487,0.1632,17.9472,359.9718
60.66,-20.5244,14.1581,-4.1486,0.1637,17.9453,359.9728
60.68,-20.5243,14.1582,-4.1486,0.1637,17.9464,359.9719
60.7,-20.5247,14.1585,-4.1491,0.1624,17.9451,359.9713
60.72,-20.5247,14.1586,-4.1492,0.1609,17.9458,359.9718
60.74,-20.5246,14.1584,-4.149,0.1626,17.9468,359.9722
60.76,-20.5246,14.1585,-4.149,0.162,17.9463,359.9722
60.78,-20.5245,14.1587,-4.149,0.1613,17.9446,359.9719
60.8,-20.5246,14.1583,-4.1486,0.164,17.9459,359.973
60.82,-20.5254,14.1581,-4.1483,0.1635,17.9448,359.9738
60.84,-20.5256,14.1581,-4.1484,0.1635,17.9424,359.9737
60.86,-20.5253,14.158,-4.1484,0.164,17.9408,359.9749
60.88,-20.5248,14.1584,-4.1481,0.1628,17.9417,359.9728
60.9,-20.5252,14.1584,-4.1481,0.1631,17.9406,359.9725
60.92,-20.5253,14.1584,-4.148,0.1631,17.9414,359.9724
60.94,-20.5255,14.1583,-4.148,0.1637,17.9384,359.9734
60.96,-20.5251,14.1585,-4.1479,0.1627,17.9376,359.9717
60.98,-20.5255,14.1583,-4.1476,0.1638,17.9348,359.9725
61,-20.5263,14.158,-4.1476,0.1647,17.932,359.973
61.02,-20.526,14.1582,-4.1474,0.1639,17.9342,359.9726
61.04,-20.5258,14.1582,-4.1474,0.164,17.9336,359.9722
61.06,-20.5255,14.1581,-4.1474,0.1643,17.9332,359.9716
61.08,-20.5251,14.1582,-4.1473,0.1644,17.9337,359.9701
61.1,-20.5254,14.1581,-4.1474,0.1642,17.9329,359.971
61.12,-20.5254,14.1578,-4.1472,0.1661,17.9346,359.9718
61.14,-20.5255,14.158,-4.1472,0.1652,17.9337,359.9707
61.16,-20.5254,14.1579,-4.1471,0.1655,17.9352,359.9707
61.18,-20.5257,14.1578,-4.1473,0.1649,17.9341,359.9723
61.2,-20.5258,14.158,-4.1475,0.1644,17.9339,359.9714
61.22,-20.5257,14.158,-4.1474,0.1646,17.9337,359.9706
61.24,-20.5256,14.158,-4.1473,0.1654,17.9353,359.9707
61.26,-20.5256,14.1583,-4.1475,0.1643,17.9352,359.9695
61.28,-20.526,14.1577,-4.1476,0.1662,17.9341,359.9732
61.3,-20.5257,14.1577,-4.1471,0.167,17.9356,359.9728
61.32,-20.5255,14.158,-4.1472,0.166,17.9357,359.971
61.34,-20.5253,14.1579,-4.1473,0.166,17.9355,359.9713
61.36,-20.5253,14.1581,-4.1474,0.165,17.9341,359.9702
61.38,-20.5259,14.1583,-4.1472,0.1627,17.9306,359.9721
61.4,-20.526,14.1581,-4.147,0.1638,17.9304,359.9732
61.42,-20.5258,14.1579,-4.147,0.1656,17.9354,359.974
61.44,-20.525,14.1584,-4.1476,0.1627,17.9399,359.9739
61.46,-20.5239,14.1586,-4.1482,0.1622,17.9401,359.9713
61.48,-20.5231,14.1582,-4.1474,0.1632,17.9402,359.9716
61.5,-20.5237,14.1583,-4.1476,0.1636,17.9421,359.9723
61.52,-20.5244,14.1584,-4.1483,0.1636,17.9421,359.9729
61.54,-20.5249,14.1579,-4.1488,0.1633,17.9402,359.9745
61.56,-20.524,14.1584,-4.1485,0.1633,17.9424,359.9738
61.58,-20.5237,14.1582,-4.148,0.1653,17.9454,359.9741
61.6,-20.5247,14.1583,-4.1489,0.1632,17.9461,359.9718
61.62,-20.525,14.1585,-4.1494,0.1628,17.9465,359.9722
61.64,-20.5243,14.1587,-4.1493,0.1615,17.9478,359.9716
61.66,-20.5237,14.1584,-4.1489,0.163,17.9486,359.9713
61.68,-20.5236,14.1582,-4.1488,0.1638,17.9483,359.9719
61.7,-20.5241,14.1584,-4.1492,0.1624,17.9479,359.9714
61.72,-20.5242,14.1585,-4.1491,0.1619,17.9484,359.9711
61.74,-20.5242,14.1585,-4.1491,0.162,17.9475,359.9713
61.76,-20.5242,14.1586,-4.1491,0.1618,17.946,359.9702
61.78,-20.5242,14.1585,-4.1491,0.1622,17.947,359.9702
61.8,-20.5243,14.1583,-4.1489,0.1633,17.9465,359.9704
61.82,-20.5244,14.1584,-4.1488,0.1628,17.946,359.9705
61.84,-20.5244,14.1581,-4.1487,0.1641,17.9451,359.9711
61.86,-20.524,14.1582,-4.1487,0.1637,17.9465,359.9701
61.88,-20.5242,14.1583,-4.1489,0.1626,17.9451,359.9714
61.9,-20.5244,14.1584,-4.1487,0.1627,17.9458,359.972
61.92,-20.5243,14.1585,-4.1489,0.162,17.946,359.9711
61.94,-20.5242,14.1583,-4.149,0.1631,17.9449,359.9727
61.96,-20.5241,14.158,-4.1489,0.1639,17.9438,359.9739
61.98,-20.524,14.1582,-4.1486,0.1631,17.9451,359.9727
62,-20.5246,14.1584,-4.1489,0.1617,17.9422,359.9725
62.02,-20.5249,14.1581,-4.1486,0.1634,17.9407,359.9727
62.04,-20.5248,14.1581,-4.1484,0.1633,17.9392,359.9729
62.06,-20.5247,14.158,-4.1482,0.1641,17.939,359.9728
62.08,-20.5245,14.1581,-4.1482,0.1634,17.9379,359.9727
62.1,-20.5248,14.1584,-4.1485,0.1622,17.9358,359.9729
62.12,-20.525,14.1583,-4.1483,0.1624,17.9372,359.9732
62.14,-20.5258,14.1583,-4.1481,0.1622,17.936,359.9732
62.16,-20.5253,14.1578,-4.1477,0.1644,17.9372,359.9734
62.18,-20.5244,14.158,-4.1476,0.1648,17.9373,359.9722
62.2,-20.5241,14.1578,-4.1473,0.1656,17.937,359.973
62.22,-20.5244,14.1577,-4.1471,0.1657,17.9366,359.9726
62.24,-20.5245,14.158,-4.1468,0.1654,17.9375,359.9712
62.26,-20.5247,14.1579,-4.1469,0.1655,17.9363,359.971
62.28,-20.5248,14.1581,-4.1472,0.1647,17.9351,359.9702
62.3,-20.525,14.158,-4.1471,0.1647,17.9334,359.9712
62.32,-20.5256,14.1576,-4.1468,0.1657,17.9319,359.9725
62.34,-20.5254,14.1577,-4.1468,0.1657,17.9339,359.9714
62.36,-20.5255,14.1578,-4.147,0.1657,17.9332,359.9717
62.38,-20.5251,14.1579,-4.1472,0.1657,17.9331,359.9711
62.4,-20.5252,14.1578,-4.1471,0.166,17.9338,359.9706
62.42,-20.5255,14.1578,-4.1472,0.1661,17.9338,359.9708
62.44,-20.5256,14.1577,-4.1472,0.1658,17.9349,359.9716
62.46,-20.5256,14.1577,-4.1473,0.1661,17.9345,359.9714
62.48,-20.5253,14.1578,-4.1471,0.1663,17.9342,359.9716
62.5,-20.525,14.1577,-4.147,0.167,17.9351,359.9713
62.52,-20.5253,14.1579,-4.1471,0.166,17.9352,359.9712
62.54,-20.5255,14.1577,-4.1471,0.1659,17.9358,359.9722
62.56,-20.5255,14.1579,-4.1471,0.1653,17.9358,359.9717
62.58,-20.5255,14.1577,-4.1472,0.1651,17.9347,359.9737
62.6,-20.5253,14.1577,-4.1472,0.1653,17.9356,359.9734
62.62,-20.5252,14.1578,-4.1473,0.1654,17.9357,359.9726
62.64,-20.5248,14.1578,-4.1471,0.1653,17.938,359.9722
62.66,-20.5245,14.1579,-4.1469,0.1659,17.9389,359.9719
62.68,-20.525,14.1579,-4.1471,0.1653,17.9383,359.9732
62.7,-20.5251,14.1582,-4.1473,0.1637,17.9389,359.9727
62.72,-20.5246,14.158,-4.1472,0.1657,17.9416,359.972
62.74,-20.5243,14.1579,-4.1473,0.1662,17.9421,359.9728
62.76,-20.5244,14.1581,-4.1477,0.164,17.9418,359.9727
62.78,-20.5246,14.158,-4.1478,0.165,17.942,359.9731
62.8,-20.5243,14.158,-4.1477,0.1653,17.9432,359.9723
62.82,-20.5243,14.158,-4.1478,0.1649,17.9417,359.9723
62.84,-20.5241,14.1581,-4.1479,0.1643,17.9433,359.9716
62.86,-20.5244,14.158,-4.1479,0.1647,17.9435,359.9731
62.88,-20.5247,14.1584,-4.1483,0.1638,17.9448,359.9729
62.9,-20.5244,14.1584,-4.1485,0.1635,17.9457,359.9727
62.92,-20.5237,14.1585,-4.1487,0.1631,17.9467,359.9724
62.94,-20.5236,14.1584,-4.149,0.1636,17.947,359.9712
62.96,-20.5236,14.1581,-4.1486,0.1642,17.9482,359.9717
62.98,-20.524,14.1584,-4.1484,0.1631,17.9464,359.9714
63,-20.5239,14.1583,-4.1483,0.1634,17.9469,359.972
63.02,-20.5243,14.1582,-4.1486,0.1633,17.9448,359.9729
63.04,-20.5247,14.1581,-4.1486,0.1637,17.9453,359.9726
63.06,-20.5248,14.1578,-4.1483,0.1649,17.9464,359.9734
63.08,-20.5248,14.1584,-4.1487,0.1633,17.9464,359.9724
63.1,-20.5247,14.1582,-4.149,0.1637,17.9465,359.972
63.12,-20.5246,14.1581,-4.1488,0.1644,17.9469,359.9727
63.14,-20.5246,14.1581,-4.1487,0.1646,17.9472,359.9726
63.16,-20.5246,14.1584,-4.1488,0.1633,17.9478,359.9711
63.18,-20.5248,14.1581,-4.1488,0.1645,17.9459,359.9718
63.2,-20.5249,14.1581,-4.1487,0.1636,17.9449,359.973
63.22,-20.5248,14.158,-4.1487,0.1645,17.9468,359.9732
63.24,-20.5247,14.158,-4.1488,0.1645,17.9477,359.9733
63.26,-20.5246,14.1581,-4.149,0.1633,17.9479,359.9737
63.28,-20.5246,14.1579,-4.1486,0.1645,17.9465,359.9742
63.3,-20.5256,14.1576,-4.1485,0.1657,17.9422,359.9751
63.32,-20.5259,14.1575,-4.1483,0.166,17.9421,359.9753
63.34,-20.5254,14.1579,-4.1484,0.165,17.9436,359.9735
63.36,-20.5252,14.1583,-4.1488,0.1632,17.9422,359.9724
63.38,-20.5243,14.1578,-4.1483,0.165,17.9425,359.9733
63.4,-20.5246,14.1579,-4.1483,0.1646,17.9418,359.9737
63.42,-20.5249,14.1577,-4.1481,0.1653,17.9429,359.9747
63.44,-20.5249,14.1578,-4.148,0.1651,17.9431,359.9739
63.46,-20.5248,14.158,-4.1479,0.1645,17.9427,359.9728
63.48,-20.5242,14.1577,-4.1475,0.1652,17.9391,359.9731
63.5,-20.5238,14.1578,-4.1472,0.1654,17.9385,359.9726
63.52,-20.5243,14.1577,-4.1471,0.1661,17.9361,359.9727
63.54,-20.5247,14.1576,-4.1469,0.1665,17.9364,359.9729
63.56,-20.5254,14.1578,-4.1472,0.1658,17.9351,359.9728
63.58,-20.5257,14.1574,-4.1471,0.1666,17.9336,359.9742
63.6,-20.5255,14.1573,-4.147,0.167,17.9339,359.9741
63.62,-20.5256,14.1577,-4.1472,0.1659,17.9333,359.9726
63.64,-20.5258,14.1578,-4.1473,0.1655,17.9328,359.9723
63.66,-20.5259,14.1577,-4.1472,0.1662,17.9336,359.9726
63.68,-20.5254,14.1575,-4.147,0.1666,17.9356,359.9731
63.7,-20.5255,14.1573,-4.1471,0.1671,17.9342,359.9741
63.72,-20.5254,14.1574,-4.1472,0.1667,17.9345,359.9735
63.74,-20.5259,14.1574,-4.1473,0.1672,17.934,359.974
63.76,-20.5265,14.1577,-4.1475,0.1661,17.9333,359.9741
63.78,-20.526,14.1575,-4.1472,0.1671,17.9354,359.9733
63.8,-20.5259,14.1576,-4.1474,0.1661,17.9348,359.9731
63.82,-20.5255,14.1577,-4.1473,0.1663,17.9355,359.9725
63.84,-20.5256,14.1575,-4.1473,0.1668,17.9366,359.9737
63.86,-20.5257,14.1575,-4.1472,0.1668,17.9368,359.9747
63.88,-20.5255,14.1578,-4.1472,0.1659,17.9368,359.973
63.9,-20.5252,14.1577,-4.1472,0.1655,17.9347,359.9738
63.92,-20.5249,14.1578,-4.1472,0.1653,17.936,359.9738
63.94,-20.5254,14.1578,-4.1474,0.1653,17.9352,359.9738
63.96,-20.5254,14.1577,-4.1473,0.1659,17.9384,359.9745
63.98,-20.5253,14.1581,-4.1478,0.1639,17.9415,359.9724
64,-20.525,14.158,-4.1481,0.1637,17.9394,359.9733
64.02,-20.5243,14.1578,-4.1477,0.1647,17.9409,359.9738
64.04,-20.5242,14.1576,-4.1476,0.166,17.9413,359.9751
64.06,-20.5246,14.1577,-4.1478,0.1658,17.9413,359.9744
64.08,-20.5252,14.1581,-4.1485,0.1644,17.9419,359.9743
64.1,-20.5247,14.1582,-4.1485,0.1634,17.9474,359.973
64.12,-20.5247,14.158,-4.1488,0.1641,17.946,359.9732
64.14,-20.5248,14.1583,-4.149,0.1627,17.9446,359.9724
64.16,-20.5246,14.158,-4.1488,0.1637,17.945,359.973
64.18,-20.5244,14.158,-4.1487,0.1645,17.9484,359.9733
64.2,-20.5243,14.1582,-4.1489,0.1636,17.948,359.9725
64.22,-20.524,14.1585,-4.1489,0.1624,17.949,359.9715
64.24,-20.5241,14.158,-4.1488,0.1639,17.9487,359.9725
64.26,-20.5244,14.158,-4.1489,0.1643,17.9482,359.9722
64.28,-20.5246,14.1582,-4.1489,0.1637,17.945,359.9716
64.3,-20.5246,14.1583,-4.1488,0.1625,17.9441,359.972
64.32,-20.5243,14.1582,-4.1485,0.1635,17.9461,359.9723
64.34,-20.5245,14.158,-4.1487,0.1638,17.9464,359.9725
64.36,-20.5249,14.1582,-4.1491,0.1629,17.9449,359.9731
64.38,-20.5246,14.158,-4.1488,0.1644,17.9459,359.9726
64.4,-20.5244,14.1583,-4.1487,0.1629,17.9463,359.9729
64.42,-20.5244,14.1585,-4.1487,0.1623,17.946,359.9714
64.43999,-20.5243,14.1583,-4.1488,0.1629,17.9467,359.9718
64.46,-20.5244,14.1581,-4.1487,0.1631,17.9479,359.9739
64.48,-20.5244,14.1581,-4.1487,0.1629,17.9459,359.9739
64.5,-20.5244,14.1579,-4.1485,0.1642,17.9456,359.9742
64.52,-20.5244,14.1579,-4.1483,0.1649,17.9451,359.9733
64.54,-20.5244,14.1576,-4.1479,0.1662,17.9443,359.9731
64.56,-20.5246,14.1577,-4.1478,0.1653,17.9416,359.9742
64.58,-20.5245,14.1579,-4.1477,0.1651,17.9418,359.9736
64.6,-20.5247,14.1578,-4.1478,0.1655,17.9413,359.9744
64.62,-20.5249,14.1577,-4.1477,0.1654,17.9405,359.9745
64.64,-20.5248,14.1578,-4.1474,0.1654,17.9401,359.9747
64.66,-20.525,14.1577,-4.1473,0.1655,17.9376,359.9749
64.68,-20.5249,14.1578,-4.1471,0.1662,17.9367,359.9739
64.7,-20.525,14.1579,-4.147,0.1655,17.935,359.9735
64.72,-20.525,14.1577,-4.1467,0.1662,17.9348,359.9741
64.74,-20.5253,14.1576,-4.1467,0.1664,17.9309,359.9749
64.76,-20.5252,14.1576,-4.1466,0.1675,17.9308,359.9732
64.78,-20.5256,14.1576,-4.1467,0.1663,17.9301,359.9737
64.8,-20.5258,14.1576,-4.1467,0.1664,17.9294,359.9733
64.82,-20.526,14.1575,-4.1466,0.1659,17.9288,359.9734
64.84,-20.5257,14.1575,-4.1464,0.1667,17.9295,359.9729
64.86,-20.5256,14.1576,-4.1466,0.1656,17.9294,359.9734
64.88,-20.5255,14.1577,-4.1468,0.1658,17.9319,359.9725
64.9,-20.5255,14.1576,-4.1465,0.1677,17.9322,359.9718
64.92,-20.5257,14.1577,-4.1466,0.1662,17.9318,359.9721
64.93999,-20.5258,14.1577,-4.1469,0.1657,17.9315,359.9722
64.96,-20.5258,14.1577,-4.1471,0.1662,17.9309,359.972
64.98,-20.5261,14.1576,-4.1468,0.1662,17.9309,359.9724
65,-20.5259,14.1577,-4.1468,0.1667,17.9318,359.9715
65.02,-20.5258,14.1575,-4.1468,0.167,17.9326,359.9726
65.04,-20.5259,14.1577,-4.1469,0.1662,17.932,359.9729
65.06,-20.5258,14.1574,-4.1467,0.168,17.9324,359.9727
65.08,-20.5245,14.1572,-4.1464,0.168,17.9351,359.9742
65.1,-20.5245,14.1575,-4.1468,0.1672,17.9344,359.974
65.12,-20.5247,14.1577,-4.1469,0.1663,17.9341,359.9742
65.14,-20.5248,14.1577,-4.1466,0.166,17.9363,359.9743
65.16,-20.525,14.1577,-4.1464,0.1667,17.9358,359.9749
65.18,-20.5237,14.1582,-4.1476,0.1644,17.9381,359.9746
65.2,-20.5232,14.1581,-4.1478,0.1637,17.9442,359.9734
65.22,-20.5236,14.158,-4.1474,0.1647,17.9449,359.9724
65.24,-20.5239,14.1577,-4.1469,0.1666,17.9459,359.9738
65.26,-20.5239,14.158,-4.1473,0.1649,17.9451,359.9729
65.28,-20.5236,14.158,-4.1483,0.1638,17.9424,359.9742
65.3,-20.5236,14.158,-4.1478,0.1644,17.9457,359.9734
65.32,-20.5244,14.1579,-4.1479,0.1647,17.9464,359.9737
65.34,-20.5243,14.1583,-4.1482,0.1643,17.947,359.9723
65.36,-20.5241,14.1582,-4.1486,0.1641,17.9453,359.9732
65.38,-20.5232,14.158,-4.1485,0.1641,17.9456,359.9743
65.4,-20.5232,14.1581,-4.1482,0.1644,17.9472,359.973
65.42,-20.5233,14.1582,-4.1483,0.1645,17.949,359.9734
65.43999,-20.5236,14.1581,-4.1487,0.1639,17.9481,359.9735
65.46,-20.5233,14.1582,-4.1489,0.1634,17.948,359.9734
65.48,-20.5236,14.1581,-4.1485,0.1635,17.943,359.973
65.5,-20.5242,14.1578,-4.1482,0.1648,17.9424,359.9738
65.52,-20.5243,14.1581,-4.1482,0.1643,17.9437,359.9733
65.54,-20.5242,14.1581,-4.1484,0.1645,17.9441,359.9721
65.56,-20.5242,14.1581,-4.1484,0.1645,17.9439,359.9723
65.58,-20.5249,14.1582,-4.1486,0.1637,17.9423,359.9724
65.6,-20.5251,14.1581,-4.1486,0.1639,17.9421,359.9731
65.62,-20.525,14.1583,-4.1487,0.1633,17.9424,359.9721
65.64,-20.5248,14.1583,-4.1486,0.1633,17.9434,359.9724
65.66,-20.5243,14.1579,-4.1482,0.1643,17.9447,359.9745
65.68,-20.5243,14.1581,-4.1483,0.1636,17.944,359.9745
65.7,-20.524,14.158,-4.1485,0.165,17.9484,359.9753
65.72,-20.524,14.1583,-4.1485,0.1628,17.9475,359.9722
65.74,-20.5242,14.1582,-4.1484,0.1639,17.9439,359.9729
65.76,-20.5242,14.1579,-4.1479,0.1651,17.9448,359.9752
65.78,-20.5244,14.1581,-4.1481,0.164,17.9446,359.9742
65.8,-20.5249,14.1575,-4.148,0.1649,17.9442,359.975
65.82,-20.5244,14.158,-4.1478,0.1649,17.9452,359.9739
65.84,-20.524,14.1579,-4.148,0.165,17.9438,359.9745
65.86,-20.5243,14.158,-4.1486,0.1644,17.9374,359.9745
65.88,-20.5266,14.1577,-4.1479,0.1652,17.9381,359.9751
65.9,-20.526,14.1576,-4.1473,0.1661,17.9404,359.9756
65.92,-20.525,14.1577,-4.1477,0.1654,17.9391,359.9757
65.93999,-20.5225,14.1583,-4.1477,0.1646,17.9382,359.9729
65.96,-20.5226,14.1577,-4.1471,0.1662,17.9367,359.9737
65.98,-20.5257,14.1574,-4.1466,0.167,17.935,359.9738
66,-20.5256,14.1576,-4.1467,0.167,17.9342,359.9733
66.02,-20.5251,14.1578,-4.1469,0.1655,17.9316,359.9733
66.04,-20.524,14.158,-4.1467,0.1653,17.9332,359.9718
66.06,-20.5245,14.1577,-4.1466,0.166,17.9305,359.9731
66.08,-20.526,14.1573,-4.1465,0.1677,17.9325,359.9738
66.1,-20.5259,14.1576,-4.1468,0.167,17.9319,359.9733
66.12,-20.5254,14.1581,-4.1471,0.165,17.9313,359.9717
66.14,-20.5253,14.1577,-4.1469,0.1661,17.9311,359.9734
66.16,-20.5254,14.1576,-4.1467,0.1662,17.9322,359.9728
66.18,-20.5261,14.1578,-4.1472,0.1657,17.9316,359.9723
66.2,-20.5254,14.1578,-4.1471,0.1664,17.933,359.9716
66.22,-20.5253,14.1578,-4.1472,0.1659,17.932,359.9718
66.24,-20.5251,14.1577,-4.147,0.1668,17.9325,359.9722
66.26,-20.5253,14.1579,-4.147,0.1659,17.9337,359.9709
66.28,-20.5258,14.1578,-4.147,0.1662,17.9344,359.972
66.3,-20.5254,14.1578,-4.1469,0.1661,17.9346,359.973
66.32,-20.5253,14.1574,-4.1469,0.1673,17.9334,359.9739
66.34,-20.525,14.1575,-4.1468,0.1672,17.9347,359.9745
66.36,-20.5249,14.1579,-4.1467,0.1662,17.9345,359.9739
66.38,-20.5256,14.1579,-4.1467,0.1654,17.9316,359.9733
66.4,-20.5252,14.1576,-4.1466,0.1669,17.9327,359.9735
66.42,-20.5251,14.1576,-4.1466,0.1668,17.9319,359.9741
66.43999,-20.525,14.1578,-4.1467,0.1658,17.9332,359.9742
66.46,-20.525,14.1578,-4.1468,0.166,17.935,359.9747
66.48,-20.5253,14.158,-4.1476,0.1642,17.9355,359.9745
66.5,-20.5253,14.1581,-4.1474,0.1642,17.9359,359.9749
66.52,-20.5256,14.158,-4.1475,0.1645,17.9367,359.9751
66.54,-20.5258,14.1581,-4.1478,0.1643,17.9381,359.9738
66.56,-20.5259,14.1583,-4.1484,0.1628,17.9388,359.9738
66.58,-20.5255,14.1583,-4.1484,0.1633,17.9413,359.9745
66.6,-20.5246,14.1584,-4.1485,0.1627,17.9448,359.9735
66.62,-20.5246,14.1583,-4.1486,0.1629,17.9469,359.9742
66.64,-20.5247,14.1582,-4.1488,0.1642,17.9487,359.9739
66.66,-20.5244,14.1583,-4.1489,0.1637,17.9505,359.9731
66.68,-20.5248,14.1581,-4.149,0.1638,17.9472,359.975
66.7,-20.5247,14.1585,-4.149,0.1618,17.9483,359.9724
66.72,-20.5248,14.1584,-4.149,0.1623,17.9473,359.9729
66.74,-20.5247,14.1584,-4.149,0.163,17.9469,359.9727
66.76,-20.5246,14.1582,-4.1488,0.1646,17.9454,359.9726
66.78,-20.5246,14.1582,-4.1487,0.1643,17.9451,359.9726
66.8,-20.5253,14.1582,-4.1492,0.1633,17.9445,359.9725
66.82,-20.5252,14.1584,-4.149,0.1624,17.9456,359.9726
66.84,-20.5248,14.1586,-4.149,0.1613,17.9452,359.9709
66.86,-20.5244,14.1584,-4.1487,0.1629,17.9453,359.9716
66.88,-20.5243,14.1581,-4.1488,0.1639,17.946,359.9726
66.9,-20.5245,14.1582,-4.1489,0.1633,17.9462,359.9724
66.92,-20.5247,14.1582,-4.1489,0.1637,17.9457,359.973
66.93999,-20.5246,14.1583,-4.1488,0.1631,17.946,359.9726
66.96,-20.5243,14.1584,-4.1488,0.1626,17.9467,359.9723
66.98,-20.5249,14.158,-4.1488,0.1639,17.9457,359.9742
67,-20.5249,14.1581,-4.1487,0.1645,17.9468,359.9736
67.02,-20.525,14.1582,-4.1487,0.1634,17.9464,359.9738
67.04,-20.5251,14.1582,-4.1487,0.1636,17.9448,359.9733
67.06,-20.5251,14.1584,-4.1487,0.1622,17.9416,359.973
67.08,-20.5248,14.1583,-4.1485,0.1641,17.9418,359.9735
67.1,-20.5241,14.158,-4.1481,0.1641,17.9423,359.9741
67.12,-20.5236,14.1581,-4.1478,0.1647,17.9431,359.9734
67.14,-20.5238,14.1583,-4.1479,0.1632,17.9416,359.9735
67.16,-20.524,14.1582,-4.1478,0.1637,17.9418,359.9731
67.18,-20.5248,14.1582,-4.148,0.1634,17.9386,359.9729
67.2,-20.5249,14.1584,-4.1474,0.1636,17.9367,359.972
67.22,-20.5249,14.1579,-4.1473,0.1657,17.9355,359.9726
67.24,-20.5251,14.1579,-4.1473,0.166,17.9332,359.9726
67.26,-20.5252,14.158,-4.1473,0.1656,17.933,359.9717
67.28,-20.5257,14.1582,-4.1474,0.1644,17.9306,359.9715
67.3,-20.5259,14.1579,-4.1474,0.1652,17.9311,359.9724
67.32,-20.526,14.1578,-4.1474,0.1658,17.9311,359.9729
67.34,-20.5261,14.1578,-4.1473,0.1655,17.9304,359.9727
67.36,-20.526,14.1577,-4.1471,0.1657,17.9306,359.9723
67.38,-20.5256,14.1579,-4.1474,0.165,17.9325,359.9716
67.4,-20.5256,14.1577,-4.1475,0.1661,17.9337,359.9724
67.42,-20.5255,14.1577,-4.1474,0.1664,17.9346,359.9718
67.43999,-20.5255,14.1578,-4.1474,0.1665,17.9344,359.9714
67.46,-20.5256,14.1577,-4.1476,0.1668,17.9328,359.972
67.48,-20.5257,14.1582,-4.1479,0.1638,17.9327,359.9719
67.5,-20.5258,14.1579,-4.1475,0.1655,17.9334,359.9721
67.52,-20.5258,14.1576,-4.1473,0.1664,17.9326,359.974
67.54,-20.5249,14.158,-4.1472,0.1662,17.9341,359.972
67.56,-20.5248,14.1578,-4.1474,0.1663,17.9336,359.9724
67.58,-20.525,14.1582,-4.1475,0.1641,17.9356,359.9713
67.6,-20.5254,14.1581,-4.1475,0.164,17.9365,359.9724
67.62,-20.5256,14.1582,-4.1477,0.1632,17.9365,359.9729
67.64,-20.5251,14.158,-4.1476,0.1644,17.9385,359.9741
67.66,-20.5242,14.1583,-4.1477,0.1635,17.9409,359.9728
67.68,-20.524,14.1582,-4.1482,0.1626,17.9431,359.9739
67.7,-20.5244,14.1583,-4.1486,0.1619,17.943,359.9733
67.72,-20.5239,14.1585,-4.1487,0.1613,17.9467,359.9717
67.74,-20.5239,14.1585,-4.1487,0.1619,17.9457,359.9714
67.76,-20.5235,14.1584,-4.1485,0.1619,17.9473,359.9716
67.78,-20.5239,14.1578,-4.1486,0.1646,17.9469,359.9745
67.8,-20.5238,14.1583,-4.1491,0.1633,17.9485,359.9722
67.82,-20.5236,14.1583,-4.1491,0.1634,17.9499,359.9729
67.84,-20.5231,14.1585,-4.149,0.1625,17.9505,359.9726
67.86,-20.5231,14.1587,-4.1493,0.1616,17.949,359.972
67.88,-20.523,14.1585,-4.1492,0.1618,17.9503,359.9726
67.9,-20.5227,14.1587,-4.1493,0.1615,17.957,359.9702
67.92,-20.5227,14.1585,-4.1493,0.163,17.9542,359.9708
67.93999,-20.5224,14.1584,-4.1492,0.1636,17.9525,359.971
67.96,-20.5227,14.1583,-4.1491,0.1629,17.9498,359.9719
67.98,-20.5232,14.1584,-4.1492,0.1618,17.9506,359.9708
68,-20.5238,14.1585,-4.1495,0.1613,17.9503,359.9703
68.02,-20.5238,14.1583,-4.1493,0.1619,17.9496,359.9707
68.04,-20.524,14.1582,-4.1492,0.1624,17.9479,359.9721
68.06,-20.5242,14.1586,-4.1494,0.1609,17.9465,359.9707
68.08,-20.5242,14.1584,-4.1493,0.1625,17.9476,359.9716
68.1,-20.5242,14.1583,-4.1493,0.1634,17.9475,359.9716
68.12,-20.5242,14.1584,-4.1494,0.1628,17.9473,359.9715
68.14,-20.524,14.1582,-4.1493,0.1634,17.9481,359.9726
68.16,-20.5238,14.1581,-4.1491,0.1642,17.9505,359.9726
68.18,-20.5234,14.1584,-4.1491,0.1628,17.9508,359.9725
68.2,-20.5234,14.1584,-4.1491,0.1628,17.9503,359.9731
68.22,-20.5235,14.1584,-4.1491,0.1622,17.9493,359.973
68.24,-20.524,14.1582,-4.1492,0.1632,17.9473,359.9739
68.26,-20.5247,14.158,-4.1494,0.1632,17.9443,359.9742
68.28,-20.5245,14.1584,-4.1486,0.1626,17.9448,359.9723
68.3,-20.5241,14.1583,-4.1484,0.1639,17.9459,359.9724
68.32,-20.5242,14.158,-4.1486,0.1642,17.9438,359.9744
68.34,-20.5239,14.1581,-4.1487,0.1638,17.9444,359.974
68.36,-20.5241,14.1581,-4.1487,0.1637,17.9414,359.9744
68.38,-20.5243,14.158,-4.1481,0.1647,17.9434,359.9741
68.4,-20.5246,14.1582,-4.1483,0.1635,17.9424,359.9738
68.42,-20.5241,14.1582,-4.1483,0.1632,17.9427,359.9725
68.43999,-20.5236,14.1581,-4.1479,0.1639,17.9418,359.9732
68.46,-20.5236,14.1581,-4.1475,0.1652,17.9394,359.9721
68.48,-20.5248,14.1577,-4.147,0.1654,17.9359,359.973
68.5,-20.5249,14.1577,-4.1472,0.1656,17.9359,359.9718
68.52,-20.5247,14.1578,-4.1474,0.1655,17.9369,359.9709
68.54,-20.5249,14.1581,-4.1477,0.1638,17.9362,359.9707
68.56,-20.5249,14.158,-4.1473,0.1653,17.9367,359.97
68.58,-20.526,14.1578,-4.1474,0.1651,17.9366,359.9716
68.6,-20.5257,14.1578,-4.1476,0.1654,17.9359,359.9718
68.62,-20.5252,14.1579,-4.1476,0.1646,17.9361,359.9719
68.64,-20.5247,14.158,-4.1474,0.1656,17.9361,359.9708
68.66,-20.5252,14.1577,-4.1475,0.1658,17.9346,359.972
68.68,-20.5251,14.1579,-4.1477,0.1659,17.9377,359.9714
68.7,-20.5251,14.1581,-4.1479,0.1642,17.9364,359.9714
68.72,-20.5244,14.1579,-4.1474,0.1653,17.9381,359.9716
68.74,-20.5245,14.1579,-4.1472,0.1653,17.938,359.9714
68.76,-20.5252,14.1577,-4.1474,0.1654,17.9366,359.9721
68.78,-20.5252,14.1579,-4.1475,0.1649,17.9364,359.9711
68.8,-20.5248,14.1579,-4.1472,0.1651,17.9377,359.971
68.82,-20.5245,14.1579,-4.147,0.1653,17.9386,359.9712
68.84,-20.5247,14.1579,-4.1474,0.1646,17.9368,359.9725
68.86,-20.5243,14.1581,-4.1474,0.1644,17.9383,359.9722
68.88,-20.5244,14.1583,-4.1474,0.1635,17.9393,359.972
68.9,-20.525,14.1583,-4.1478,0.163,17.9397,359.9726
68.92,-20.5247,14.1582,-4.1481,0.1628,17.9421,359.974
68.93999,-20.5242,14.1581,-4.1481,0.1632,17.9434,359.9741
68.96,-20.523,14.1586,-4.1478,0.1625,17.9451,359.9727
68.98,-20.5239,14.1585,-4.1488,0.1621,17.945,359.9734
69,-20.5242,14.1583,-4.1487,0.1625,17.9455,359.9732
69.02,-20.5236,14.1583,-4.1482,0.1632,17.9503,359.9727
69.04,-20.5232,14.1584,-4.1482,0.1633,17.9522,359.9734
69.06,-20.5232,14.1586,-4.1489,0.1615,17.9502,359.9718
69.08,-20.5232,14.1584,-4.149,0.1628,17.9561,359.973
69.1,-20.5232,14.1581,-4.1489,0.1651,17.9566,359.9739
69.12,-20.5235,14.1583,-4.1494,0.1621,17.9522,359.9732
69.14,-20.5231,14.1584,-4.1492,0.1623,17.9529,359.9717
69.16,-20.5233,14.1581,-4.1489,0.1636,17.9518,359.9731
69.18,-20.5242,14.1584,-4.1493,0.1619,17.9513,359.9715
69.2,-20.5242,14.1581,-4.1493,0.1636,17.9506,359.9718
69.22,-20.5241,14.1582,-4.1491,0.1641,17.9496,359.9711
69.24,-20.5239,14.1582,-4.1489,0.1635,17.9499,359.9712
69.26,-20.524,14.1582,-4.149,0.1637,17.9491,359.9715
69.28,-20.5242,14.1586,-4.1491,0.1619,17.9486,359.9709
69.3,-20.5242,14.1587,-4.1491,0.1613,17.9478,359.9699
69.32,-20.5239,14.1584,-4.149,0.1627,17.9491,359.9714
69.34,-20.5238,14.1582,-4.1491,0.1631,17.949,359.972
69.36,-20.5238,14.158,-4.149,0.1649,17.9494,359.9725
69.38,-20.5238,14.1586,-4.1489,0.1614,17.95,359.9716
69.4,-20.5239,14.1584,-4.1488,0.1625,17.9482,359.9719
69.42,-20.5237,14.1583,-4.1487,0.1629,17.9492,359.9724
69.43999,-20.5238,14.1584,-4.1489,0.1629,17.9487,359.9722
69.46,-20.5243,14.1581,-4.1489,0.1634,17.9471,359.9735
69.48,-20.5249,14.1581,-4.1488,0.1635,17.946,359.9734
69.5,-20.5251,14.1584,-4.1488,0.1628,17.9446,359.9717
69.52,-20.5252,14.1583,-4.1486,0.1632,17.9456,359.9725
69.54,-20.5251,14.1582,-4.1485,0.1645,17.9465,359.9722
69.56,-20.5252,14.1583,-4.1486,0.1633,17.9447,359.9721
69.58,-20.5254,14.1582,-4.1487,0.1631,17.9402,359.9745
69.6,-20.5247,14.158,-4.1479,0.1646,17.9423,359.9742
69.62,-20.5247,14.1581,-4.1479,0.1646,17.9416,359.9728
69.64,-20.5248,14.1579,-4.1478,0.1653,17.9417,359.9738
69.66,-20.525,14.1581,-4.1478,0.1643,17.9409,359.9729
69.68,-20.5251,14.1582,-4.1473,0.1645,17.9387,359.9715
69.7,-20.5247,14.1579,-4.1472,0.1656,17.9371,359.9722
69.72,-20.5236,14.1582,-4.147,0.1651,17.9371,359.9723
69.74,-20.5236,14.158,-4.1468,0.1652,17.9364,359.9716
69.76,-20.5246,14.1577,-4.1468,0.1663,17.9336,359.9718
69.78,-20.5255,14.1576,-4.1464,0.1671,17.9328,359.9713
69.8,-20.5261,14.1578,-4.1468,0.1656,17.9317,359.9726
69.82,-20.5259,14.1577,-4.1471,0.1662,17.9324,359.973
69.84,-20.5261,14.1576,-4.1472,0.167,17.9327,359.9726
69.86,-20.5262,14.1579,-4.1471,0.1658,17.9345,359.9722
69.88,-20.5266,14.1577,-4.1471,0.1664,17.9344,359.9724
69.9,-20.5262,14.1579,-4.1475,0.1662,17.936,359.9714
69.92,-20.5262,14.1581,-4.1477,0.1645,17.935,359.9705
69.93999,-20.5262,14.1577,-4.1475,0.1662,17.9352,359.9714
69.96,-20.5265,14.1578,-4.1474,0.166,17.9347,359.9719
69.98,-20.5259,14.158,-4.147,0.1658,17.9348,359.9714
70,-20.5254,14.1578,-4.1468,0.1665,17.9338,359.9716
70.02,-20.5254,14.1578,-4.1468,0.1658,17.9323,359.9722
70.04,-20.525,14.1579,-4.1465,0.1654,17.9335,359.9725
70.06,-20.5254,14.1579,-4.1466,0.1652,17.932,359.9729
70.08,-20.5255,14.1581,-4.1469,0.1641,17.9316,359.9733
70.1,-20.5255,14.1582,-4.1471,0.1642,17.9321,359.9719
70.12,-20.5256,14.1579,-4.1473,0.1652,17.9338,359.9727
70.14,-20.526,14.158,-4.1477,0.1647,17.9339,359.9727
70.16,-20.526,14.1578,-4.1475,0.1652,17.9341,359.9731
70.18,-20.5256,14.1584,-4.1478,0.1635,17.9379,359.9709
70.2,-20.5258,14.1581,-4.148,0.1644,17.9361,359.9727
70.22,-20.5258,14.1584,-4.148,0.1633,17.9365,359.971
70.24,-20.526,14.1583,-4.1479,0.1634,17.9384,359.9729
70.26,-20.526,14.1584,-4.1482,0.1633,17.938,359.9729
70.28,-20.5256,14.1585,-4.1485,0.1625,17.9388,359.9724
70.3,-20.5254,14.1583,-4.1483,0.1629,17.9397,359.9735
70.32,-20.5252,14.158,-4.1483,0.1656,17.9428,359.9739
70.34,-20.5254,14.1582,-4.1488,0.1639,17.9431,359.9734
70.36,-20.5254,14.1587,-4.1492,0.1621,17.9431,359.9717
70.38,-20.5248,14.1585,-4.1485,0.1635,17.9464,359.9711
70.4,-20.5252,14.1584,-4.1487,0.1628,17.9458,359.9709
70.42,-20.5264,14.158,-4.1492,0.1635,17.9419,359.972
70.43999,-20.5255,14.1585,-4.1488,0.1631,17.9434,359.9701
70.46,-20.5257,14.1584,-4.1487,0.1626,17.9406,359.9711
70.48,-20.5253,14.1585,-4.1487,0.1624,17.9405,359.9701
70.5,-20.5254,14.1583,-4.1487,0.1632,17.9406,359.971
70.52,-20.5255,14.1578,-4.1485,0.1657,17.941,359.973
70.54,-20.5253,14.1582,-4.1486,0.1642,17.9413,359.9718
70.56,-20.5253,14.1583,-4.1487,0.1633,17.9405,359.9712
70.58,-20.5253,14.1583,-4.1487,0.1633,17.9412,359.9722
70.6,-20.5252,14.1583,-4.1486,0.1636,17.942,359.9712
70.62,-20.5252,14.1582,-4.1485,0.1634,17.9431,359.9722
70.64,-20.5251,14.1583,-4.1484,0.1632,17.9434,359.9723
70.66,-20.525,14.158,-4.1483,0.1642,17.9423,359.9729
70.68,-20.5251,14.1583,-4.1483,0.1633,17.9418,359.972
70.7,-20.5254,14.1582,-4.1481,0.1635,17.9415,359.9727
70.72,-20.5261,14.1581,-4.1483,0.164,17.9382,359.9742
70.74,-20.526,14.1583,-4.1484,0.1629,17.9382,359.973
70.76,-20.5258,14.1582,-4.1482,0.1635,17.9397,359.9727
70.78,-20.5261,14.1582,-4.1482,0.164,17.9366,359.9722
70.8,-20.5256,14.1581,-4.1479,0.1652,17.9394,359.972
70.82,-20.5259,14.1583,-4.148,0.164,17.9387,359.9719
70.84,-20.5262,14.1582,-4.1479,0.1641,17.9382,359.9723
70.86,-20.5261,14.1583,-4.1478,0.1636,17.938,359.9714
70.88,-20.5255,14.1582,-4.1475,0.1651,17.9352,359.9714
70.9,-20.5253,14.1582,-4.1475,0.1641,17.9335,359.9722
70.92,-20.5252,14.1582,-4.1473,0.1645,17.9342,359.9716
70.93999,-20.5258,14.1577,-4.147,0.1662,17.9336,359.9734
70.96,-20.5263,14.1578,-4.147,0.1659,17.9326,359.9727
70.98,-20.5259,14.1579,-4.1469,0.1654,17.932,359.9712
71,-20.5254,14.1576,-4.1465,0.1672,17.9344,359.9713
71.02,-20.5258,14.1577,-4.1469,0.1672,17.9317,359.9714
71.04,-20.5259,14.1577,-4.1469,0.1666,17.9324,359.9724
71.06,-20.5263,14.158,-4.1472,0.1646,17.9304,359.9715
71.08,-20.5261,14.1578,-4.1468,0.1659,17.9316,359.9708
71.1,-20.5258,14.1579,-4.1468,0.1657,17.9332,359.9697
71.12,-20.5259,14.1579,-4.1471,0.1659,17.9322,359.9698
71.14,-20.5262,14.1581,-4.1475,0.1646,17.9308,359.9707
71.16,-20.5258,14.1579,-4.1471,0.1651,17.9331,359.9712
71.18,-20.5263,14.1578,-4.147,0.1658,17.9324,359.9721
71.2,-20.5265,14.1578,-4.1471,0.1653,17.9308,359.9716
71.22,-20.5263,14.1577,-4.147,0.1662,17.9316,359.9724
71.24,-20.5265,14.1575,-4.1468,0.167,17.9318,359.9735
71.26,-20.5263,14.1578,-4.1468,0.1668,17.9334,359.972
71.28,-20.5257,14.1576,-4.1469,0.1671,17.9352,359.9722
71.3,-20.5259,14.1575,-4.147,0.1669,17.9333,359.9731
71.32,-20.5258,14.1578,-4.1469,0.1656,17.9339,359.9715
71.34,-20.5261,14.1579,-4.1469,0.1649,17.9347,359.9718
71.36,-20.5266,14.1577,-4.1471,0.1654,17.9347,359.9741
71.38,-20.5259,14.1579,-4.1472,0.1653,17.9356,359.9736
71.4,-20.5253,14.1583,-4.1473,0.1638,17.9359,359.9727
71.42,-20.5246,14.1584,-4.1473,0.1637,17.9405,359.9702
71.43999,-20.5252,14.1579,-4.1475,0.165,17.9389,359.9747
71.46,-20.5246,14.158,-4.1475,0.1649,17.9412,359.973
71.48,-20.5244,14.1581,-4.1476,0.1645,17.9417,359.9725
71.5,-20.5242,14.1579,-4.1477,0.1649,17.9424,359.9729
71.52,-20.5245,14.1582,-4.1479,0.164,17.9441,359.9725
71.54,-20.5248,14.1579,-4.148,0.1647,17.9437,359.9731
71.56,-20.5244,14.1581,-4.148,0.1644,17.9452,359.9723
71.58,-20.5245,14.1579,-4.1479,0.165,17.9452,359.9729
71.6,-20.5246,14.1579,-4.1481,0.1648,17.9465,359.9731
71.62,-20.5249,14.1584,-4.1486,0.1634,17.947,359.9724
71.64,-20.5251,14.1582,-4.1487,0.1638,17.9467,359.9727
71.66,-20.5247,14.1581,-4.1486,0.1641,17.9475,359.9726
71.68,-20.5243,14.1578,-4.1484,0.1653,17.9482,359.9724
71.7,-20.5244,14.158,-4.1484,0.1648,17.9468,359.9724
71.72,-20.5241,14.1581,-4.1481,0.1647,17.9481,359.9711
71.74,-20.5244,14.1581,-4.1482,0.1645,17.9472,359.9706
71.76,-20.5247,14.1581,-4.1483,0.1643,17.9452,359.9715
71.78,-20.5248,14.1582,-4.1483,0.1634,17.9458,359.9717
71.8,-20.5257,14.1579,-4.1484,0.1645,17.9433,359.9725
71.82,-20.5258,14.1579,-4.1485,0.1639,17.943,359.9728
71.84,-20.5258,14.1578,-4.1485,0.1647,17.9429,359.9748
71.86,-20.5254,14.1581,-4.1485,0.1634,17.9447,359.9727
71.88,-20.5251,14.158,-4.1484,0.1641,17.9449,359.9726
71.9,-20.5248,14.1582,-4.1483,0.1642,17.9444,359.9729
71.92,-20.5241,14.1582,-4.1479,0.1643,17.946,359.9719
71.93999,-20.5244,14.1581,-4.1481,0.1645,17.9444,359.9727
71.96,-20.525,14.1576,-4.148,0.1658,17.9425,359.9755
71.98,-20.525,14.1579,-4.1479,0.1651,17.9424,359.9739
72,-20.5252,14.1579,-4.1478,0.1653,17.9411,359.9742
72.02,-20.5253,14.158,-4.1478,0.1651,17.9405,359.973
72.04,-20.5252,14.1578,-4.1477,0.1658,17.9409,359.9745
72.06,-20.5254,14.158,-4.1477,0.1648,17.9396,359.9736
72.08,-20.5252,14.1577,-4.1471,0.167,17.9376,359.9742
72.1,-20.5251,14.1571,-4.1468,0.1686,17.9373,359.976
72.12,-20.525,14.1579,-4.1471,0.166,17.9356,359.973
72.14,-20.5251,14.1578,-4.1469,0.166,17.9349,359.9739
72.16,-20.5253,14.1576,-4.1467,0.1667,17.9346,359.9751
72.18,-20.5261,14.1574,-4.1467,0.1672,17.9298,359.9734
72.2,-20.5259,14.1574,-4.1467,0.1666,17.9298,359.9739
72.22,-20.5259,14.1577,-4.1467,0.1657,17.9298,359.9724
72.24,-20.5257,14.1578,-4.1467,0.1658,17.9311,359.9709
72.26,-20.5258,14.1578,-4.1468,0.1656,17.9307,359.9713
72.28,-20.5259,14.1578,-4.1469,0.166,17.9308,359.9719
72.3,-20.526,14.1576,-4.1469,0.1666,17.9309,359.9726
72.32,-20.5258,14.1576,-4.1468,0.1668,17.9318,359.9718
72.34,-20.5261,14.1576,-4.1469,0.1661,17.9308,359.9727
72.36,-20.5264,14.1575,-4.1469,0.1669,17.9308,359.9721
72.38,-20.526,14.1577,-4.1467,0.1667,17.932,359.9712
72.4,-20.5261,14.1576,-4.1468,0.1664,17.9317,359.9723
72.42,-20.5263,14.1577,-4.147,0.1661,17.931,359.9721
72.43999,-20.5263,14.1576,-4.1469,0.1666,17.9317,359.9721
72.46,-20.5267,14.1577,-4.147,0.1663,17.9312,359.9719
72.48,-20.5264,14.1576,-4.1469,0.1665,17.9327,359.9733
72.5,-20.5265,14.158,-4.1472,0.1648,17.9309,359.9718
72.52,-20.5263,14.1578,-4.147,0.1652,17.9338,359.9717
72.54,-20.5261,14.1578,-4.147,0.1658,17.9355,359.9726
72.56,-20.5257,14.1576,-4.1469,0.1659,17.937,359.9738
72.58,-20.5249,14.1577,-4.1469,0.1658,17.9387,359.9729
72.6,-20.5254,14.1578,-4.1473,0.1656,17.9368,359.9735
72.62,-20.5255,14.1579,-4.1472,0.1653,17.9397,359.9731
72.64,-20.5259,14.1577,-4.1473,0.1656,17.9392,359.9746
72.66,-20.5263,14.1579,-4.1477,0.1651,17.9362,359.973
72.68,-20.5254,14.1578,-4.1476,0.1649,17.9388,359.9743
72.7,-20.5253,14.1579,-4.1476,0.1656,17.9423,359.9736
72.72,-20.5258,14.1579,-4.148,0.1638,17.9419,359.9738
72.74,-20.526,14.158,-4.1483,0.1637,17.9425,359.9749
72.76,-20.5255,14.158,-4.1482,0.1638,17.9439,359.9739
72.78,-20.5249,14.1577,-4.148,0.1658,17.9457,359.9746
72.8,-20.525,14.158,-4.1485,0.1637,17.9467,359.9735
72.82,-20.5249,14.1582,-4.1484,0.1643,17.9491,359.971
72.84,-20.5254,14.1579,-4.1486,0.1651,17.9476,359.9743
72.86,-20.5254,14.1578,-4.1486,0.1648,17.9475,359.9749
72.88,-20.5252,14.1579,-4.1486,0.1641,17.9477,359.9739
72.9,-20.5254,14.158,-4.1486,0.1636,17.9469,359.9724
72.92,-20.5257,14.1581,-4.1486,0.1631,17.946,359.9723
72.93999,-20.5257,14.1583,-4.1486,0.1619,17.9458,359.9714
72.96,-20.5256,14.158,-4.1485,0.1642,17.9451,359.9717
72.98,-20.5256,14.158,-4.1484,0.1639,17.9437,359.9712
73,-20.5257,14.1578,-4.1484,0.1648,17.9435,359.9723
73.02,-20.5261,14.1579,-4.1486,0.1636,17.9424,359.9738
73.04,-20.5259,14.158,-4.1486,0.1636,17.942,359.9722
73.06,-20.5259,14.1581,-4.1486,0.1632,17.941,359.9724
73.08,-20.5258,14.1581,-4.1484,0.1638,17.9417,359.9729
73.1,-20.5256,14.1579,-4.1483,0.1644,17.9428,359.9736
73.12,-20.5257,14.1579,-4.1484,0.1635,17.9419,359.9742
73.14,-20.5255,14.1578,-4.1482,0.1649,17.943,359.9751
73.16,-20.5255,14.1579,-4.1481,0.1647,17.9421,359.9737
73.18,-20.5252,14.1576,-4.1475,0.1655,17.9406,359.9745
73.2,-20.5258,14.158,-4.1478,0.1637,17.9358,359.9741
73.22,-20.5259,14.158,-4.1478,0.1637,17.9362,359.9732
73.24,-20.5262,14.1579,-4.1478,0.164,17.9365,359.9736
73.26,-20.5262,14.1581,-4.1476,0.164,17.938,359.9732
73.28,-20.5261,14.158,-4.1475,0.1645,17.9362,359.9724
73.3,-20.5261,14.1578,-4.1475,0.1658,17.9337,359.9739
73.32,-20.5261,14.1577,-4.1473,0.166,17.9346,359.9733
73.34,-20.5265,14.1576,-4.1472,0.1669,17.9323,359.9738
73.36,-20.5265,14.1577,-4.1471,0.1662,17.9322,359.9734
73.38,-20.5266,14.1578,-4.1473,0.1649,17.9292,359.9734
73.4,-20.526,14.1577,-4.147,0.1658,17.9298,359.9728
73.42,-20.5261,14.1577,-4.1469,0.166,17.9291,359.9725
73.43999,-20.5263,14.1572,-4.1466,0.1692,17.9279,359.9737
73.46,-20.5263,14.1572,-4.1463,0.1688,17.9297,359.9736
73.48,-20.5265,14.1575,-4.1465,0.1671,17.9281,359.9729
73.5,-20.5263,14.1577,-4.1473,0.1655,17.9311,359.9717
73.52,-20.5266,14.1579,-4.1474,0.1652,17.929,359.9714
73.54,-20.5262,14.1577,-4.1469,0.1655,17.9311,359.9721
73.56,-20.5263,14.1576,-4.1468,0.1665,17.9321,359.9717
73.58,-20.5267,14.158,-4.1478,0.1651,17.9299,359.972
73.6,-20.5268,14.1579,-4.1476,0.1647,17.9301,359.9728
73.62,-20.5269,14.1578,-4.1472,0.1649,17.9301,359.9726
73.64,-20.5266,14.1576,-4.1469,0.1652,17.9323,359.9738
73.66,-20.5266,14.1576,-4.147,0.1665,17.9321,359.9724
73.68,-20.5266,14.1578,-4.1473,0.1652,17.9317,359.9734
73.7,-20.526,14.1578,-4.147,0.1655,17.9323,359.972
73.72,-20.5264,14.1578,-4.1472,0.1645,17.93,359.9733
73.74,-20.526,14.1579,-4.1473,0.1644,17.9327,359.9723
73.76,-20.5257,14.1579,-4.1473,0.1655,17.9339,359.9712
73.78,-20.5258,14.1578,-4.1472,0.1651,17.9326,359.9731
73.8,-20.5257,14.158,-4.1472,0.1643,17.9325,359.9727
73.82,-20.5256,14.158,-4.1473,0.1643,17.9343,359.9727
73.84,-20.5261,14.1584,-4.1481,0.1623,17.9337,359.9723
73.86,-20.5259,14.1586,-4.1483,0.1614,17.9331,359.9713
73.88,-20.5247,14.1578,-4.1472,0.1661,17.9397,359.974
73.9,-20.5249,14.158,-4.1477,0.165,17.938,359.9719
73.92,-20.5252,14.1581,-4.1483,0.1629,17.9352,359.9728
73.93999,-20.525,14.1581,-4.1479,0.1635,17.9353,359.9724
73.96,-20.5248,14.1582,-4.1476,0.1639,17.9362,359.972
73.98,-20.5251,14.1581,-4.1479,0.164,17.9335,359.9725
74,-20.5251,14.158,-4.1482,0.1637,17.9329,359.9732
74.02,-20.5247,14.1582,-4.1481,0.1633,17.9355,359.9733
74.04,-20.524,14.1584,-4.1481,0.1625,17.9478,359.9728
74.06,-20.524,14.1582,-4.1489,0.1629,17.9485,359.976
74.08,-20.5234,14.1587,-4.1494,0.1604,17.9499,359.9725
74.1,-20.522,14.1585,-4.1489,0.162,17.9478,359.9691
74.12,-20.5223,14.1583,-4.1483,0.1633,17.9465,359.9703
74.14,-20.5233,14.1582,-4.1483,0.1637,17.9421,359.9707
74.16,-20.5242,14.1588,-4.1486,0.1621,17.9417,359.9691
74.18,-20.5254,14.158,-4.1487,0.1637,17.9387,359.9729
74.2,-20.5255,14.1582,-4.1485,0.1635,17.9396,359.9713
74.22,-20.5265,14.158,-4.1489,0.1634,17.9401,359.9718
74.24,-20.5261,14.1585,-4.149,0.1627,17.9427,359.9706
74.26,-20.5257,14.1586,-4.1491,0.1617,17.9432,359.972
74.28,-20.5251,14.1582,-4.1488,0.1627,17.944,359.9722
74.3,-20.5246,14.158,-4.1486,0.1642,17.944,359.9722
74.32,-20.5244,14.1583,-4.1486,0.1638,17.9453,359.9709
74.34,-20.5248,14.1581,-4.1485,0.1637,17.9444,359.9723
74.36,-20.5249,14.158,-4.1484,0.1644,17.9429,359.9734
74.38,-20.5244,14.158,-4.1486,0.1636,17.945,359.9748
74.4,-20.5241,14.1582,-4.1488,0.1625,17.9448,359.9733
74.42,-20.5239,14.158,-4.1484,0.1639,17.9447,359.9735
74.43999,-20.5241,14.158,-4.1481,0.1639,17.9438,359.9731
74.46,-20.5237,14.158,-4.1477,0.1645,17.9443,359.9728
74.48,-20.5248,14.1579,-4.1485,0.1654,17.9376,359.9731
74.5,-20.5252,14.1579,-4.1482,0.1643,17.9387,359.9734
74.52,-20.5255,14.1576,-4.1477,0.1662,17.9378,359.9747
74.54,-20.5249,14.1581,-4.1474,0.1644,17.9398,359.9727
74.56,-20.5244,14.1582,-4.1477,0.1639,17.9382,359.9728
74.58,-20.5231,14.1582,-4.1476,0.1637,17.9374,359.9721
74.6,-20.5238,14.1579,-4.1469,0.165,17.9367,359.9727
74.62,-20.5242,14.1578,-4.1466,0.166,17.9371,359.9728
74.64,-20.5243,14.1578,-4.1467,0.1662,17.9353,359.9725
74.66,-20.5238,14.1578,-4.1468,0.1669,17.9337,359.9714
74.68,-20.5238,14.1576,-4.1464,0.1671,17.9327,359.9716
74.7,-20.5247,14.1577,-4.1466,0.1656,17.932,359.9711
74.72,-20.5252,14.1578,-4.1467,0.1658,17.9315,359.9714
74.74,-20.5248,14.1577,-4.1466,0.1666,17.9315,359.9717
74.76,-20.5246,14.1577,-4.1465,0.1674,17.9311,359.9715
74.78,-20.5252,14.1575,-4.1466,0.1674,17.9278,359.9716
74.8,-20.5251,14.1579,-4.1467,0.1654,17.9304,359.9688
74.82,-20.5249,14.1578,-4.1467,0.1665,17.9312,359.9697
74.84,-20.5246,14.1578,-4.1468,0.1662,17.9312,359.9705
74.86,-20.5241,14.1577,-4.1468,0.1661,17.9311,359.9708
74.88,-20.5238,14.1577,-4.1466,0.1669,17.9328,359.9708
74.9,-20.5243,14.158,-4.1468,0.1657,17.9328,359.9703
74.92,-20.5241,14.1579,-4.1467,0.1653,17.9338,359.9713
74.93999,-20.5241,14.1578,-4.1468,0.1656,17.9322,359.9718
74.96,-20.5242,14.1577,-4.1467,0.1665,17.932,359.9724
74.98,-20.5255,14.1577,-4.147,0.1653,17.9317,359.9743
75,-20.5245,14.158,-4.1468,0.1654,17.9351,359.9713
75.02,-20.5242,14.1575,-4.1469,0.1675,17.9345,359.9726
75.04,-20.524,14.1576,-4.1471,0.1667,17.9333,359.9735
75.06,-20.5238,14.1581,-4.1471,0.165,17.9362,359.9714
75.08,-20.5249,14.1581,-4.1473,0.1653,17.9362,359.9726
75.1,-20.525,14.1581,-4.1476,0.1646,17.9373,359.9732
75.12,-20.5248,14.158,-4.1479,0.1646,17.9384,359.9734
75.14,-20.5246,14.1581,-4.1484,0.1631,17.9392,359.973
75.16,-20.5244,14.158,-4.1483,0.164,17.9401,359.9726
75.18,-20.5231,14.1579,-4.148,0.1655,17.9489,359.9742
75.2,-20.5229,14.1584,-4.1488,0.1624,17.9506,359.972
75.22,-20.5227,14.1582,-4.1491,0.1632,17.9505,359.9724
75.24,-20.5219,14.1584,-4.1488,0.163,17.9543,359.9713
75.25999,-20.5218,14.1586,-4.1488,0.162,17.9528,359.9695
75.28,-20.5227,14.1579,-4.1486,0.1654,17.945,359.9721
75.3,-20.5231,14.1584,-4.1486,0.1627,17.9472,359.971
75.32,-20.5236,14.1583,-4.1487,0.1634,17.9478,359.9711
75.34,-20.5236,14.1583,-4.1489,0.1633,17.9499,359.9706
75.36,-20.5238,14.1583,-4.1492,0.1633,17.9495,359.9713
75.38,-20.5236,14.1584,-4.1494,0.1629,17.9487,359.9708
75.4,-20.5233,14.1584,-4.1491,0.1631,17.9483,359.97
75.42,-20.5234,14.1584,-4.149,0.1636,17.9481,359.9701
75.43999,-20.5234,14.1583,-4.1488,0.1633,17.9477,359.9708
75.46,-20.523,14.1582,-4.1487,0.1637,17.9481,359.9709
75.48,-20.5234,14.1583,-4.1489,0.1619,17.9463,359.9727
75.5,-20.5235,14.1584,-4.1488,0.1628,17.9467,359.9714
75.52,-20.5237,14.1582,-4.1487,0.1632,17.9475,359.9724
75.54,-20.5238,14.1582,-4.1489,0.1631,17.9462,359.9726
75.56,-20.5232,14.1585,-4.149,0.1618,17.9467,359.9708
75.58,-20.5229,14.1582,-4.1486,0.1641,17.9495,359.9725
75.6,-20.5232,14.1584,-4.1487,0.1629,17.9484,359.9716
75.62,-20.5234,14.1584,-4.1487,0.1629,17.9486,359.9717
75.64,-20.5233,14.1583,-4.1486,0.1632,17.9479,359.9724
75.66,-20.5234,14.1581,-4.1486,0.1645,17.9469,359.9727
75.68,-20.5236,14.1585,-4.1487,0.1627,17.9457,359.971
75.7,-20.5238,14.1584,-4.1486,0.1631,17.9458,359.9714
75.72,-20.5239,14.1581,-4.1483,0.1634,17.9451,359.9727
75.74,-20.5236,14.158,-4.148,0.1642,17.9443,359.9733
75.75999,-20.5235,14.1579,-4.1479,0.1645,17.9428,359.9725
75.78,-20.5237,14.1578,-4.1475,0.1653,17.9409,359.9723
75.8,-20.5241,14.1581,-4.1474,0.1648,17.939,359.9704
75.82,-20.524,14.158,-4.1473,0.1655,17.9397,359.9706
75.84,-20.524,14.158,-4.1474,0.1648,17.9382,359.9716
75.86,-20.5242,14.158,-4.1474,0.1645,17.9351,359.9705
75.88,-20.5247,14.1579,-4.147,0.1653,17.935,359.9703
75.9,-20.5246,14.158,-4.1469,0.1652,17.9339,359.9698
75.92,-20.5242,14.1581,-4.147,0.1639,17.934,359.9696
75.93999,-20.524,14.1578,-4.147,0.1656,17.9341,359.9706
75.96,-20.524,14.1578,-4.1471,0.1652,17.9352,359.9706
75.98,-20.5252,14.1574,-4.1473,0.1664,17.9348,359.9717
76,-20.5246,14.1579,-4.1473,0.1655,17.9361,359.9705
76.02,-20.5242,14.158,-4.1473,0.1651,17.9366,359.9702
76.04,-20.5242,14.1578,-4.1474,0.1646,17.936,359.9713
76.06,-20.524,14.1576,-4.1473,0.1665,17.9376,359.9718
76.08,-20.5251,14.1581,-4.1476,0.1646,17.9367,359.9712
76.1,-20.525,14.158,-4.1474,0.1653,17.9366,359.9704
76.12,-20.5247,14.1579,-4.1472,0.1658,17.9362,359.9706
76.14,-20.5243,14.1578,-4.1472,0.1665,17.9375,359.9709
76.16,-20.5244,14.1577,-4.1472,0.1663,17.9378,359.9716
76.18,-20.5245,14.1578,-4.1471,0.1657,17.9367,359.9709
76.2,-20.5239,14.1578,-4.1467,0.1667,17.9372,359.9716
76.22,-20.5231,14.1583,-4.1468,0.1649,17.9373,359.9715
76.24,-20.5227,14.1583,-4.147,0.1653,17.9397,359.9718
76.25999,-20.5232,14.1582,-4.1474,0.1648,17.9402,359.9734
76.28,-20.523,14.1581,-4.1473,0.1646,17.9413,359.9738
76.3,-20.5221,14.1581,-4.1474,0.1647,17.9436,359.9734
76.32,-20.522,14.158,-4.1477,0.1655,17.9474,359.9736
76.34,-20.5226,14.1582,-4.1482,0.1636,17.9445,359.9722
76.36,-20.5231,14.1582,-4.148,0.1626,17.9445,359.9716
76.38,-20.523,14.1577,-4.1477,0.1663,17.9515,359.9748
76.4,-20.5228,14.1585,-4.1488,0.1635,17.9528,359.9712
76.42,-20.5233,14.1585,-4.1496,0.1623,17.9518,359.9715
76.43999,-20.5229,14.1584,-4.1492,0.162,17.9551,359.9719
76.46,-20.5225,14.1582,-4.1485,0.1636,17.9557,359.9714
76.48,-20.5216,14.1586,-4.1492,0.1628,17.9548,359.9701
76.5,-20.5214,14.1589,-4.1493,0.1623,17.9559,359.9687
76.52,-20.5214,14.1586,-4.1491,0.1631,17.9565,359.9692
76.54,-20.5219,14.1584,-4.149,0.1631,17.9554,359.9705
76.56,-20.5223,14.1582,-4.149,0.1635,17.952,359.9712
76.58,-20.5219,14.1586,-4.1492,0.1629,17.9531,359.9678
76.6,-20.5223,14.1587,-4.1492,0.1617,17.9517,359.9679
76.62,-20.5224,14.1583,-4.1488,0.1639,17.9521,359.9689
76.64,-20.5224,14.1581,-4.1485,0.1647,17.9522,359.9697
76.66,-20.5224,14.1583,-4.1488,0.1638,17.9518,359.97
76.68,-20.5222,14.1583,-4.1491,0.163,17.9506,359.9698
76.7,-20.5223,14.1582,-4.1488,0.163,17.9488,359.9706
76.72,-20.5223,14.1581,-4.1485,0.164,17.9496,359.9716
76.74,-20.5225,14.1582,-4.1487,0.1643,17.9488,359.9716
76.75999,-20.5226,14.1582,-4.1492,0.1636,17.9492,359.9717
76.78,-20.5222,14.1582,-4.1491,0.1635,17.9504,359.9709
76.8,-20.5222,14.1582,-4.1486,0.1636,17.9504,359.971
76.82,-20.5228,14.1582,-4.1485,0.1639,17.9474,359.9722
76.84,-20.5229,14.1579,-4.1483,0.1652,17.9474,359.9724
76.86,-20.5229,14.1582,-4.1485,0.1634,17.9461,359.9716
76.88,-20.5224,14.1583,-4.148,0.1644,17.9458,359.9707
76.9,-20.5228,14.1584,-4.1481,0.1628,17.9446,359.9705
76.92,-20.5232,14.1585,-4.1481,0.163,17.9449,359.9707
76.93999,-20.5239,14.1578,-4.1481,0.1641,17.9436,359.9734
76.96,-20.5236,14.1582,-4.1481,0.1637,17.9419,359.9719
76.98,-20.5228,14.1582,-4.1478,0.164,17.9411,359.9722
77,-20.5227,14.1582,-4.1477,0.164,17.9405,359.9713
77.02,-20.5229,14.1581,-4.1477,0.1641,17.9401,359.9716
77.04,-20.523,14.158,-4.1474,0.1642,17.9413,359.9713
77.06,-20.5226,14.1581,-4.1472,0.1646,17.941,359.97
77.08,-20.5215,14.1579,-4.1467,0.165,17.9416,359.97
77.1,-20.5228,14.1578,-4.1471,0.1662,17.9351,359.9698
77.12,-20.5239,14.1578,-4.1472,0.1652,17.9352,359.9718
77.14,-20.5243,14.1581,-4.1472,0.1652,17.9368,359.9703
77.16,-20.5248,14.1582,-4.1473,0.1636,17.9367,359.9706
77.18,-20.5247,14.1579,-4.1474,0.1658,17.936,359.9697
77.2,-20.5247,14.1578,-4.1475,0.1654,17.9367,359.971
77.22,-20.5248,14.1579,-4.1475,0.1658,17.9365,359.9703
77.24,-20.525,14.1578,-4.1475,0.1659,17.9365,359.9713
77.25999,-20.525,14.1577,-4.1476,0.1656,17.9358,359.9714
77.28,-20.5244,14.158,-4.1477,0.1653,17.9367,359.9702
77.3,-20.5246,14.1578,-4.1476,0.1657,17.9366,359.9709
77.32,-20.5248,14.1577,-4.1476,0.1652,17.9367,359.9723
77.34,-20.5246,14.1577,-4.1474,0.1658,17.9377,359.9721
77.36,-20.5242,14.1577,-4.1473,0.1657,17.9393,359.972
77.38,-20.5238,14.1582,-4.1475,0.164,17.9395,359.9705
77.4,-20.5236,14.1578,-4.1471,0.1655,17.9398,359.9707
77.42,-20.5237,14.1579,-4.1472,0.1653,17.9394,359.971
77.43999,-20.5237,14.1578,-4.1473,0.1653,17.9381,359.9718
77.46,-20.5237,14.1579,-4.1475,0.1645,17.9383,359.972
77.48,-20.5238,14.1579,-4.1473,0.1649,17.9403,359.9728
77.5,-20.5238,14.1582,-4.1474,0.1634,17.9394,359.9725
77.52,-20.5233,14.1581,-4.1475,0.1643,17.9415,359.9721
77.54,-20.5229,14.1586,-4.1482,0.1623,17.9417,359.9718
77.56,-20.5226,14.1582,-4.1483,0.1638,17.942,359.9717
77.58,-20.523,14.1581,-4.148,0.1639,17.942,359.9722
