time,pos_x,pos_y,pos_z,rot_x,rot_y,rot_z
13.88,-26.5748,18.5455,-5.5168,-0.0015,2.904,5.6863
13.9,-26.5749,18.5458,-5.5169,-0.0035,2.9048,5.6861
13.92,-26.5749,18.5459,-5.517,-0.0042,2.9046,5.6855
13.94,-26.5746,18.5458,-5.5168,-0.0029,2.9062,5.6857
13.96,-26.5748,18.5455,-5.5168,-0.0017,2.9046,5.6868
13.98,-26.5749,18.5457,-5.5169,-0.0024,2.9041,5.6855
14,-26.5749,18.5457,-5.5169,-0.0025,2.9044,5.6856
14.02,-26.575,18.5457,-5.5169,-0.0028,2.9033,5.6855
14.04,-26.5748,18.5454,-5.5168,-0.0011,2.904,5.6865
14.06,-26.5749,18.5454,-5.5168,-0.0008,2.9035,5.6869
14.08,-26.5748,18.5455,-5.5168,-0.0013,2.9043,5.6863
14.1,-26.5746,18.5457,-5.5168,-0.002,2.9054,5.6855
14.12,-26.5746,18.5457,-5.5168,-0.0024,2.9054,5.6859
14.14,-26.5748,18.5457,-5.5169,-0.0023,2.9037,5.6862
14.16,-26.5747,18.5456,-5.5168,-0.0016,2.9053,5.6867
14.18,-26.5743,18.5454,-5.5166,-0.0008,2.9051,5.6871
14.2,-26.5745,18.5456,-5.5169,-0.0021,2.9044,5.6867
14.22,-26.5744,18.5454,-5.5168,-0.0013,2.9047,5.6869
14.24,-26.5744,18.5456,-5.5169,-0.0021,2.9048,5.6866
14.26,-26.5745,18.5454,-5.5168,-0.0009,2.9045,5.6874
14.28,-26.5742,18.5456,-5.5168,-0.0021,2.9059,5.6861
14.3,-26.5743,18.5458,-5.517,-0.0028,2.9043,5.6862
14.32,-26.5744,18.5456,-5.517,-0.0019,2.904,5.6871
14.34,-26.5743,18.5457,-5.517,-0.0027,2.905,5.6865
14.36,-26.5741,18.5457,-5.5169,-0.003,2.9062,5.6866
14.38,-26.5742,18.5456,-5.5169,-0.0015,2.9056,5.686
14.4,-26.5743,18.5456,-5.5169,-0.0023,2.9047,5.6865
14.42,-26.5744,18.5456,-5.5169,-0.0025,2.9048,5.6865
14.44,-26.5745,18.5458,-5.5171,-0.003,2.9038,5.6863
14.46,-26.5743,18.5459,-5.517,-0.0034,2.9047,5.6851
14.48,-26.5745,18.546,-5.5171,-0.0034,2.9038,5.685
14.5,-26.5741,18.5455,-5.5169,-0.0015,2.9041,5.6864
14.52,-26.573,18.5458,-5.5167,-0.0024,2.9059,5.6859
14.54,-26.5727,18.5455,-5.5166,-0.0013,2.9066,5.6866
14.56,-26.5736,18.5462,-5.5172,-0.0041,2.9048,5.686
14.58,-26.5738,18.5459,-5.517,-0.0036,2.9068,5.6863
14.6,-26.5735,18.5459,-5.5169,-0.0028,2.9074,5.685
14.62,-26.5732,18.5458,-5.5169,-0.0029,2.9069,5.6855
14.64,-26.573,18.5456,-5.517,-0.0018,2.907,5.6864
14.66,-26.5733,18.5458,-5.517,-0.0026,2.9063,5.6857
14.68,-26.5733,18.546,-5.5169,-0.0032,2.9096,5.6844
14.7,-26.5733,18.5459,-5.517,-0.0026,2.9093,5.6853
14.72,-26.5731,18.5459,-5.517,-0.0029,2.9096,5.6852
14.74,-26.5733,18.5459,-5.517,-0.0029,2.9088,5.6846
14.76,-26.5738,18.5457,-5.517,-0.0021,2.9083,5.6853
14.78,-26.5743,18.5457,-5.517,-0.0021,2.9098,5.6851
14.8,-26.5749,18.5457,-5.5173,-0.0024,2.9076,5.6862
14.82,-26.5747,18.5458,-5.5172,-0.003,2.9078,5.6857
14.84,-26.5747,18.5459,-5.5172,-0.0039,2.9083,5.6855
14.86,-26.5745,18.5459,-5.5173,-0.0036,2.9087,5.6842
14.88,-26.5747,18.5457,-5.5173,-0.0022,2.9095,5.6845
14.9,-26.5748,18.5455,-5.5172,-0.0013,2.91,5.6858
14.92,-26.575,18.5455,-5.5173,-0.0016,2.9095,5.6864
14.94,-26.575,18.5462,-5.5177,-0.0045,2.9088,5.6852
14.96,-26.5752,18.5457,-5.5176,-0.0027,2.9074,5.6848
14.98,-26.5748,18.5456,-5.5172,-0.0021,2.9082,5.6858
15,-26.5747,18.5454,-5.517,-0.001,2.9074,5.6865
15.02,-26.5742,18.5456,-5.5169,-0.0017,2.9073,5.6864
15.04,-26.5738,18.5449,-5.5166,0.0005,2.9072,5.6866
15.06,-26.5737,18.5459,-5.5168,-0.0024,2.9069,5.6852
15.08,-26.5739,18.5455,-5.5166,-0.0012,2.9053,5.6863
15.1,-26.5727,18.5458,-5.5164,-0.0021,2.9064,5.6852
15.12,-26.5723,18.5458,-5.5165,-0.003,2.9059,5.6849
15.14,-26.5718,18.5461,-5.5164,-0.0036,2.9069,5.6853
15.16,-26.571,18.5458,-5.5158,-0.0025,2.9089,5.6853
15.18,-26.5704,18.5454,-5.5158,-0.001,2.9092,5.6851
15.2,-26.5699,18.5459,-5.516,-0.0022,2.9089,5.6852
15.22,-26.5695,18.546,-5.5159,-0.0025,2.9098,5.6853
15.24,-26.5698,18.5456,-5.5158,-0.0007,2.9093,5.6859
15.26,-26.5699,18.5457,-5.5157,-0.0013,2.9095,5.6853
15.28,-26.5703,18.5455,-5.5159,-0.0009,2.9076,5.6869
15.3,-26.5703,18.5458,-5.5159,-0.0023,2.9083,5.6858
15.32,-26.5704,18.5459,-5.5158,-0.0027,2.9096,5.6854
15.34,-26.5711,18.5458,-5.516,-0.0027,2.9089,5.6862
15.36,-26.5719,18.5459,-5.5163,-0.0027,2.9072,5.6863
15.38,-26.572,18.546,-5.5166,-0.0029,2.9079,5.6858
15.4,-26.5719,18.546,-5.5162,-0.0018,2.9116,5.6851
15.42,-26.5723,18.5459,-5.5164,-0.003,2.91,5.6864
15.44,-26.5727,18.5457,-5.5166,-0.0016,2.9093,5.6865
15.46,-26.5725,18.5456,-5.5166,-0.0017,2.9102,5.6866
15.48,-26.5726,18.5454,-5.5168,-0.0006,2.9106,5.6863
15.5,-26.5734,18.5456,-5.517,-0.0021,2.9103,5.6862
15.52,-26.5738,18.5457,-5.5172,-0.0021,2.9107,5.6862
15.54,-26.5739,18.5456,-5.5172,-0.0019,2.9106,5.6863
15.56,-26.5743,18.5458,-5.5175,-0.0026,2.91,5.6857
15.58,-26.5761,18.5456,-5.5177,-0.0017,2.9083,5.6859
15.6,-26.5762,18.5455,-5.5176,-0.0016,2.9102,5.6862
15.62,-26.576,18.5455,-5.5178,-0.0013,2.9105,5.6862
15.64,-26.5754,18.5459,-5.518,-0.0036,2.9112,5.6856
15.66,-26.5753,18.5456,-5.5179,-0.0024,2.9124,5.685
15.68,-26.5762,18.5456,-5.518,-0.003,2.9119,5.6864
15.7,-26.5757,18.5457,-5.5179,-0.0032,2.9138,5.6864
15.72,-26.575,18.5455,-5.5179,-0.0023,2.913,5.6868
15.74,-26.5745,18.5457,-5.518,-0.0028,2.9129,5.6864
15.76,-26.5748,18.5459,-5.5181,-0.004,2.9125,5.6868
15.78,-26.575,18.5457,-5.5178,-0.0028,2.9125,5.6865
15.8,-26.5745,18.5459,-5.5177,-0.0033,2.9128,5.6851
15.82,-26.5738,18.5459,-5.5176,-0.0033,2.913,5.6848
15.84,-26.5739,18.5459,-5.5177,-0.0036,2.9118,5.6858
15.86,-26.5738,18.546,-5.5174,-0.0043,2.9126,5.6859
15.88,-26.5735,18.5456,-5.5172,-0.0024,2.9116,5.6867
15.9,-26.5732,18.546,-5.5173,-0.004,2.9106,5.6863
15.92,-26.5735,18.5459,-5.5173,-0.0031,2.907,5.6854
15.94,-26.5738,18.5457,-5.5172,-0.002,2.9064,5.6861
15.96,-26.5737,18.5457,-5.5169,-0.0018,2.9067,5.6867
15.98,-26.5732,18.5457,-5.5167,-0.0024,2.9056,5.6863
16,-26.5732,18.5458,-5.5167,-0.003,2.9047,5.6862
16.02,-26.5726,18.5455,-5.5163,-0.0016,2.906,5.6865
16.04,-26.5724,18.5457,-5.5163,-0.0021,2.9051,5.6873
16.06,-26.5711,18.5455,-5.516,-0.0014,2.9065,5.6861
16.08,-26.5703,18.5455,-5.5159,-0.0017,2.907,5.6868
16.1,-26.5698,18.546,-5.5159,-0.0022,2.9083,5.6855
16.12,-26.5697,18.5459,-5.5159,-0.0021,2.909,5.6855
16.14,-26.5697,18.5459,-5.516,-0.0028,2.9079,5.6862
16.16,-26.5695,18.5456,-5.5159,-0.0012,2.9083,5.6866
16.18,-26.5694,18.5459,-5.5159,-0.0029,2.91,5.6858
16.2,-26.5698,18.5457,-5.5159,-0.0021,2.9096,5.6866
16.22,-26.5702,18.5451,-5.5159,-0.0007,2.9088,5.6875
16.24,-26.5704,18.5455,-5.5161,-0.0014,2.9085,5.6874
16.26,-26.571,18.5458,-5.5163,-0.0027,2.9073,5.6872
16.28,-26.5715,18.5457,-5.5164,-0.0026,2.9083,5.6866
16.3,-26.5717,18.546,-5.5165,-0.0035,2.9077,5.6862
16.32,-26.5719,18.5459,-5.5166,-0.0034,2.9074,5.6863
16.34,-26.5723,18.5457,-5.5166,-0.003,2.9075,5.6867
16.36,-26.5719,18.5459,-5.5164,-0.003,2.9114,5.6856
16.38,-26.5721,18.5459,-5.5165,-0.0024,2.9113,5.6854
16.4,-26.572,18.5457,-5.5166,-0.0017,2.9114,5.6857
16.42,-26.5721,18.5458,-5.5167,-0.0022,2.9117,5.6859
16.44,-26.5724,18.5458,-5.5168,-0.0028,2.9111,5.6861
16.46,-26.5725,18.546,-5.517,-0.0037,2.9117,5.686
16.48,-26.5732,18.5459,-5.517,-0.0025,2.9121,5.6857
16.5,-26.5733,18.546,-5.5171,-0.0027,2.9136,5.6855
16.52,-26.574,18.5461,-5.5175,-0.0038,2.911,5.6858
16.54,-26.5738,18.546,-5.5175,-0.0033,2.9119,5.6858
16.56,-26.5738,18.5458,-5.5175,-0.0027,2.912,5.6862
16.58,-26.5745,18.5461,-5.5176,-0.0034,2.9132,5.6864
16.6,-26.5749,18.5458,-5.5177,-0.0028,2.9114,5.6868
16.62,-26.5743,18.5456,-5.5176,-0.0018,2.9124,5.6859
16.64,-26.5741,18.5457,-5.5176,-0.0026,2.9129,5.6853
16.66,-26.5746,18.5458,-5.5178,-0.0029,2.9114,5.6859
16.68,-26.5756,18.5457,-5.5179,-0.0027,2.9117,5.6865
16.7,-26.5757,18.5456,-5.518,-0.0021,2.911,5.6869
16.72,-26.5753,18.5457,-5.518,-0.0028,2.9108,5.6864
16.74,-26.5752,18.5456,-5.518,-0.0029,2.9116,5.6862
16.76,-26.5751,18.5459,-5.5179,-0.0043,2.9139,5.6851
16.78,-26.5756,18.5459,-5.518,-0.0041,2.9145,5.6859
16.8,-26.5752,18.5457,-5.5181,-0.0029,2.9132,5.6863
16.82,-26.5738,18.5459,-5.5178,-0.0031,2.9148,5.6858
16.84,-26.5734,18.5456,-5.5175,-0.0027,2.9155,5.6862
16.86,-26.5736,18.5455,-5.5174,-0.0028,2.9151,5.6866
16.88,-26.5733,18.5456,-5.5173,-0.0024,2.9145,5.6873
16.9,-26.573,18.5456,-5.5173,-0.0023,2.912,5.6877
16.92,-26.5721,18.5455,-5.5168,-0.0009,2.9151,5.6866
16.94,-26.5728,18.5456,-5.517,-0.0013,2.9124,5.6867
16.96,-26.5733,18.5455,-5.5169,-0.0019,2.9096,5.689
16.98,-26.5729,18.5453,-5.5166,-0.001,2.9085,5.6886
17,-26.5713,18.5457,-5.5163,-0.0023,2.9098,5.6874
17.02,-26.5704,18.5459,-5.5161,-0.0022,2.9112,5.6869
17.04,-26.5707,18.5455,-5.5161,-0.0014,2.9101,5.6873
17.06,-26.5706,18.5454,-5.516,-0.0012,2.9092,5.6877
17.08,-26.5691,18.5458,-5.5157,-0.0022,2.9109,5.6862
17.1,-26.5687,18.546,-5.5158,-0.003,2.9111,5.6858
17.12,-26.5683,18.5455,-5.5156,-0.0011,2.9115,5.686
17.14,-26.5684,18.5456,-5.5155,-0.0013,2.9118,5.6862
17.16,-26.5687,18.5453,-5.5155,-0.0003,2.9117,5.6877
17.18,-26.5689,18.5457,-5.5158,-0.0019,2.911,5.6869
17.2,-26.569,18.5456,-5.5158,-0.0017,2.9104,5.687
17.22,-26.5692,18.5456,-5.5158,-0.0013,2.9114,5.6866
17.24,-26.5697,18.5455,-5.5159,-0.0009,2.9114,5.6869
17.26,-26.5697,18.5456,-5.5159,-0.0012,2.9123,5.6864
17.28,-26.5699,18.5457,-5.5162,-0.0018,2.9098,5.6856
17.3,-26.57,18.5456,-5.516,-0.0011,2.9117,5.6862
17.32,-26.5701,18.5458,-5.516,-0.0015,2.9124,5.6857
17.34,-26.5703,18.5456,-5.516,-0.001,2.9113,5.6868
17.36,-26.5705,18.5459,-5.5163,-0.0028,2.9096,5.6861
17.38,-26.5706,18.5458,-5.5162,-0.0023,2.9106,5.6863
17.4,-26.5712,18.5457,-5.5163,-0.0026,2.9108,5.6866
17.42,-26.5714,18.5456,-5.5164,-0.0027,2.9108,5.6868
17.44,-26.5716,18.5457,-5.5164,-0.0029,2.9107,5.687
17.46,-26.5716,18.5456,-5.5165,-0.0018,2.9117,5.6869
17.48,-26.572,18.5457,-5.5167,-0.0016,2.9124,5.6864
17.5,-26.5729,18.5455,-5.517,-0.0012,2.9112,5.6875
17.52,-26.5732,18.5455,-5.517,-0.0017,2.9106,5.6884
17.54,-26.5728,18.5458,-5.5172,-0.0029,2.9125,5.6877
17.56,-26.5727,18.5457,-5.5171,-0.0023,2.9136,5.6873
17.58,-26.5738,18.5455,-5.5173,-0.0011,2.9139,5.6869
17.6,-26.5741,18.5458,-5.5175,-0.0023,2.9132,5.6865
17.62,-26.5743,18.5456,-5.5176,-0.0023,2.9128,5.6875
17.64,-26.5743,18.5456,-5.5176,-0.0019,2.9136,5.6871
17.66,-26.5746,18.5458,-5.5178,-0.0029,2.9129,5.6861
17.68,-26.5748,18.5459,-5.5176,-0.0028,2.9134,5.6854
17.7,-26.5751,18.5456,-5.5177,-0.0021,2.9131,5.6863
17.72,-26.5753,18.5457,-5.518,-0.0031,2.9114,5.6873
17.74,-26.5754,18.5457,-5.5181,-0.0029,2.9101,5.6874
17.76,-26.5746,18.5457,-5.5178,-0.0025,2.9124,5.6866
17.78,-26.5748,18.5454,-5.5177,-0.0014,2.9135,5.6876
17.8,-26.5751,18.5456,-5.5179,-0.0025,2.9137,5.6879
17.82,-26.575,18.5458,-5.518,-0.0037,2.9139,5.6867
17.84,-26.5752,18.5456,-5.518,-0.0027,2.9134,5.6868
17.86,-26.5748,18.5457,-5.5179,-0.0032,2.914,5.6868
17.88,-26.5748,18.5456,-5.5178,-0.0028,2.9147,5.6873
17.9,-26.5748,18.5456,-5.5179,-0.0029,2.9134,5.6879
17.92,-26.5741,18.5456,-5.5176,-0.0022,2.914,5.6867
17.94,-26.5735,18.5456,-5.5172,-0.0022,2.9148,5.6871
17.96,-26.5738,18.5455,-5.5174,-0.0022,2.9136,5.6876
17.98,-26.5737,18.5457,-5.5173,-0.0032,2.912,5.687
18,-26.5731,18.5458,-5.5171,-0.0026,2.912,5.6865
18.02,-26.5729,18.5455,-5.5168,-0.0014,2.9124,5.686
18.04,-26.5728,18.5457,-5.5167,-0.0015,2.912,5.6863
18.06,-26.573,18.546,-5.5168,-0.0026,2.9088,5.6862
18.08,-26.572,18.5459,-5.5164,-0.0023,2.9072,5.688
18.1,-26.5711,18.546,-5.5161,-0.0033,2.9071,5.6874
18.12,-26.5709,18.5457,-5.5157,-0.0025,2.9069,5.6873
18.14,-26.5703,18.5457,-5.5155,-0.0018,2.9072,5.6872
18.16,-26.5697,18.5454,-5.5152,-0.0003,2.9078,5.6873
18.18,-26.5683,18.5458,-5.5151,-0.0016,2.9075,5.687
18.2,-26.5688,18.5453,-5.5152,-0.0004,2.9069,5.6871
18.22,-26.5686,18.5456,-5.5153,-0.0011,2.9086,5.6864
18.24,-26.5687,18.5455,-5.5152,-0.0005,2.911,5.6865
18.26,-26.5685,18.5456,-5.5153,-0.0008,2.9114,5.6859
18.28,-26.5697,18.5455,-5.516,-0.0006,2.9079,5.6871
18.3,-26.5702,18.5454,-5.516,-0.0011,2.9074,5.6878
18.32,-26.5703,18.5456,-5.5159,-0.0011,2.909,5.6864
18.34,-26.5706,18.5457,-5.5159,-0.0018,2.9084,5.6868
18.36,-26.5704,18.5457,-5.5159,-0.0018,2.909,5.6864
18.38,-26.57,18.5456,-5.5158,-0.0015,2.9093,5.6865
18.4,-26.5702,18.5456,-5.5159,-0.0018,2.9086,5.6866
18.42,-26.5704,18.5454,-5.5157,-0.0002,2.9102,5.6874
18.44,-26.5705,18.545,-5.5156,0.0005,2.9101,5.6881
18.46,-26.5702,18.5454,-5.5157,-0.0005,2.9089,5.6876
18.48,-26.5699,18.5455,-5.5158,-0.0008,2.9101,5.6869
18.5,-26.5704,18.5455,-5.5159,-0.0007,2.9113,5.6876
18.52,-26.5707,18.5457,-5.516,-0.0013,2.912,5.6876
18.54,-26.5718,18.5456,-5.5164,-0.0022,2.9094,5.6879
18.56,-26.5717,18.5451,-5.5162,-0.0002,2.9096,5.6888
18.58,-26.5719,18.5456,-5.5165,-0.0014,2.9111,5.6877
18.6,-26.5731,18.5456,-5.5167,-0.0012,2.9114,5.6886
18.62,-26.5736,18.5457,-5.5168,-0.0021,2.9117,5.6879
18.64,-26.5736,18.5456,-5.5169,-0.0018,2.9131,5.6871
18.66,-26.5741,18.5453,-5.517,-0.0012,2.9104,5.6876
18.68,-26.5752,18.5452,-5.5173,-0.001,2.9093,5.6881
18.7,-26.5761,18.5456,-5.5177,-0.0019,2.9094,5.6875
18.72,-26.5764,18.5457,-5.5177,-0.0024,2.9105,5.6873
18.74,-26.5765,18.5454,-5.5178,-0.0015,2.9118,5.6871
18.76,-26.5763,18.5455,-5.5179,-0.0018,2.9116,5.6874
18.78,-26.5767,18.5455,-5.5182,-0.0026,2.9102,5.6874
18.8,-26.5767,18.5456,-5.5182,-0.003,2.9117,5.6881
18.82,-26.5766,18.5457,-5.5183,-0.0033,2.9116,5.6872
18.84,-26.576,18.5463,-5.5185,-0.0048,2.9118,5.687
18.86,-26.5752,18.5457,-5.518,-0.0035,2.9137,5.6872
18.88,-26.5746,18.5457,-5.5176,-0.0027,2.914,5.6863
18.9,-26.5748,18.5456,-5.5176,-0.0025,2.9133,5.6863
18.92,-26.5749,18.5457,-5.5177,-0.0027,2.9125,5.6865
18.94,-26.5747,18.5457,-5.5175,-0.0025,2.9141,5.6866
18.96,-26.5751,18.5453,-5.5176,-0.0006,2.9108,5.6877
18.98,-26.5749,18.5454,-5.5174,-0.0011,2.9109,5.6876
19,-26.5748,18.5454,-5.5174,-0.0014,2.9107,5.6879
19.02,-26.5746,18.5455,-5.5174,-0.0024,2.9096,5.6875
19.04,-26.5741,18.5456,-5.5172,-0.0019,2.9106,5.6874
19.06,-26.5738,18.5454,-5.5169,-0.0012,2.9104,5.6874
19.08,-26.5732,18.5453,-5.517,-0.0007,2.909,5.688
19.1,-26.5727,18.5455,-5.5168,-0.0011,2.9088,5.6873
19.12,-26.572,18.5454,-5.5163,-0.0007,2.9102,5.6872
19.14,-26.5719,18.5458,-5.5163,-0.0015,2.9098,5.6862
19.16,-26.5716,18.5455,-5.516,-0.0013,2.9091,5.687
19.18,-26.5711,18.5453,-5.5159,-0.0008,2.9063,5.6877
19.2,-26.5709,18.5454,-5.5157,-0.0007,2.906,5.6877
19.22,-26.5703,18.5457,-5.5156,-0.0013,2.9072,5.6866
19.24,-26.5695,18.5454,-5.5152,0.0002,2.9085,5.6859
19.26,-26.5692,18.545,-5.515,0.0016,2.9088,5.6865
19.28,-26.5681,18.5452,-5.5149,0.0007,2.9102,5.687
19.3,-26.5684,18.5453,-5.5151,0.0004,2.9088,5.686
19.32,-26.5686,18.5452,-5.5151,0.001,2.9096,5.6866
19.34,-26.5697,18.5455,-5.5156,0.0001,2.9089,5.6868
19.36,-26.5698,18.5454,-5.5156,0.0002,2.9092,5.6869
19.38,-26.5696,18.5455,-5.516,-0.0011,2.9072,5.6863
19.4,-26.5696,18.5458,-5.516,-0.0024,2.9092,5.6859
19.42,-26.5706,18.5458,-5.5161,-0.0027,2.9089,5.6861
19.44,-26.5707,18.5459,-5.5158,-0.0024,2.9098,5.6857
19.46,-26.5707,18.5454,-5.5158,-0.0006,2.9088,5.687
19.48,-26.57,18.5456,-5.5157,-0.0007,2.909,5.6857
19.5,-26.5699,18.5456,-5.5156,-0.0008,2.9107,5.6863
19.52,-26.5705,18.5456,-5.5157,-0.0009,2.91,5.6867
19.54,-26.5706,18.5456,-5.5155,-0.001,2.9101,5.687
19.56,-26.5705,18.5453,-5.5155,0.0007,2.9098,5.6874
19.58,-26.5702,18.5456,-5.5156,-0.0011,2.9117,5.6867
19.6,-26.5711,18.5455,-5.5159,-0.0008,2.9108,5.687
19.62,-26.5717,18.5455,-5.5159,-0.0009,2.9104,5.6864
19.64,-26.5721,18.5458,-5.5163,-0.002,2.9102,5.6865
19.66,-26.572,18.5455,-5.5161,-0.0008,2.9112,5.6872
19.68,-26.5724,18.5454,-5.5164,-0.0009,2.9112,5.6874
19.7,-26.5727,18.5456,-5.5166,-0.0014,2.9109,5.6871
19.72,-26.5729,18.5455,-5.5166,-0.0005,2.9112,5.6873
19.74,-26.5736,18.5454,-5.5168,-0.0005,2.9103,5.6876
19.76,-26.5739,18.5457,-5.5169,-0.0014,2.9107,5.6867
19.78,-26.5746,18.5452,-5.5171,-0.0003,2.91,5.6875
19.8,-26.5746,18.5453,-5.5173,-0.001,2.9096,5.6875
19.82,-26.5746,18.5454,-5.5172,-0.0007,2.9104,5.6866
19.84,-26.5748,18.5458,-5.5173,-0.003,2.9121,5.685
19.86,-26.576,18.5455,-5.5176,-0.0019,2.9103,5.6867
19.88,-26.5754,18.5454,-5.5175,-0.0014,2.9111,5.6867
19.9,-26.5751,18.5456,-5.5176,-0.0018,2.9107,5.686
19.92,-26.5756,18.5453,-5.5176,-0.001,2.9095,5.6868
19.94,-26.5756,18.5453,-5.5174,-0.0006,2.9121,5.6874
19.96,-26.5757,18.5452,-5.5174,-0.0006,2.9142,5.6882
19.98,-26.5749,18.5452,-5.5176,-0.0002,2.9142,5.6867
20,-26.575,18.5454,-5.5177,-0.0015,2.9135,5.6872
20.02,-26.5753,18.5454,-5.5175,-0.0008,2.9142,5.6866
20.04,-26.5758,18.5455,-5.5176,-0.0015,2.9145,5.6863
20.06,-26.576,18.5455,-5.5178,-0.002,2.9133,5.6873
20.08,-26.5745,18.5454,-5.5176,-0.001,2.9123,5.6872
20.1,-26.5747,18.5455,-5.5175,-0.001,2.9108,5.6872
20.12,-26.5748,18.5453,-5.5173,-0.0001,2.9108,5.6878
20.14,-26.5747,18.5455,-5.5173,-0.0008,2.9107,5.687
20.16,-26.5746,18.5455,-5.5173,-0.0013,2.9087,5.6879
20.18,-26.5735,18.5453,-5.5168,-0.0004,2.9073,5.6877
20.2,-26.5729,18.5458,-5.5166,-0.0016,2.9084,5.6869
20.22,-26.5728,18.5454,-5.5164,-0.0005,2.9085,5.6878
20.24,-26.5726,18.5453,-5.5163,0.0001,2.9075,5.6878
20.26,-26.5717,18.5455,-5.5159,-0.0008,2.9072,5.6872
20.28,-26.5708,18.5457,-5.5157,-0.0017,2.9062,5.6875
20.3,-26.57,18.5454,-5.5153,-0.0006,2.9073,5.6868
20.32,-26.5698,18.5455,-5.5151,0,2.9069,5.6871
20.34,-26.5692,18.5456,-5.515,-0.0011,2.907,5.6875
20.36,-26.5684,18.5457,-5.5148,-0.001,2.908,5.6863
20.38,-26.5678,18.5452,-5.5148,0.0007,2.9108,5.6858
20.4,-26.568,18.5457,-5.5151,-0.0011,2.9109,5.686
20.42,-26.5682,18.5452,-5.5151,0.0005,2.9101,5.6865
20.44,-26.5684,18.5453,-5.5153,0.0007,2.91,5.6869
20.46,-26.5687,18.5456,-5.5154,-0.0009,2.9103,5.6862
20.48,-26.5699,18.5451,-5.5156,0.0012,2.9084,5.6873
20.5,-26.5693,18.5454,-5.5152,0.0007,2.911,5.6866
20.52,-26.5693,18.5454,-5.5153,0.0005,2.911,5.6857
20.54,-26.5697,18.5454,-5.5155,0.0004,2.9102,5.6863
20.56,-26.5701,18.5452,-5.5155,0.0011,2.9101,5.6871
20.58,-26.57,18.5456,-5.5154,-0.0006,2.9111,5.6861
20.6,-26.5701,18.5456,-5.5156,-0.0011,2.9096,5.686
20.62,-26.5701,18.5458,-5.5158,-0.0021,2.9098,5.6862
20.64,-26.5705,18.5455,-5.5157,-0.0007,2.9098,5.6873
20.66,-26.5708,18.5451,-5.5156,0.0008,2.9102,5.6884
20.68,-26.5707,18.5454,-5.5159,-0.0004,2.9104,5.6881
20.7,-26.5709,18.5459,-5.5161,-0.0036,2.9126,5.6858
20.72,-26.5714,18.5455,-5.516,-0.0004,2.9136,5.6864
20.74,-26.5727,18.5453,-5.516,0.0004,2.9125,5.6878
20.76,-26.5727,18.5459,-5.5164,-0.0013,2.9123,5.6869
20.78,-26.5734,18.5454,-5.5169,-0.0006,2.91,5.6872
20.8,-26.5746,18.5456,-5.5168,-0.0014,2.91,5.687
20.82,-26.5756,18.5451,-5.5168,0.0003,2.9105,5.688
20.84,-26.5756,18.5452,-5.5171,-0.0007,2.9105,5.6886
20.86,-26.5747,18.5458,-5.5174,-0.003,2.911,5.6881
20.88,-26.5753,18.5456,-5.5176,-0.0015,2.9112,5.6867
20.9,-26.5763,18.5455,-5.5173,-0.0018,2.9119,5.6879
20.92,-26.5767,18.5455,-5.5177,-0.0019,2.9112,5.6872
20.94,-26.576,18.5453,-5.5178,-0.0009,2.912,5.6874
20.96,-26.5755,18.5452,-5.5179,-0.0006,2.9121,5.6873
20.98,-26.5751,18.5454,-5.5175,-0.0014,2.914,5.6877
21,-26.575,18.5456,-5.5174,-0.0024,2.9161,5.687
21.02,-26.5749,18.5455,-5.5176,-0.0018,2.915,5.6871
21.04,-26.5747,18.5454,-5.5177,-0.0015,2.9136,5.6874
21.06,-26.575,18.545,-5.5177,0.0003,2.9124,5.6888
21.08,-26.5765,18.5451,-5.5177,0.0001,2.9105,5.6881
21.1,-26.5762,18.5451,-5.5174,0.0003,2.913,5.6876
21.12,-26.5757,18.5453,-5.5176,-0.0006,2.9118,5.6876
21.14,-26.5752,18.5454,-5.5176,-0.0013,2.912,5.6878
21.16,-26.5747,18.5453,-5.5172,-0.0008,2.9138,5.6875
21.18,-26.5754,18.5452,-5.5172,-0.0011,2.9108,5.6887
21.2,-26.5747,18.5453,-5.5171,-0.0009,2.911,5.6878
21.22,-26.5737,18.5457,-5.5172,-0.0016,2.9103,5.6876
21.24,-26.5732,18.5453,-5.5169,-0.0007,2.9094,5.6881
21.26,-26.5723,18.545,-5.5162,0.0012,2.9116,5.6881
21.28,-26.5727,18.5452,-5.5162,0.0005,2.9078,5.6879
21.3,-26.5716,18.5454,-5.5158,0.0008,2.9096,5.6863
21.32,-26.5715,18.5452,-5.5157,0.0003,2.9065,5.6869
21.34,-26.5708,18.5449,-5.5154,0.0011,2.9065,5.6872
21.36,-26.5702,18.5451,-5.515,0.0012,2.9066,5.6875
21.38,-26.5691,18.5457,-5.5147,-0.0009,2.9075,5.6866
21.4,-26.5693,18.5453,-5.5148,0.0006,2.9044,5.6868
21.42,-26.5687,18.5454,-5.5147,0.0006,2.9058,5.6865
21.44,-26.5684,18.5454,-5.5148,0.0009,2.907,5.6863
21.46,-26.5685,18.5452,-5.5148,0.001,2.9074,5.6871
21.48,-26.5687,18.5455,-5.515,0.0001,2.9092,5.6863
21.5,-26.5685,18.5455,-5.515,0.0001,2.9111,5.6859
21.52,-26.5686,18.5456,-5.5153,-0.0016,2.9112,5.6865
21.54,-26.5687,18.5455,-5.5153,-0.0004,2.9114,5.6858
21.56,-26.5694,18.5451,-5.5154,0.0004,2.9098,5.6876
21.58,-26.5693,18.5454,-5.5153,0.0007,2.9108,5.6863
21.6,-26.5694,18.5452,-5.5155,0.0013,2.9087,5.6871
21.62,-26.5693,18.5454,-5.5155,-0.0003,2.9096,5.6868
21.64,-26.5695,18.5454,-5.5155,-0.0002,2.9096,5.6869
21.66,-26.5694,18.5454,-5.5152,0.0001,2.9107,5.6864
21.68,-26.5684,18.5458,-5.5153,-0.0005,2.9118,5.6864
21.7,-26.5685,18.5457,-5.5153,-0.0002,2.9134,5.6864
21.72,-26.5688,18.5454,-5.5152,0.0008,2.9141,5.6875
21.74,-26.5695,18.5452,-5.5153,0.0012,2.9134,5.6887
21.76,-26.5697,18.5453,-5.5153,0.0005,2.9145,5.6884
21.78,-26.5702,18.5456,-5.5158,-0.0007,2.9155,5.6877
21.8,-26.5712,18.5453,-5.516,-0.0003,2.9143,5.689
21.82,-26.572,18.5455,-5.5162,-0.0003,2.9146,5.688
21.84,-26.5735,18.5455,-5.5167,0.0003,2.9122,5.6901
21.86,-26.5738,18.5453,-5.5167,0.0004,2.9114,5.6885
21.88,-26.5748,18.5454,-5.5171,-0.0008,2.9107,5.688
21.9,-26.5755,18.5452,-5.517,0.0003,2.9101,5.6877
21.92,-26.5762,18.5453,-5.5171,-0.0003,2.9102,5.6876
21.94,-26.5765,18.5457,-5.5173,-0.0009,2.9096,5.6867
21.96,-26.5766,18.5457,-5.5176,-0.0018,2.9088,5.6871
21.98,-26.577,18.5454,-5.5177,-0.0011,2.9083,5.6882
22,-26.5771,18.5454,-5.5175,-0.0014,2.9094,5.6875
22.02,-26.5771,18.5454,-5.5177,-0.0009,2.9096,5.6872
22.04,-26.577,18.5453,-5.5178,-0.0005,2.91,5.6875
22.06,-26.5767,18.5454,-5.518,-0.0008,2.911,5.6874
22.08,-26.5762,18.5452,-5.5179,-0.0006,2.9109,5.6891
22.1,-26.575,18.5453,-5.5175,-0.0008,2.9149,5.6873
22.12,-26.575,18.5456,-5.5177,-0.0024,2.9141,5.6871
22.14,-26.5748,18.5456,-5.5177,-0.0019,2.9141,5.6874
22.16,-26.5746,18.5457,-5.5176,-0.0025,2.914,5.6868
22.18,-26.5746,18.5452,-5.5173,0.0004,2.911,5.6889
22.2,-26.574,18.5454,-5.5172,-0.0009,2.9125,5.6876
22.22,-26.574,18.5457,-5.5173,-0.0024,2.9105,5.6878
22.24,-26.5734,18.5453,-5.5168,-0.0009,2.9123,5.688
22.26,-26.5734,18.5454,-5.5168,-0.0009,2.9107,5.6882
22.28,-26.5723,18.5454,-5.5164,-0.0003,2.9114,5.688
22.3,-26.5719,18.5453,-5.5162,0.0003,2.9104,5.6884
22.32,-26.5711,18.5456,-5.516,-0.0009,2.9104,5.6877
22.34,-26.5708,18.5454,-5.5157,-0.0003,2.91,5.6881
22.36,-26.5703,18.5458,-5.5157,-0.0015,2.9092,5.6869
22.38,-26.5692,18.5456,-5.5152,-0.0002,2.9096,5.686
22.4,-26.5683,18.5451,-5.5148,0.0014,2.9111,5.6867
22.42,-26.5683,18.5453,-5.515,0.0012,2.9087,5.6863
22.44,-26.5678,18.5454,-5.5149,0.0007,2.9098,5.6865
22.46,-26.5672,18.5454,-5.5147,0.0012,2.9131,5.6861
22.48,-26.5675,18.5454,-5.5148,0.001,2.9141,5.6859
22.5,-26.5678,18.5452,-5.515,0.0009,2.9129,5.6876
22.52,-26.5678,18.5453,-5.5151,0.0007,2.9129,5.6868
22.54,-26.5677,18.5456,-5.5152,-0.0008,2.9133,5.6864
22.56,-26.5678,18.5455,-5.5152,-0.0004,2.9136,5.6863
22.58,-26.5679,18.5454,-5.5152,0.0003,2.9123,5.6862
22.6,-26.5683,18.5452,-5.5154,0.0007,2.9106,5.6874
22.62,-26.5688,18.545,-5.5155,0.0012,2.91,5.6878
22.64,-26.5693,18.5451,-5.5155,0.0006,2.91,5.6879
22.66,-26.5698,18.5452,-5.5155,0.0011,2.9074,5.6877
22.68,-26.5689,18.5453,-5.5154,0.0006,2.9108,5.6875
22.7,-26.5689,18.5453,-5.5154,0.0009,2.912,5.6873
22.72,-26.569,18.5452,-5.5153,0.0018,2.9122,5.6879
22.74,-26.5698,18.5452,-5.5155,0.0016,2.9115,5.6882
22.76,-26.5702,18.5454,-5.5155,0.0003,2.913,5.6879
22.78,-26.5707,18.5453,-5.5159,0.0005,2.9098,5.6886
22.8,-26.5704,18.5453,-5.5158,0.0006,2.9119,5.687
22.82,-26.5706,18.5453,-5.5158,0.0007,2.913,5.6872
22.84,-26.5714,18.5451,-5.5159,0.0012,2.9134,5.6877
22.86,-26.5727,18.5452,-5.5163,0.0012,2.9117,5.6881
22.88,-26.5733,18.545,-5.5166,0.0012,2.9099,5.6876
22.9,-26.5734,18.5453,-5.5167,0.0006,2.9104,5.6868
22.92,-26.5741,18.5451,-5.5168,0.0002,2.9096,5.6871
22.94,-26.5745,18.5453,-5.5169,0.0002,2.9108,5.6869
22.96,-26.5753,18.5451,-5.5173,0.0006,2.909,5.6875
22.98,-26.5753,18.5453,-5.5174,-0.0004,2.9094,5.6873
23,-26.5751,18.5452,-5.5173,0,2.9113,5.6868
23.02,-26.5754,18.5454,-5.5175,-0.0007,2.911,5.6869
23.04,-26.5758,18.5451,-5.5176,0.0003,2.9107,5.6875
23.06,-26.5755,18.5454,-5.5176,-0.0011,2.9129,5.6864
23.08,-26.5751,18.5455,-5.5177,-0.0017,2.913,5.6858
23.1,-26.5748,18.5454,-5.5175,-0.001,2.9141,5.6855
23.12,-26.5751,18.5452,-5.5174,0.0002,2.9129,5.6866
23.14,-26.5757,18.5456,-5.5176,-0.0017,2.9119,5.6859
23.16,-26.5761,18.5452,-5.5178,-0.0006,2.9101,5.6868
23.18,-26.5761,18.5454,-5.5177,-0.0011,2.9099,5.6863
23.2,-26.5764,18.5451,-5.5175,0.0003,2.9095,5.6872
23.22,-26.5765,18.5454,-5.5176,-0.0013,2.9091,5.6873
23.24,-26.576,18.5453,-5.5175,-0.0007,2.9098,5.6867
23.26,-26.5758,18.5449,-5.5173,0.0008,2.9087,5.6877
23.28,-26.5757,18.545,-5.5172,0.0011,2.9076,5.6883
23.3,-26.5757,18.5452,-5.5172,-0.0003,2.9074,5.6882
23.32,-26.5751,18.5453,-5.517,-0.0005,2.9072,5.6875
23.34,-26.574,18.5448,-5.5167,0.0005,2.9072,5.6887
23.36,-26.5724,18.5457,-5.5165,-0.001,2.9104,5.6873
23.38,-26.5724,18.5457,-5.5163,-0.0011,2.9099,5.6866
23.4,-26.5722,18.5453,-5.5161,-0.0001,2.908,5.6865
23.42,-26.571,18.5453,-5.5155,0.0004,2.9087,5.6859
23.44,-26.57,18.5456,-5.5155,-0.0001,2.9096,5.6866
23.46,-26.5701,18.5452,-5.5153,0.0011,2.908,5.6875
23.48,-26.5695,18.5452,-5.5149,0.0013,2.9069,5.688
23.5,-26.5692,18.5453,-5.5148,0.0008,2.9069,5.6873
23.52,-26.5686,18.5452,-5.5146,0.0014,2.9075,5.6871
23.54,-26.5684,18.5456,-5.5149,-0.0001,2.9069,5.6864
23.56,-26.5679,18.5453,-5.5147,0.0009,2.908,5.6867
23.58,-26.5677,18.5451,-5.5147,0.0021,2.9097,5.6876
23.6,-26.5679,18.5453,-5.515,0.0011,2.9085,5.6875
23.62,-26.5678,18.5453,-5.5152,0.0004,2.9091,5.6872
23.64,-26.5683,18.5457,-5.5155,-0.0015,2.9089,5.6865
23.66,-26.5688,18.5453,-5.5153,0.0006,2.9106,5.6865
23.68,-26.5699,18.5452,-5.5154,0.0005,2.9099,5.6872
23.7,-26.5696,18.5454,-5.5155,0.0002,2.9097,5.6861
23.72,-26.5695,18.5454,-5.5155,-0.0001,2.9082,5.6858
23.74,-26.5697,18.5454,-5.5155,0.0003,2.9087,5.6865
23.76,-26.5702,18.5452,-5.5155,0.001,2.9084,5.6875
23.78,-26.5699,18.5454,-5.5153,0.0004,2.911,5.6874
23.8,-26.5699,18.5454,-5.5153,0.0009,2.9102,5.6871
23.82,-26.5701,18.5455,-5.5156,-0.0006,2.9093,5.6874
23.84,-26.5705,18.5453,-5.5156,0,2.9102,5.6872
23.86,-26.5716,18.5452,-5.5156,0.0012,2.9101,5.6868
23.88,-26.5715,18.5454,-5.5158,0.0009,2.9113,5.6868
23.9,-26.5717,18.5453,-5.516,0.001,2.911,5.6866
23.92,-26.5725,18.5456,-5.5162,-0.0005,2.9103,5.6857
23.94,-26.5735,18.5454,-5.5162,-0.0002,2.9105,5.6872
23.96,-26.5739,18.545,-5.5163,0.0011,2.9107,5.6883
23.98,-26.5735,18.5451,-5.5167,0.0015,2.9116,5.6873
24,-26.5741,18.5453,-5.5171,0.0004,2.9096,5.6873
24.02,-26.5743,18.5455,-5.5168,-0.0009,2.9125,5.6872
24.04,-26.5749,18.5455,-5.5169,-0.0012,2.9131,5.6868
24.06,-26.5751,18.5454,-5.5171,-0.0008,2.9118,5.6869
24.08,-26.5751,18.5452,-5.5174,0.0002,2.9116,5.6872
24.1,-26.5756,18.5453,-5.5173,0,2.9121,5.687
24.12,-26.5768,18.5454,-5.5175,-0.0005,2.9116,5.6877
24.14,-26.5764,18.545,-5.5174,0.0003,2.9125,5.6881
24.16,-26.5761,18.5453,-5.5178,-0.0005,2.9117,5.6873
24.18,-26.5759,18.5453,-5.5178,-0.0008,2.9117,5.6871
24.2,-26.5762,18.5454,-5.5176,-0.0008,2.9108,5.6875
24.22,-26.5759,18.5455,-5.5175,-0.0006,2.9134,5.6854
24.24,-26.5755,18.5453,-5.5175,-0.0004,2.9132,5.6867
24.26,-26.5755,18.5451,-5.5177,0.0004,2.9102,5.6869
24.28,-26.5755,18.545,-5.5173,0.0015,2.9107,5.687
24.3,-26.5752,18.5452,-5.5172,0.0004,2.9127,5.6863
24.32,-26.5752,18.5455,-5.5175,-0.0017,2.9116,5.6868
24.34,-26.5748,18.5455,-5.5176,-0.0021,2.9103,5.6868
24.36,-26.5741,18.5455,-5.5173,-0.0018,2.911,5.686
24.38,-26.5736,18.5454,-5.5168,-0.0008,2.9115,5.6864
24.4,-26.5735,18.5454,-5.5167,-0.0005,2.9116,5.6874
24.42,-26.5734,18.5452,-5.5167,0.0001,2.9098,5.6875
24.44,-26.5718,18.5455,-5.516,0.0004,2.9127,5.6871
24.46,-26.5722,18.5453,-5.516,0,2.9113,5.6872
24.48,-26.5722,18.5451,-5.516,0.0008,2.9075,5.6886
24.5,-26.572,18.5454,-5.516,-0.0007,2.9063,5.6878
24.52,-26.5708,18.5452,-5.5155,-0.0003,2.9077,5.6875
24.54,-26.5699,18.5449,-5.5151,0.0011,2.9073,5.6878
24.56,-26.5694,18.545,-5.5151,0.0012,2.9058,5.6882
24.58,-26.5671,18.5454,-5.5143,0.0007,2.909,5.6868
24.6,-26.5662,18.5457,-5.5141,-0.0002,2.9118,5.6854
24.62,-26.5667,18.5454,-5.5142,0.0017,2.9106,5.685
24.64,-26.5674,18.5451,-5.5144,0.0023,2.9077,5.6866
24.66,-26.5684,18.546,-5.5152,-0.0011,2.9057,5.6862
24.68,-26.5689,18.5455,-5.515,0.0008,2.9077,5.686
24.7,-26.5693,18.5455,-5.5153,0.0002,2.9073,5.6866
24.72,-26.5695,18.5456,-5.5153,-0.0002,2.9079,5.6862
24.74,-26.5696,18.5456,-5.5154,-0.0004,2.908,5.6866
24.76,-26.5698,18.5459,-5.5157,-0.0021,2.9069,5.6868
24.78,-26.5697,18.5453,-5.5153,0.0006,2.9093,5.6876
24.8,-26.5697,18.5457,-5.5154,-0.0016,2.9099,5.6871
24.82,-26.5699,18.5457,-5.5154,-0.0014,2.9097,5.6869
24.84,-26.5696,18.5454,-5.5152,-0.0002,2.9099,5.6874
24.86,-26.5691,18.5452,-5.5151,0.0012,2.9121,5.6871
24.88,-26.5701,18.5451,-5.5154,0.0017,2.9118,5.6874
24.9,-26.5711,18.5454,-5.5156,0.0009,2.9122,5.6874
24.92,-26.5707,18.5457,-5.5154,-0.0002,2.9135,5.6871
24.94,-26.5707,18.546,-5.5159,-0.0015,2.9131,5.6863
24.96,-26.5713,18.5455,-5.5161,-0.0008,2.9107,5.6872
24.98,-26.5732,18.5457,-5.5164,-0.0007,2.9099,5.6868
25,-26.574,18.5454,-5.5165,-0.0004,2.9098,5.6876
25.02,-26.574,18.5455,-5.5168,-0.001,2.9094,5.688
25.04,-26.574,18.5455,-5.5169,-0.0005,2.9094,5.6877
25.06,-26.5744,18.5454,-5.5171,-0.0004,2.908,5.6874
25.08,-26.5757,18.5455,-5.5172,-0.0008,2.9095,5.6881
25.1,-26.5761,18.5456,-5.5174,-0.0013,2.9094,5.6877
25.12,-26.5758,18.5454,-5.5176,-0.0009,2.9091,5.6876
25.14,-26.5754,18.5455,-5.5176,-0.0009,2.9091,5.6869
25.16,-26.575,18.5453,-5.5174,-0.0006,2.9108,5.687
25.18,-26.5755,18.5455,-5.5174,-0.0015,2.9119,5.6871
25.2,-26.5754,18.5457,-5.5174,-0.0026,2.913,5.6861
25.22,-26.5754,18.5454,-5.5175,-0.0013,2.9105,5.6876
25.24,-26.5751,18.5453,-5.5174,-0.0007,2.9095,5.6876
25.26,-26.575,18.5454,-5.5173,-0.0008,2.9091,5.6873
25.28,-26.5757,18.5454,-5.5174,-0.0012,2.9079,5.6881
25.3,-26.5754,18.5453,-5.5172,-0.0006,2.9098,5.6874
25.32,-26.5749,18.5454,-5.5172,0.0008,2.9122,5.6862
25.34,-26.5749,18.5455,-5.5172,-0.0014,2.9104,5.6856
25.36,-26.5753,18.5454,-5.5174,-0.001,2.9079,5.6872
25.38,-26.5753,18.5452,-5.5173,-0.0001,2.9088,5.6868
25.4,-26.5751,18.5453,-5.5172,-0.0005,2.9085,5.6868
25.42,-26.5748,18.5451,-5.517,0.0002,2.9082,5.6871
25.44,-26.5744,18.5452,-5.5169,0.0005,2.9095,5.6869
25.46,-26.5742,18.545,-5.5166,0.002,2.9111,5.6869
25.48,-26.5739,18.5451,-5.5165,0.0007,2.9093,5.6869
25.5,-26.5737,18.5453,-5.5163,0.0005,2.9083,5.6868
25.52,-26.5731,18.5451,-5.5161,0.0009,2.9088,5.6876
25.54,-26.5733,18.5453,-5.5161,0.0004,2.9063,5.6873
25.56,-26.573,18.5451,-5.5159,0.0013,2.9059,5.6882
25.58,-26.571,18.5453,-5.5153,0.0004,2.9059,5.6873
25.6,-26.5701,18.5456,-5.5151,-0.0007,2.9067,5.6864
25.62,-26.5698,18.5456,-5.5146,0,2.9077,5.6853
25.64,-26.5701,18.5451,-5.5146,0.001,2.9067,5.6867
25.66,-26.5695,18.5451,-5.5144,0.0013,2.9063,5.6865
25.68,-26.5681,18.5454,-5.5146,0.0008,2.9082,5.6851
25.7,-26.5682,18.5455,-5.5146,0.0008,2.9075,5.6844
25.72,-26.5684,18.5456,-5.5147,-0.0001,2.9085,5.6852
25.74,-26.5687,18.5455,-5.5147,0,2.908,5.6866
25.76,-26.5686,18.5453,-5.5147,0.0013,2.9083,5.6868
25.78,-26.569,18.5454,-5.5151,0.0003,2.9096,5.6861
25.8,-26.5699,18.5453,-5.5153,0.0004,2.9082,5.6862
25.82,-26.5699,18.5453,-5.5151,0.0008,2.9088,5.6865
25.84,-26.5692,18.5456,-5.5151,0,2.9093,5.6864
25.86,-26.5681,18.5456,-5.515,-0.0004,2.9095,5.6861
25.88,-26.5692,18.5457,-5.5153,-0.001,2.9097,5.6861
25.9,-26.5697,18.5456,-5.5153,-0.0009,2.9087,5.6863
25.92,-26.569,18.5455,-5.5149,0.0002,2.9115,5.6862
25.94,-26.5679,18.5456,-5.5148,0,2.9126,5.6859
25.96,-26.568,18.5459,-5.5152,-0.0022,2.911,5.6855
25.98,-26.571,18.5452,-5.5153,0.0005,2.9119,5.6878
26,-26.5708,18.5452,-5.515,0.0013,2.9118,5.6878
26.02,-26.57,18.5454,-5.5152,0.0008,2.9121,5.6873
26.04,-26.5699,18.5456,-5.5159,-0.0007,2.9102,5.6875
26.06,-26.5707,18.5457,-5.5162,-0.002,2.9085,5.6866
26.08,-26.5744,18.5453,-5.5161,0.0006,2.9073,5.6899
26.1,-26.574,18.5454,-5.5163,0,2.9076,5.6898
26.12,-26.573,18.5454,-5.5165,0.0001,2.908,5.6887
26.14,-26.5728,18.5455,-5.5168,-0.0009,2.9084,5.6882
26.16,-26.5734,18.5455,-5.5169,-0.0011,2.9083,5.6885
26.18,-26.5752,18.5454,-5.5167,-0.0005,2.9101,5.6883
26.2,-26.5748,18.5451,-5.517,0.0001,2.9092,5.6885
26.22,-26.5742,18.5456,-5.5174,-0.0013,2.9085,5.6871
26.24,-26.5742,18.5456,-5.5172,-0.0016,2.909,5.6867
26.26,-26.5762,18.5454,-5.5172,-0.0016,2.9075,5.6871
26.28,-26.5772,18.5456,-5.5177,-0.0019,2.9068,5.6873
26.3,-26.577,18.5458,-5.5182,-0.0036,2.905,5.6876
26.32,-26.5765,18.5457,-5.5179,-0.0028,2.9075,5.6863
26.34,-26.5769,18.5455,-5.5178,-0.0018,2.9073,5.6874
26.36,-26.5771,18.5456,-5.5178,-0.002,2.9085,5.6871
26.38,-26.576,18.5456,-5.5177,-0.0025,2.9098,5.6868
26.4,-26.5757,18.5457,-5.5179,-0.0029,2.9076,5.6866
26.42,-26.5751,18.5456,-5.5174,-0.0028,2.909,5.6864
26.44,-26.5751,18.5455,-5.5173,-0.0014,2.9109,5.6861
26.46,-26.5753,18.5452,-5.5173,0.0002,2.911,5.6868
26.48,-26.5754,18.5453,-5.5176,0,2.9089,5.6869
26.5,-26.5755,18.5456,-5.5175,-0.0014,2.9093,5.6858
26.52,-26.576,18.5455,-5.5174,-0.0018,2.9074,5.6871
26.54,-26.5759,18.5454,-5.5173,-0.0013,2.907,5.6876
26.56,-26.5757,18.5454,-5.5173,-0.0007,2.9059,5.6873
26.58,-26.5753,18.5456,-5.517,-0.0019,2.9063,5.6877
26.6,-26.5754,18.5455,-5.5168,-0.0012,2.9063,5.6878
26.62,-26.5755,18.5454,-5.5168,-0.0004,2.905,5.6879
26.64,-26.5749,18.5453,-5.5166,0.0004,2.9048,5.6866
26.66,-26.5732,18.5455,-5.5162,0.0003,2.906,5.6862
26.68,-26.572,18.5458,-5.5157,-0.0012,2.9059,5.6856
26.7,-26.5719,18.5457,-5.5155,-0.0014,2.9051,5.686
26.72,-26.5709,18.5453,-5.5148,-0.0002,2.9059,5.6865
26.74,-26.5704,18.5455,-5.5146,-0.0007,2.9041,5.6867
26.76,-26.5701,18.545,-5.514,0.0016,2.9015,5.688
26.78,-26.5706,18.5454,-5.5141,0.0004,2.899,5.6874
26.8,-26.5713,18.5456,-5.5142,-0.0002,2.9005,5.6859
26.82,-26.5718,18.5455,-5.5143,-0.0001,2.9021,5.6852
26.84,-26.5717,18.5455,-5.5144,-0.0003,2.9025,5.6862
26.86,-26.5711,18.5455,-5.5146,-0.0002,2.9026,5.6856
26.88,-26.571,18.5454,-5.5149,0.0003,2.9034,5.6861
26.9,-26.5711,18.5455,-5.515,-0.0004,2.9044,5.6862
26.92,-26.5713,18.5452,-5.5148,0.0013,2.9038,5.687
26.94,-26.5713,18.5452,-5.5149,0.0011,2.9029,5.687
26.96,-26.5707,18.5456,-5.515,-0.0001,2.9046,5.6861
26.98,-26.5709,18.5454,-5.5151,0.0009,2.9054,5.6859
27,-26.5714,18.5453,-5.5152,0.0003,2.9048,5.6878
27.02,-26.5711,18.5453,-5.5149,0.0007,2.9066,5.6884
27.04,-26.5709,18.5453,-5.515,0.0006,2.9064,5.6877
27.06,-26.5703,18.5453,-5.5149,0.0009,2.9081,5.6867
27.08,-26.571,18.5455,-5.515,-0.0002,2.9093,5.6879
27.1,-26.5716,18.5455,-5.5152,0.0004,2.9078,5.6878
27.12,-26.5723,18.5454,-5.5156,0.0003,2.9069,5.688
27.14,-26.5733,18.5454,-5.5159,0.0003,2.906,5.6883
27.16,-26.5735,18.5456,-5.5158,0,2.9075,5.6888
27.18,-26.5744,18.5454,-5.5161,-0.0008,2.9071,5.688
27.2,-26.5747,18.5458,-5.5165,-0.0021,2.9072,5.6873
27.22,-26.5756,18.5455,-5.5165,-0.0017,2.9078,5.688
27.24,-26.5763,18.5461,-5.5164,-0.0022,2.9092,5.6866
27.26,-26.5773,18.5455,-5.5168,-0.0016,2.9086,5.6875
27.28,-26.5776,18.5454,-5.5175,-0.0014,2.9073,5.6875
27.3,-26.5774,18.5456,-5.5176,-0.0019,2.9089,5.6866
27.32,-26.5777,18.5456,-5.5178,-0.0019,2.9081,5.687
27.34,-26.5779,18.5454,-5.5178,-0.0014,2.9082,5.6876
27.36,-26.5779,18.5453,-5.5179,-0.0008,2.9094,5.6874
27.38,-26.5772,18.5457,-5.5181,-0.0032,2.9108,5.6856
27.4,-26.5771,18.5456,-5.5181,-0.0024,2.9098,5.686
27.42,-26.577,18.5456,-5.518,-0.0027,2.9096,5.6861
27.44,-26.5764,18.5456,-5.5176,-0.0022,2.9108,5.6855
27.46,-26.5763,18.5456,-5.5176,-0.0022,2.9105,5.6861
27.48,-26.5757,18.5458,-5.5175,-0.003,2.9112,5.6852
27.5,-26.5761,18.5456,-5.5177,-0.0022,2.9093,5.6855
27.52,-26.5762,18.5456,-5.5177,-0.003,2.9097,5.6855
27.54,-26.5759,18.5459,-5.5178,-0.0042,2.9109,5.6853
27.56,-26.5758,18.5457,-5.5177,-0.003,2.9104,5.6858
27.58,-26.576,18.5456,-5.5176,-0.002,2.9101,5.6857
27.6,-26.5765,18.5456,-5.5177,-0.0026,2.9086,5.6864
27.62,-26.5761,18.5456,-5.5174,-0.0026,2.9096,5.6865
27.64,-26.576,18.5455,-5.5174,-0.0018,2.9076,5.6864
27.66,-26.5755,18.5455,-5.5172,-0.0011,2.9075,5.686
27.68,-26.5753,18.5457,-5.5169,-0.0027,2.9067,5.6867
27.7,-26.5746,18.5456,-5.5167,-0.0018,2.9067,5.6861
27.72,-26.5738,18.5452,-5.5164,-0.0007,2.906,5.6868
27.74,-26.5724,18.5456,-5.5158,-0.0012,2.9077,5.6872
27.76,-26.5721,18.5457,-5.5158,-0.0008,2.9071,5.6863
27.78,-26.5725,18.5452,-5.5155,0.0002,2.9037,5.6868
27.8,-26.572,18.5453,-5.5149,0.0004,2.9036,5.6869
27.82,-26.5715,18.5453,-5.5146,0.0005,2.901,5.686
27.84,-26.5712,18.5451,-5.5143,0.0011,2.899,5.6872
27.86,-26.5713,18.5452,-5.5143,0.001,2.8982,5.6862
27.88,-26.5717,18.5453,-5.5143,0.0008,2.8993,5.687
27.9,-26.5714,18.5453,-5.5145,0.0004,2.8993,5.6862
27.92,-26.5704,18.5458,-5.5145,-0.0014,2.9024,5.6856
27.94,-26.5705,18.5454,-5.5145,-0.0006,2.9024,5.6862
27.96,-26.5709,18.5452,-5.5146,0,2.9036,5.6862
27.98,-26.5717,18.5454,-5.5147,-0.0004,2.9039,5.6865
28,-26.5713,18.5454,-5.5144,0.0005,2.9047,5.6863
28.02,-26.5715,18.5455,-5.5144,0,2.9019,5.6866
28.04,-26.5718,18.5453,-5.5145,0.0008,2.9008,5.6866
28.06,-26.5728,18.5455,-5.5147,0,2.8997,5.6866
28.08,-26.5726,18.5453,-5.5143,0.0004,2.9006,5.6876
28.1,-26.5724,18.5454,-5.5144,0.0005,2.8993,5.6868
28.12,-26.5725,18.5453,-5.5146,0.0007,2.8995,5.6869
28.14,-26.5732,18.5454,-5.5146,0.0001,2.9007,5.6874
28.16,-26.5745,18.5456,-5.5149,-0.0005,2.8998,5.6881
28.18,-26.5733,18.5452,-5.5142,0.002,2.9021,5.6877
28.2,-26.5734,18.5454,-5.5146,0.0005,2.9,5.6874
28.22,-26.5743,18.5452,-5.5149,0.001,2.8995,5.6876
28.24,-26.5758,18.5455,-5.5149,0.0003,2.9004,5.6872
28.26,-26.5765,18.5456,-5.5152,0,2.9009,5.6877
28.28,-26.5753,18.5453,-5.5159,0.0002,2.901,5.6863
28.3,-26.5769,18.5451,-5.5165,-0.0001,2.8985,5.6874
28.32,-26.5795,18.5451,-5.5163,0.0002,2.8983,5.6876
28.34,-26.5801,18.546,-5.5162,-0.0015,2.8986,5.6873
28.36,-26.5801,18.5454,-5.5166,-0.0008,2.8964,5.6879
28.38,-26.5785,18.5452,-5.517,-0.0004,2.8999,5.6871
28.4,-26.5788,18.5453,-5.5171,-0.0006,2.9006,5.6872
28.42,-26.5794,18.5456,-5.5172,-0.002,2.8997,5.6871
28.44,-26.5795,18.5452,-5.5169,0.0004,2.9018,5.6872
28.46,-26.5788,18.5454,-5.517,-0.0006,2.9033,5.6874
28.48,-26.5783,18.5457,-5.5177,-0.0027,2.9013,5.6876
28.5,-26.5784,18.5454,-5.5171,-0.0018,2.9026,5.6875
28.52,-26.5789,18.545,-5.517,-0.0003,2.902,5.6879
28.54,-26.5785,18.5454,-5.5169,-0.001,2.9033,5.6869
28.56,-26.5777,18.5455,-5.517,-0.0009,2.9033,5.6863
28.58,-26.5776,18.5453,-5.5166,-0.0015,2.9011,5.6875
28.6,-26.5781,18.5452,-5.5165,-0.0008,2.8999,5.688
28.62,-26.5788,18.5456,-5.517,-0.0033,2.8957,5.6882
28.64,-26.5779,18.5458,-5.5165,-0.0024,2.9014,5.6855
28.66,-26.5782,18.5456,-5.5166,-0.002,2.8981,5.687
28.68,-26.5782,18.5453,-5.5162,0.0001,2.8967,5.6876
28.7,-26.5789,18.5454,-5.5165,-0.0007,2.8936,5.6877
28.72,-26.5793,18.545,-5.5162,0.0004,2.8934,5.6887
28.74,-26.5796,18.5452,-5.516,0.0004,2.8911,5.6882
28.76,-26.5804,18.545,-5.5158,0.001,2.8852,5.6889
28.78,-26.5806,18.545,-5.5147,0.002,2.8825,5.689
28.8,-26.5805,18.5445,-5.514,0.0039,2.8814,5.6892
28.82,-26.5806,18.5453,-5.5139,0.001,2.8778,5.6879
28.84,-26.5804,18.5449,-5.5133,0.0033,2.8775,5.688
28.86,-26.5798,18.5448,-5.5128,0.0034,2.8771,5.6881
28.88,-26.578,18.5447,-5.5132,0.0034,2.8785,5.6881
28.9,-26.5777,18.545,-5.5135,0.0021,2.8797,5.6882
28.92,-26.5774,18.545,-5.5131,0.0025,2.8842,5.6879
28.94,-26.5779,18.5448,-5.513,0.0036,2.8845,5.6887
28.96,-26.5779,18.5447,-5.5129,0.0044,2.8825,5.6889
28.98,-26.5761,18.5446,-5.5132,0.0041,2.8843,5.6869
29,-26.5765,18.5449,-5.5133,0.0027,2.8843,5.6869
29.02,-26.5767,18.5448,-5.5132,0.0035,2.885,5.6872
29.04,-26.5767,18.5449,-5.5134,0.0027,2.8854,5.688
29.06,-26.5758,18.5451,-5.5138,0.0018,2.888,5.6869
29.08,-26.5744,18.5455,-5.5139,0.0004,2.8899,5.6872
29.1,-26.5743,18.545,-5.5136,0.0019,2.8909,5.6872
29.12,-26.5743,18.545,-5.5138,0.0019,2.8915,5.6875
29.14,-26.5741,18.5448,-5.5137,0.0028,2.8915,5.6882
29.16,-26.5734,18.5451,-5.5135,0.0018,2.8936,5.6875
29.18,-26.5726,18.545,-5.5132,0.0015,2.8956,5.6873
29.2,-26.5731,18.5451,-5.5134,0.0017,2.8961,5.6868
29.22,-26.5736,18.5451,-5.5135,0.0023,2.8961,5.6875
29.24,-26.5737,18.5455,-5.5137,0,2.8961,5.6871
29.26,-26.5732,18.545,-5.5134,0.0019,2.8967,5.6877
29.28,-26.5725,18.5452,-5.5135,0.0017,2.8989,5.687
29.3,-26.5742,18.5453,-5.5141,0.0012,2.8975,5.6864
29.32,-26.5752,18.5452,-5.514,0.0017,2.8982,5.6874
29.34,-26.5752,18.5451,-5.5138,0.0022,2.8987,5.6878
29.36,-26.5744,18.545,-5.5138,0.0024,2.8991,5.6881
29.38,-26.5743,18.5452,-5.5147,0.0012,2.8994,5.6867
29.4,-26.577,18.5453,-5.5152,0.0009,2.8984,5.6868
29.42,-26.5782,18.5453,-5.515,0.001,2.8987,5.6875
29.44,-26.5775,18.5452,-5.5146,0.001,2.9001,5.6886
29.46,-26.5765,18.5454,-5.5152,-0.0003,2.8996,5.6877
29.48,-26.5786,18.5454,-5.516,-0.001,2.8971,5.6871
29.5,-26.5804,18.5449,-5.5154,0.0012,2.8977,5.6872
29.52,-26.5804,18.5453,-5.5156,0.0005,2.8963,5.6873
29.54,-26.579,18.5453,-5.516,0.0004,2.8973,5.6868
29.56,-26.5786,18.5453,-5.5164,-0.0002,2.8977,5.6871
29.58,-26.5796,18.5448,-5.5161,0.0015,2.8965,5.689
29.6,-26.5799,18.5449,-5.516,0.001,2.8974,5.6882
29.62,-26.5794,18.5451,-5.516,0.0007,2.9007,5.6864
29.64,-26.5791,18.5448,-5.5162,0.0021,2.8994,5.6885
29.66,-26.5782,18.5456,-5.5164,-0.0008,2.9002,5.6868
29.68,-26.5783,18.5453,-5.5158,0,2.9013,5.687
29.7,-26.5782,18.5453,-5.5157,0.0004,2.9012,5.6877
29.72,-26.5777,18.5454,-5.5157,-0.0003,2.9003,5.6865
29.74,-26.5776,18.5456,-5.5156,-0.0005,2.8989,5.6867
29.76,-26.5777,18.545,-5.5153,0.0016,2.8962,5.6884
29.78,-26.5776,18.5448,-5.5149,0.0027,2.8946,5.6883
29.8,-26.5773,18.5451,-5.515,0.0008,2.8923,5.6875
29.82,-26.5768,18.5449,-5.5146,0.0014,2.8903,5.6899
29.84,-26.5764,18.545,-5.5143,0.0021,2.89,5.6897
29.86,-26.5755,18.545,-5.514,0.0026,2.8913,5.689
29.88,-26.5729,18.5449,-5.5135,0.0024,2.894,5.6882
29.9,-26.5726,18.5448,-5.5135,0.0033,2.8926,5.6885
29.92,-26.5715,18.5453,-5.5132,0.0023,2.8948,5.6875
29.94,-26.5713,18.5453,-5.5132,0.0014,2.8951,5.6874
29.96,-26.5711,18.5451,-5.5132,0.0018,2.8959,5.6874
29.98,-26.571,18.5453,-5.5132,0.0019,2.8987,5.6865
30,-26.5712,18.5451,-5.5132,0.0029,2.8988,5.688
30.02,-26.5714,18.5452,-5.5134,0.0012,2.8977,5.6881
30.04,-26.5714,18.5455,-5.5136,-0.0004,2.8987,5.6865
30.06,-26.5723,18.5454,-5.514,-0.0005,2.8969,5.6871
30.08,-26.5727,18.5453,-5.5138,0.001,2.8978,5.6868
30.1,-26.5727,18.5454,-5.514,-0.0002,2.8966,5.6875
30.12,-26.5723,18.5453,-5.5139,0,2.8974,5.6874
30.14,-26.5723,18.5455,-5.5141,-0.0007,2.8973,5.6874
30.16,-26.5724,18.5454,-5.5139,0.0003,2.8976,5.6874
30.18,-26.5721,18.5452,-5.5136,0.0019,2.9006,5.6871
30.2,-26.572,18.5453,-5.5138,0.0009,2.8998,5.6872
30.22,-26.5723,18.5454,-5.514,0.0002,2.8987,5.6874
30.24,-26.5725,18.5451,-5.5139,0.0019,2.8996,5.6881
30.26,-26.5731,18.5452,-5.514,0.0016,2.9,5.6877
30.28,-26.5736,18.5452,-5.5143,0.0014,2.8995,5.6885
30.3,-26.5738,18.5454,-5.5144,0.0005,2.899,5.6878
30.32,-26.5741,18.5455,-5.5146,0.0002,2.8998,5.6871
30.34,-26.575,18.5455,-5.5148,0.0003,2.9004,5.6869
30.36,-26.5756,18.5456,-5.515,-0.0005,2.9004,5.6874
30.38,-26.5763,18.545,-5.5152,0.0015,2.8994,5.6879
30.4,-26.5762,18.5452,-5.5153,0.0012,2.8999,5.6878
30.42,-26.5764,18.5451,-5.5154,0.0012,2.8997,5.688
30.44,-26.5768,18.5454,-5.5156,-0.0002,2.9009,5.6865
30.46,-26.578,18.5453,-5.5159,-0.0003,2.9,5.6868
30.48,-26.578,18.5452,-5.5158,-0.0003,2.8985,5.6878
30.5,-26.5777,18.5452,-5.5159,0,2.8988,5.6877
30.52,-26.5779,18.5452,-5.5161,-0.0003,2.8983,5.6875
30.54,-26.5781,18.5455,-5.5161,-0.0017,2.8994,5.6872
30.56,-26.5785,18.5451,-5.5159,0,2.8989,5.6887
30.58,-26.578,18.5453,-5.5161,0,2.8994,5.6873
30.6,-26.5774,18.5452,-5.5158,0.0006,2.9034,5.6862
30.62,-26.5776,18.5452,-5.5159,0.0007,2.9019,5.6862
30.64,-26.5775,18.5452,-5.5158,0.0004,2.9023,5.6861
30.66,-26.5775,18.5452,-5.5159,0.0003,2.9019,5.6857
30.68,-26.5779,18.545,-5.5159,0.001,2.9006,5.6869
30.7,-26.5781,18.5452,-5.5159,-0.0006,2.8994,5.6877
30.72,-26.5781,18.5453,-5.5159,0,2.8987,5.687
30.74,-26.578,18.5451,-5.5158,0.0013,2.8982,5.6871
30.76,-26.5778,18.5452,-5.5159,0,2.8979,5.6868
30.78,-26.5775,18.5455,-5.5156,-0.0009,2.8973,5.6868
30.8,-26.5774,18.5449,-5.5152,0.0013,2.8981,5.6885
30.82,-26.5769,18.5448,-5.515,0.002,2.8984,5.6882
30.84,-26.5765,18.5452,-5.5152,0.0005,2.8958,5.6873
30.86,-26.5756,18.5453,-5.5148,0.0003,2.8951,5.6868
30.88,-26.5752,18.5454,-5.5144,0.0007,2.8954,5.6862
30.9,-26.5751,18.5451,-5.5142,0.0013,2.895,5.6867
30.92,-26.5739,18.5456,-5.5142,0.0001,2.8953,5.6864
30.94,-26.5727,18.5455,-5.5139,0.0003,2.8949,5.6856
30.96,-26.5727,18.545,-5.5138,0.0012,2.8935,5.6863
30.98,-26.5722,18.5453,-5.5136,0.0012,2.8957,5.687
31,-26.5714,18.5455,-5.5134,-0.0002,2.8979,5.6868
31.02,-26.5706,18.5455,-5.5134,-0.0001,2.8991,5.6862
31.04,-26.5701,18.5453,-5.5133,0.0007,2.9002,5.686
31.06,-26.57,18.5454,-5.5134,0,2.9012,5.6858
31.08,-26.5707,18.5453,-5.5137,0.0009,2.8996,5.6856
31.1,-26.5712,18.5451,-5.514,0.0012,2.8991,5.6874
31.12,-26.5706,18.5452,-5.5138,0.0011,2.901,5.6865
31.14,-26.5705,18.5455,-5.5138,-0.0001,2.901,5.686
31.16,-26.5705,18.545,-5.5137,0.0017,2.9004,5.6861
31.18,-26.571,18.5449,-5.5139,0.0028,2.9008,5.6862
31.2,-26.5712,18.5453,-5.5139,0.0012,2.9004,5.6866
31.22,-26.5708,18.5454,-5.5137,0.0007,2.9014,5.6868
31.24,-26.5703,18.5452,-5.5136,0.0014,2.9017,5.6863
31.26,-26.5705,18.5451,-5.5139,0.0014,2.9,5.6877
31.28,-26.5705,18.5454,-5.5137,0.0005,2.9059,5.6866
31.3,-26.5709,18.5454,-5.5136,0.0007,2.906,5.6864
31.32,-26.5709,18.5454,-5.5136,0.001,2.9051,5.6862
31.34,-26.5715,18.5455,-5.5141,0.0009,2.9032,5.6859
31.36,-26.5729,18.5453,-5.5144,0.0007,2.9022,5.6867
31.38,-26.5748,18.5455,-5.5145,0.0005,2.9019,5.6868
31.4,-26.5742,18.5452,-5.5143,0.0007,2.9032,5.6872
31.42,-26.574,18.5455,-5.5149,0.0001,2.9035,5.6866
31.44,-26.5749,18.5454,-5.5154,0,2.9014,5.6871
31.46,-26.5764,18.5455,-5.5155,-0.0003,2.9008,5.6865
31.48,-26.5782,18.5448,-5.5153,0.0016,2.8995,5.6873
31.5,-26.578,18.5453,-5.5158,0.0003,2.8993,5.6877
31.52,-26.5779,18.5452,-5.5161,0.0004,2.899,5.6872
31.54,-26.5783,18.5451,-5.5161,0.0007,2.8993,5.6873
31.56,-26.5793,18.5449,-5.5161,0.0015,2.8977,5.6888
31.58,-26.579,18.5452,-5.5164,0.0003,2.8985,5.6875
31.6,-26.5785,18.5453,-5.5164,0.0002,2.8994,5.6861
31.62,-26.5778,18.5455,-5.5165,-0.0009,2.8999,5.6865
31.64,-26.5775,18.545,-5.516,0.0003,2.9016,5.687
31.66,-26.5774,18.545,-5.5159,0.0007,2.9013,5.687
31.68,-26.577,18.5452,-5.516,0.0001,2.902,5.6864
31.7,-26.5768,18.5452,-5.5159,0.0002,2.9022,5.6863
31.72,-26.577,18.5453,-5.516,-0.0002,2.9005,5.6866
31.74,-26.5774,18.5452,-5.5159,-0.0004,2.899,5.6869
31.76,-26.5775,18.5452,-5.5158,0.0004,2.8999,5.687
31.78,-26.5775,18.5453,-5.5159,-0.0004,2.8997,5.6867
31.8,-26.5772,18.5453,-5.5158,-0.0005,2.8996,5.6861
31.82,-26.577,18.5451,-5.5157,0.0008,2.8998,5.6867
31.84,-26.5768,18.545,-5.5154,0.0013,2.9013,5.6872
31.86,-26.5768,18.5451,-5.5154,0.0011,2.9009,5.6872
31.88,-26.5766,18.545,-5.5154,0.0018,2.8959,5.6876
31.9,-26.5761,18.5453,-5.5152,0.0005,2.8965,5.6871
31.92,-26.5754,18.5453,-5.5149,0.0009,2.8975,5.6869
31.94,-26.5756,18.5454,-5.5149,0,2.8947,5.688
31.96,-26.5755,18.5452,-5.5145,0.0008,2.8953,5.6885
31.98,-26.5734,18.5449,-5.5138,0.0024,2.8988,5.6882
32,-26.5726,18.5451,-5.5139,0.0018,2.8973,5.6871
32.02,-26.5722,18.5453,-5.5138,0.001,2.8974,5.6865
32.04,-26.5721,18.5451,-5.5135,0.0017,2.8975,5.6874
32.06,-26.5719,18.5451,-5.5134,0.0022,2.8975,5.6872
32.08,-26.5705,18.5451,-5.5133,0.0018,2.8991,5.6866
32.1,-26.5707,18.545,-5.5134,0.0027,2.8982,5.687
32.12,-26.571,18.5449,-5.5134,0.0026,2.8989,5.6876
32.14,-26.5711,18.5447,-5.5133,0.0037,2.8994,5.6882
32.16,-26.5709,18.5449,-5.5133,0.0033,2.9018,5.6881
32.18,-26.5716,18.5454,-5.5139,0.0009,2.9,5.687
32.2,-26.5726,18.5453,-5.5142,0.0011,2.8973,5.6877
32.22,-26.5726,18.5452,-5.514,0.0014,2.8984,5.688
32.24,-26.5723,18.5451,-5.5139,0.0012,2.8991,5.688
32.26,-26.572,18.5453,-5.514,0.0009,2.899,5.6864
32.28,-26.572,18.5449,-5.5136,0.0025,2.8996,5.6875
32.3,-26.5721,18.5451,-5.5138,0.0021,2.8992,5.6871
32.32,-26.5722,18.5449,-5.5138,0.0026,2.8988,5.688
32.34,-26.572,18.5449,-5.5137,0.0029,2.9,5.6881
32.36,-26.5715,18.5454,-5.5137,0.0011,2.9032,5.6862
32.38,-26.5715,18.5451,-5.5136,0.0025,2.9022,5.6876
32.4,-26.572,18.5452,-5.5139,0.0015,2.9022,5.6873
32.42,-26.5733,18.5452,-5.5143,0.0012,2.9011,5.6881
32.44,-26.5737,18.5452,-5.5142,0.0008,2.9029,5.6878
32.46,-26.5746,18.5451,-5.5145,0.0018,2.9009,5.6883
32.48,-26.5745,18.5453,-5.5148,0.001,2.9011,5.6866
32.5,-26.5757,18.5457,-5.5153,0.0006,2.9007,5.6862
32.52,-26.5768,18.5453,-5.5153,0.0003,2.9006,5.6868
32.54,-26.5774,18.5449,-5.5151,0.0008,2.9,5.6882
32.56,-26.5769,18.5449,-5.5151,0.0014,2.9011,5.6881
32.58,-26.5775,18.5452,-5.516,0.0002,2.8979,5.6876
32.6,-26.5781,18.545,-5.5159,0.0015,2.8994,5.6876
32.62,-26.5788,18.545,-5.5158,0.0009,2.8998,5.6879
32.64,-26.5789,18.5453,-5.5159,0,2.8989,5.6874
32.66,-26.5785,18.5452,-5.5162,-0.0002,2.8999,5.688
32.68,-26.5779,18.545,-5.5161,0.0005,2.9033,5.6885
32.7,-26.5784,18.5446,-5.5161,0.0024,2.9009,5.6889
32.72,-26.5782,18.5449,-5.5161,0.0012,2.9008,5.6886
32.74,-26.5777,18.545,-5.5161,0.0007,2.9006,5.6879
32.76,-26.5762,18.5453,-5.5158,0,2.9045,5.6858
32.78,-26.5777,18.5447,-5.5156,0.0024,2.9006,5.6878
32.8,-26.5776,18.5449,-5.5157,0.0023,2.9014,5.6873
32.82,-26.5778,18.545,-5.516,0.0014,2.9006,5.6878
32.84,-26.5781,18.5448,-5.5163,0.0015,2.8992,5.6882
32.86,-26.5776,18.5447,-5.5159,0.0026,2.9017,5.6879
32.88,-26.5777,18.5451,-5.5158,0.0003,2.9011,5.6883
32.9,-26.5772,18.5452,-5.5159,0,2.9009,5.6879
32.92,-26.5762,18.5456,-5.5158,-0.0009,2.9029,5.6861
32.94,-26.5771,18.5446,-5.5157,0.0017,2.897,5.6892
32.96,-26.5765,18.5452,-5.5152,0.0011,2.8999,5.6874
32.98,-26.5761,18.5449,-5.515,0.002,2.8986,5.6881
33,-26.5757,18.5451,-5.5149,0.0015,2.8979,5.6876
33.02,-26.5754,18.5449,-5.5146,0.0016,2.8971,5.6881
33.04,-26.575,18.5447,-5.5142,0.0038,2.897,5.6884
33.06,-26.5746,18.5446,-5.5142,0.004,2.8969,5.6893
33.08,-26.5728,18.5447,-5.514,0.0028,2.8974,5.6878
33.1,-26.572,18.5447,-5.5134,0.003,2.8979,5.6881
33.12,-26.5717,18.545,-5.5133,0.0026,2.8989,5.6875
33.14,-26.5716,18.5451,-5.5134,0.0027,2.8995,5.6871
33.16,-26.5715,18.545,-5.5135,0.0022,2.8998,5.6875
33.18,-26.5708,18.5448,-5.5133,0.0039,2.9016,5.6872
33.2,-26.571,18.545,-5.5136,0.0025,2.9008,5.6871
33.22,-26.571,18.5449,-5.5136,0.0029,2.9012,5.6872
33.24,-26.5708,18.5449,-5.5135,0.0031,2.9023,5.6875
33.26,-26.5708,18.5451,-5.5137,0.0025,2.9014,5.6867
33.28,-26.5712,18.5452,-5.5138,0.0013,2.9011,5.6867
33.3,-26.5712,18.5453,-5.5136,0.0012,2.9031,5.6866
33.32,-26.5712,18.5453,-5.5135,0.0007,2.9028,5.6864
33.34,-26.5711,18.5453,-5.5136,0.001,2.9023,5.6863
33.36,-26.5716,18.545,-5.5138,0.0025,2.9001,5.6869
33.38,-26.5718,18.5451,-5.5136,0.0023,2.9017,5.6863
33.4,-26.5715,18.5452,-5.5135,0.0017,2.9024,5.6859
33.42,-26.5716,18.5451,-5.5137,0.0019,2.8998,5.6868
33.44,-26.5715,18.545,-5.5137,0.0028,2.9006,5.6876
33.46,-26.5715,18.5451,-5.5136,0.0024,2.9012,5.6874
33.48,-26.572,18.545,-5.5136,0.0028,2.9035,5.6877
33.5,-26.5723,18.5448,-5.5138,0.0031,2.9036,5.6881
33.52,-26.5732,18.5452,-5.5146,0.0019,2.9006,5.6884
33.54,-26.5726,18.5449,-5.5141,0.003,2.9037,5.6868
33.56,-26.5736,18.5448,-5.5144,0.0027,2.9016,5.6882
33.58,-26.5751,18.545,-5.5148,0.002,2.9025,5.6883
33.6,-26.5754,18.545,-5.5151,0.0018,2.903,5.6888
33.62,-26.5754,18.545,-5.5151,0.0017,2.9026,5.6893
33.64,-26.5751,18.545,-5.5149,0.0019,2.9057,5.6882
33.66,-26.5758,18.5452,-5.5153,0.0009,2.905,5.6876
33.68,-26.5777,18.545,-5.5159,0.0005,2.9021,5.6883
33.7,-26.5771,18.545,-5.5156,0.0018,2.9042,5.6869
33.72,-26.5772,18.5454,-5.5161,0.0003,2.9026,5.6865
33.74,-26.5771,18.5454,-5.516,-0.0004,2.9039,5.687
33.76,-26.5776,18.5453,-5.516,-0.0003,2.9033,5.687
33.78,-26.5777,18.5448,-5.5158,0.0025,2.9035,5.6867
33.8,-26.5773,18.5452,-5.5158,0.0013,2.9042,5.6868
33.82,-26.5772,18.545,-5.5158,0.0014,2.9038,5.6875
33.84,-26.5774,18.545,-5.5158,0.0013,2.9027,5.6876
33.86,-26.5771,18.545,-5.5157,0.0017,2.9038,5.6869
33.88,-26.5767,18.5453,-5.5158,-0.0001,2.904,5.6873
33.9,-26.5768,18.5453,-5.5157,0.0002,2.9042,5.687
33.92,-26.5767,18.5451,-5.5156,0.0006,2.9054,5.6871
33.94,-26.5769,18.545,-5.5156,0.0019,2.9043,5.6867
33.96,-26.5773,18.5449,-5.5157,0.0019,2.9025,5.6873
33.98,-26.5774,18.5451,-5.5157,0.0017,2.9025,5.6874
34,-26.5775,18.5451,-5.5158,0.0014,2.9015,5.6878
34.02,-26.5767,18.5452,-5.5154,0.0012,2.9042,5.688
34.04,-26.5768,18.545,-5.5154,0.0024,2.9015,5.6881
34.06,-26.5765,18.5451,-5.5153,0.0021,2.9007,5.6884
34.08,-26.5761,18.5452,-5.5151,0.0013,2.899,5.6867
34.1,-26.5757,18.5451,-5.5148,0.0016,2.8985,5.6882
34.12,-26.5749,18.5449,-5.5144,0.0029,2.8986,5.6886
34.14,-26.5743,18.5453,-5.5143,0.0012,2.8982,5.6882
34.16,-26.5736,18.5452,-5.5139,0.0013,2.897,5.6875
34.18,-26.5723,18.5451,-5.5131,0.0027,2.8971,5.6879
34.2,-26.571,18.5453,-5.5127,0.0023,2.9,5.6868
34.22,-26.5708,18.5453,-5.5129,0.002,2.8991,5.6858
34.24,-26.5701,18.5449,-5.5128,0.0037,2.9,5.6861
34.26,-26.5698,18.5452,-5.513,0.002,2.9019,5.6867
34.28,-26.5698,18.545,-5.513,0.0031,2.9033,5.6864
34.3,-26.5698,18.5449,-5.513,0.0034,2.9036,5.6872
34.32,-26.5696,18.5448,-5.513,0.0042,2.9033,5.6872
34.34,-26.5695,18.5451,-5.5131,0.003,2.9037,5.6868
34.36,-26.5699,18.545,-5.5133,0.0025,2.9036,5.6872
34.38,-26.5714,18.545,-5.5136,0.0015,2.9017,5.6873
34.4,-26.5705,18.5451,-5.5131,0.0022,2.9036,5.6864
34.42,-26.5702,18.5453,-5.5133,0.0017,2.9018,5.6854
34.44,-26.57,18.5453,-5.5134,0.0018,2.9023,5.6849
34.46,-26.5704,18.5451,-5.5134,0.0026,2.9035,5.6855
34.48,-26.5711,18.5453,-5.5133,0.0011,2.9027,5.6871
34.5,-26.5708,18.5452,-5.5133,0.0023,2.9003,5.6859
34.52,-26.5705,18.545,-5.5132,0.0036,2.9008,5.6868
34.54,-26.5706,18.5452,-5.5133,0.0021,2.9009,5.6861
34.56,-26.5713,18.5453,-5.5133,0.0016,2.9006,5.686
34.58,-26.5719,18.545,-5.5132,0.0032,2.9007,5.6871
34.6,-26.5715,18.545,-5.5135,0.0033,2.9008,5.6875
34.62,-26.5715,18.545,-5.5136,0.0027,2.9007,5.6877
34.64,-26.5721,18.545,-5.5138,0.0029,2.9012,5.6883
34.66,-26.5731,18.5449,-5.5137,0.0036,2.9019,5.6893
34.68,-26.5734,18.5454,-5.5143,0.0012,2.9044,5.6874
34.7,-26.5729,18.5454,-5.5144,0.0009,2.9051,5.6865
34.72,-26.5739,18.5456,-5.515,-0.0003,2.9032,5.6865
34.74,-26.5755,18.5452,-5.5151,0.001,2.9025,5.6874
34.76,-26.5765,18.5452,-5.5151,0.0015,2.9035,5.6871
34.78,-26.5769,18.5454,-5.5157,0.0001,2.9021,5.6877
34.8,-26.5769,18.5453,-5.5158,0.0003,2.9005,5.6866
34.82,-26.5775,18.5451,-5.5159,0.0009,2.9007,5.688
34.84,-26.5785,18.5454,-5.516,-0.0006,2.9005,5.6875
34.86,-26.5789,18.5452,-5.5161,0.0003,2.8991,5.6875
34.88,-26.5778,18.5451,-5.5161,0.0009,2.9014,5.6871
34.9,-26.5781,18.5451,-5.5161,0.0002,2.9011,5.6869
34.92,-26.5781,18.5455,-5.5161,-0.0016,2.9019,5.6865
34.94,-26.5784,18.5452,-5.5161,0,2.9014,5.6869
34.96,-26.5781,18.5451,-5.5161,0.0009,2.9025,5.6862
34.98,-26.5769,18.5453,-5.5161,-0.0001,2.9037,5.6868
35,-26.5764,18.5449,-5.5157,0.0014,2.9043,5.6875
35.02,-26.5766,18.5448,-5.5159,0.002,2.9029,5.6877
35.04,-26.5765,18.5451,-5.5159,0.0012,2.903,5.6873
35.06,-26.5763,18.5452,-5.5158,0.0009,2.9032,5.6872
35.08,-26.5756,18.5453,-5.5154,0.0004,2.9008,5.6869
35.1,-26.5755,18.5448,-5.515,0.0023,2.9001,5.6877
35.12,-26.5761,18.5451,-5.5151,0.0012,2.8935,5.6897
35.14,-26.5758,18.5451,-5.5147,0.0021,2.8963,5.6884
35.16,-26.5751,18.5449,-5.5142,0.0034,2.8963,5.6866
35.18,-26.5737,18.5451,-5.5137,0.0023,2.8952,5.6872
35.2,-26.5725,18.5455,-5.5135,0.0012,2.8986,5.6871
35.22,-26.5716,18.5452,-5.5136,0.0013,2.898,5.6866
35.24,-26.5698,18.5455,-5.5131,0.0018,2.8986,5.6855
35.26,-26.5692,18.5456,-5.513,0.0005,2.8996,5.6859
35.28,-26.5687,18.5448,-5.5125,0.0043,2.9022,5.6879
35.3,-26.5682,18.5452,-5.5126,0.0031,2.9017,5.6864
35.32,-26.5678,18.5452,-5.5128,0.0021,2.9011,5.6868
35.34,-26.5673,18.5451,-5.5128,0.0022,2.9026,5.6859
35.36,-26.5681,18.5453,-5.5132,0.0013,2.901,5.6871
35.38,-26.5699,18.545,-5.5134,0.0027,2.9017,5.6862
35.4,-26.5703,18.5451,-5.5137,0.0019,2.9008,5.6862
35.42,-26.5706,18.5454,-5.5138,0.0014,2.9004,5.686
35.44,-26.5707,18.545,-5.5136,0.0026,2.9008,5.6865
35.46,-26.5711,18.5452,-5.5139,0.0024,2.898,5.6864
35.48,-26.5713,18.5454,-5.5139,0.0001,2.8991,5.6863
35.5,-26.5713,18.5452,-5.5138,0.0018,2.8994,5.6868
35.52,-26.5707,18.5452,-5.5134,0.0021,2.9018,5.6866
35.54,-26.5704,18.5452,-5.5133,0.0026,2.9012,5.6868
35.56,-26.5702,18.5452,-5.5133,0.002,2.9008,5.6864
35.58,-26.5705,18.5451,-5.5135,0.0025,2.9018,5.6869
35.6,-26.5706,18.5453,-5.5134,0.0019,2.9027,5.6871
35.62,-26.5705,18.5451,-5.5132,0.0022,2.9039,5.6871
35.64,-26.5706,18.5453,-5.5134,0.0011,2.9029,5.6873
35.66,-26.5711,18.5451,-5.5136,0.0022,2.9019,5.6879
35.68,-26.5722,18.5451,-5.514,0.0028,2.9017,5.6878
35.7,-26.5727,18.5454,-5.5142,0.0013,2.9028,5.6875
35.72,-26.5734,18.5453,-5.5145,0.0014,2.9032,5.6879
35.74,-26.5741,18.5454,-5.5148,0.0012,2.9029,5.6869
35.76,-26.5744,18.5456,-5.5149,0.0007,2.9031,5.6872
35.78,-26.5747,18.5455,-5.5152,0,2.9043,5.6867
35.8,-26.5748,18.5454,-5.5152,0.0004,2.9058,5.6864
35.82,-26.5764,18.5451,-5.5156,0.0008,2.9032,5.6867
35.84,-26.577,18.5451,-5.5156,0.0011,2.9029,5.687
35.86,-26.5773,18.5451,-5.5157,0.0008,2.9035,5.6875
35.88,-26.5775,18.5453,-5.5163,0.0002,2.8994,5.6878
35.9,-26.5773,18.5453,-5.5161,0.0005,2.9015,5.6873
35.92,-26.5776,18.5452,-5.516,-0.0001,2.9022,5.6868
35.94,-26.5779,18.5453,-5.5161,0.0001,2.9019,5.6867
35.96,-26.5783,18.5451,-5.5163,0.0001,2.9004,5.6876
35.98,-26.577,18.5453,-5.5162,-0.0004,2.9031,5.6858
36,-26.5769,18.5455,-5.5161,-0.0007,2.9048,5.6859
36.02,-26.5774,18.5451,-5.516,0.0003,2.9025,5.6871
36.04,-26.5771,18.5452,-5.5158,0.0007,2.9046,5.6861
36.06,-26.5768,18.5453,-5.516,-0.0005,2.9042,5.686
36.08,-26.5768,18.5451,-5.5159,0.0006,2.9025,5.687
36.1,-26.577,18.5449,-5.5157,0.0021,2.9034,5.6875
36.12,-26.5771,18.5451,-5.5157,0.0013,2.9028,5.6873
36.14,-26.5768,18.5452,-5.5157,0.0007,2.9024,5.6869
36.16,-26.5764,18.5451,-5.5157,0.0008,2.9006,5.6864
36.18,-26.5761,18.5451,-5.5154,0.0013,2.8996,5.6883
36.2,-26.5763,18.545,-5.5152,0.0017,2.8988,5.6882
36.22,-26.5759,18.545,-5.5149,0.0023,2.8992,5.6876
36.24,-26.5756,18.5451,-5.5149,0.0019,2.8983,5.688
36.26,-26.5751,18.5449,-5.5147,0.0018,2.8971,5.6894
36.28,-26.5729,18.545,-5.5138,0.0024,2.9014,5.6879
36.3,-26.5728,18.5454,-5.5142,0.0007,2.9004,5.6876
36.32,-26.5724,18.5451,-5.514,0.0013,2.8985,5.688
36.34,-26.5713,18.5447,-5.5133,0.0029,2.9,5.6877
36.36,-26.5708,18.5449,-5.5133,0.0032,2.9003,5.6869
36.38,-26.5698,18.5449,-5.513,0.0033,2.9014,5.6858
36.4,-26.5691,18.5451,-5.5127,0.0028,2.9046,5.6857
36.42,-26.5692,18.5451,-5.5128,0.0025,2.9051,5.6872
36.44,-26.5697,18.5452,-5.5131,0.0024,2.9043,5.6865
36.46,-26.5704,18.5452,-5.5135,0.0016,2.9029,5.6864
36.48,-26.571,18.5451,-5.5134,0.0017,2.9004,5.6872
36.5,-26.5711,18.5451,-5.5134,0.0016,2.9017,5.6885
36.52,-26.5717,18.5455,-5.5139,0.0001,2.9007,5.6871
36.54,-26.5717,18.5451,-5.5138,0.0014,2.9017,5.6867
36.56,-26.5716,18.545,-5.5137,0.0024,2.902,5.687
36.58,-26.5712,18.5451,-5.5137,0.0018,2.9002,5.6874
36.6,-26.5708,18.5449,-5.5137,0.0026,2.9006,5.6867
36.62,-26.5707,18.5448,-5.5135,0.0038,2.9025,5.6875
36.64,-26.5709,18.545,-5.5135,0.0027,2.9029,5.6875
36.66,-26.5707,18.5449,-5.5132,0.0033,2.9041,5.6871
36.68,-26.5699,18.5451,-5.5136,0.0023,2.9026,5.6867
36.7,-26.5697,18.5456,-5.5136,0.001,2.9059,5.6865
36.72,-26.5709,18.5451,-5.5137,0.0016,2.9051,5.6876
36.74,-26.5717,18.5454,-5.5137,0.0019,2.9044,5.6881
36.76,-26.5718,18.5452,-5.5139,0.0018,2.9031,5.6886
36.78,-26.5715,18.5455,-5.5142,0.0006,2.9034,5.6879
36.8,-26.5726,18.545,-5.5142,0.0022,2.9032,5.6888
36.82,-26.573,18.5454,-5.5142,0.0018,2.9053,5.6885
36.84,-26.5731,18.5457,-5.5143,0.0011,2.9078,5.6862
36.86,-26.5732,18.5455,-5.5147,0.0012,2.9067,5.687
36.88,-26.5751,18.5459,-5.5152,-0.0009,2.9041,5.6868
36.9,-26.5762,18.5454,-5.5151,-0.0003,2.9053,5.6877
36.92,-26.5766,18.5454,-5.5154,0,2.9051,5.6867
36.94,-26.5767,18.5452,-5.5157,0.0004,2.9044,5.6867
36.96,-26.5776,18.5452,-5.516,0.0008,2.9033,5.6869
36.98,-26.5794,18.5455,-5.5164,-0.0004,2.9014,5.688
37,-26.5791,18.5453,-5.5165,0.0005,2.9023,5.6871
37.02,-26.5789,18.5457,-5.5167,-0.0023,2.9025,5.6859
37.04,-26.5786,18.5453,-5.5166,0.0001,2.9043,5.6867
37.06,-26.5785,18.5451,-5.5164,0.0004,2.9047,5.6873
37.08,-26.5779,18.5452,-5.5163,0.0007,2.9047,5.6869
37.1,-26.5775,18.5452,-5.5164,0.0006,2.9043,5.6872
37.12,-26.5775,18.545,-5.5163,0.0009,2.9029,5.6873
37.14,-26.5773,18.545,-5.516,0.0009,2.9035,5.6877
37.16,-26.5772,18.5452,-5.5159,0.0006,2.9033,5.6873
37.18,-26.5767,18.5452,-5.5159,0.0006,2.9034,5.6869
37.2,-26.5765,18.5453,-5.5158,0.0002,2.9028,5.6868
37.22,-26.5764,18.5451,-5.5155,0.0013,2.9017,5.6875
37.24,-26.5761,18.5452,-5.5154,0.0008,2.9023,5.6868
37.26,-26.5761,18.5452,-5.5155,0.0013,2.9005,5.6872
37.28,-26.5756,18.545,-5.5153,0.0012,2.8982,5.6886
37.3,-26.5752,18.5451,-5.515,0.0015,2.8986,5.6878
37.32,-26.5752,18.5452,-5.5149,0.001,2.8986,5.6882
37.34,-26.5747,18.545,-5.5147,0.0014,2.8996,5.6882
37.36,-26.574,18.5453,-5.5148,0.0009,2.8997,5.687
37.38,-26.573,18.5449,-5.5143,0.003,2.901,5.6883
37.4,-26.5726,18.5451,-5.5141,0.0023,2.9013,5.6879
37.42,-26.5722,18.5452,-5.5141,0.0013,2.901,5.6876
37.44,-26.5708,18.5449,-5.5134,0.0028,2.9037,5.688
37.46,-26.5703,18.5456,-5.5136,0.0008,2.9034,5.6865
37.48,-26.5699,18.5452,-5.5134,0.0016,2.9023,5.6876
37.5,-26.5697,18.5449,-5.5132,0.0028,2.903,5.6874
37.52,-26.5694,18.545,-5.5131,0.0034,2.904,5.6867
37.54,-26.5693,18.5452,-5.5131,0.0022,2.9039,5.6862
37.56,-26.5696,18.545,-5.5132,0.0031,2.9025,5.6862
37.58,-26.5704,18.5451,-5.5135,0.0022,2.9014,5.6867
37.6,-26.5715,18.5455,-5.514,0.0009,2.9012,5.6868
37.62,-26.571,18.5455,-5.5134,0.0009,2.9034,5.6863
37.64,-26.5711,18.5452,-5.5134,0.0003,2.9021,5.6868
37.66,-26.5705,18.5454,-5.5134,0.0005,2.9026,5.686
37.68,-26.5709,18.5454,-5.5138,0.0011,2.9029,5.686
37.7,-26.5715,18.5456,-5.5138,0.0009,2.9027,5.6863
37.72,-26.5713,18.5454,-5.5136,0.0013,2.9029,5.6859
37.74,-26.5706,18.5451,-5.5133,0.0024,2.9038,5.687
37.76,-26.5704,18.545,-5.5134,0.0029,2.9033,5.687
37.78,-26.5714,18.5452,-5.5137,0.0019,2.9038,5.6878
37.8,-26.5715,18.5452,-5.5135,0.0015,2.9045,5.6878
37.82,-26.5713,18.5453,-5.5136,0.0018,2.9052,5.6867
37.84,-26.5715,18.5451,-5.514,0.0023,2.9039,5.6873
37.86,-26.5716,18.5452,-5.5141,0.002,2.9055,5.6871
37.88,-26.5725,18.5452,-5.5139,0.0024,2.9067,5.6876
37.9,-26.5726,18.5451,-5.5143,0.0019,2.9064,5.6879
37.92,-26.5726,18.5452,-5.5145,0.0016,2.9066,5.6873
37.94,-26.5735,18.5452,-5.515,0.0012,2.9041,5.6879
37.96,-26.5748,18.5453,-5.515,0.001,2.9042,5.6878
37.98,-26.576,18.5452,-5.5152,0.0005,2.9047,5.6873
38,-26.5756,18.5455,-5.5157,-0.0003,2.9047,5.6871
38.02,-26.5756,18.5454,-5.5157,0,2.9053,5.6868
38.04,-26.5759,18.5454,-5.5156,-0.0001,2.9052,5.6863
38.06,-26.5762,18.5456,-5.5154,-0.0005,2.9063,5.6858
38.08,-26.5771,18.5453,-5.5159,0.0001,2.9046,5.6871
38.1,-26.5768,18.5455,-5.516,-0.0003,2.9044,5.6864
38.12,-26.5765,18.5453,-5.5157,0.0001,2.9045,5.6862
38.14,-26.5767,18.5454,-5.5155,-0.0002,2.9047,5.686
38.16,-26.5778,18.5451,-5.5156,0.0007,2.9029,5.6861
38.18,-26.5779,18.5451,-5.5158,0.0011,2.9013,5.6859
38.2,-26.5775,18.5451,-5.5156,0.001,2.901,5.6865
38.22,-26.5778,18.5449,-5.5157,0.0011,2.8995,5.6875
38.24,-26.5775,18.545,-5.5156,0.0014,2.9012,5.6872
38.26,-26.5776,18.5453,-5.5159,-0.0003,2.9011,5.6873
38.28,-26.5778,18.5451,-5.5158,0.0009,2.8991,5.6883
38.3,-26.5772,18.5453,-5.5155,0.0001,2.8998,5.6873
38.32,-26.5771,18.5451,-5.5155,0.0013,2.8964,5.6877
38.34,-26.5764,18.5453,-5.5154,-0.0001,2.8982,5.6863
38.36,-26.5754,18.5452,-5.5147,0.0014,2.8992,5.6872
38.38,-26.5754,18.5451,-5.5145,0.0026,2.8958,5.687
38.4,-26.575,18.5448,-5.5142,0.0029,2.8955,5.6876
38.42,-26.5742,18.5448,-5.514,0.0035,2.8969,5.6879
38.44,-26.5733,18.5457,-5.5141,0.0006,2.8972,5.6876
38.46,-26.5722,18.5452,-5.5135,0.0022,2.8979,5.6867
38.48,-26.5714,18.5452,-5.5131,0.0022,2.897,5.6872
38.5,-26.5707,18.5456,-5.5132,0.0008,2.8986,5.6858
38.52,-26.5703,18.5452,-5.5129,0.0024,2.9004,5.6854
38.54,-26.5701,18.5454,-5.5131,0.0011,2.9,5.6857
38.56,-26.5693,18.5453,-5.5128,0.0019,2.9022,5.6857
38.58,-26.5687,18.5453,-5.5128,0.0024,2.9023,5.6855
38.6,-26.5686,18.5454,-5.5128,0.0018,2.9026,5.6855
38.62,-26.5688,18.5455,-5.5131,0.0004,2.9011,5.6856
38.64,-26.5687,18.5453,-5.5129,0.0015,2.9025,5.686
38.66,-26.5687,18.5452,-5.5129,0.0021,2.9022,5.6862
38.68,-26.5696,18.545,-5.5133,0.0022,2.9007,5.6869
38.7,-26.57,18.5452,-5.5133,0.0016,2.9011,5.6868
38.72,-26.5704,18.5455,-5.5134,0.0009,2.901,5.6864
38.74,-26.5703,18.5453,-5.5133,0.0016,2.901,5.6869
38.76,-26.5701,18.5452,-5.5132,0.0015,2.901,5.6866
38.78,-26.5704,18.5453,-5.5134,0.0011,2.9015,5.6863
38.8,-26.571,18.545,-5.5133,0.002,2.9017,5.6877
38.82,-26.5712,18.5448,-5.5131,0.004,2.9008,5.6879
38.84,-26.5707,18.5451,-5.5132,0.0031,2.9012,5.6872
38.86,-26.5704,18.545,-5.5132,0.003,2.9023,5.6873
38.88,-26.5719,18.5452,-5.5135,0.0024,2.9032,5.6871
38.9,-26.573,18.5456,-5.5138,0.001,2.9034,5.6872
38.92,-26.5731,18.5455,-5.5139,0.0004,2.9039,5.6881
38.94,-26.573,18.5453,-5.5142,0.0011,2.9027,5.6875
38.96,-26.5733,18.5455,-5.5145,0.0001,2.9022,5.6868
38.98,-26.5773,18.5451,-5.5151,0.0019,2.8984,5.6876
39,-26.5771,18.545,-5.5147,0.0022,2.9002,5.6886
39.02,-26.5771,18.5453,-5.5152,0.0005,2.8989,5.6883
39.04,-26.5767,18.5454,-5.5153,-0.0004,2.8993,5.688
39.06,-26.5766,18.5455,-5.5153,-0.0007,2.9001,5.6864
39.08,-26.5788,18.5452,-5.5153,0.0004,2.8977,5.6875
39.1,-26.5793,18.545,-5.5155,0.0013,2.8957,5.6881
39.12,-26.5792,18.5451,-5.5159,0.0009,2.8951,5.6873
39.14,-26.5793,18.5455,-5.5161,-0.0019,2.8942,5.6874
39.16,-26.5795,18.5451,-5.516,0.0005,2.8945,5.6874
39.18,-26.5796,18.5449,-5.5158,0.0011,2.8959,5.6885
39.2,-26.5792,18.5451,-5.5158,0.0007,2.8983,5.6878
39.22,-26.5786,18.5453,-5.5158,0.0001,2.899,5.6865
39.24,-26.5784,18.5451,-5.5158,0.0003,2.8983,5.6866
39.26,-26.5783,18.5452,-5.5157,0.0003,2.8979,5.6865
39.28,-26.5785,18.5455,-5.5158,-0.001,2.8957,5.6869
39.3,-26.578,18.5455,-5.5157,-0.0013,2.8979,5.6869
39.32,-26.5771,18.5454,-5.5154,-0.0001,2.8986,5.6867
39.34,-26.5771,18.5455,-5.5153,-0.0007,2.8975,5.6871
39.36,-26.5768,18.5456,-5.5151,-0.0011,2.897,5.6866
39.38,-26.5764,18.5452,-5.5147,0.0012,2.8949,5.6866
39.4,-26.5761,18.5452,-5.5145,0.0017,2.8947,5.6865
39.42,-26.5758,18.5453,-5.5142,0.0011,2.8945,5.6874
39.44,-26.5752,18.5455,-5.5141,0.0001,2.8953,5.6873
39.46,-26.5745,18.5452,-5.5138,0.001,2.8956,5.6875
39.48,-26.5728,18.545,-5.5133,0.0014,2.8961,5.6871
39.5,-26.5723,18.5452,-5.513,0.0019,2.896,5.6868
39.52,-26.5725,18.5449,-5.5132,0.0025,2.8934,5.6873
39.54,-26.5717,18.5453,-5.5128,0.0018,2.8948,5.687
39.56,-26.5714,18.545,-5.5127,0.0025,2.8958,5.6879
39.58,-26.571,18.5454,-5.5128,0.0005,2.8955,5.6863
39.6,-26.571,18.545,-5.5128,0.0026,2.8965,5.6865
39.62,-26.571,18.5453,-5.5129,0.0013,2.8981,5.6867
39.64,-26.571,18.5451,-5.5128,0.0023,2.8982,5.6869
39.66,-26.5708,18.5451,-5.5127,0.0022,2.8977,5.6868
39.68,-26.5709,18.5452,-5.513,0.0007,2.8958,5.6876
39.7,-26.5711,18.5451,-5.513,0.0016,2.8972,5.6868
39.72,-26.5721,18.5448,-5.5132,0.003,2.8948,5.6877
39.74,-26.5716,18.5451,-5.5129,0.0017,2.8963,5.6867
39.76,-26.5714,18.5453,-5.513,0.0008,2.8959,5.6868
39.78,-26.5713,18.5451,-5.513,0.0024,2.9001,5.6864
39.8,-26.5716,18.5453,-5.513,0.001,2.8996,5.6871
39.82,-26.5716,18.5454,-5.5128,0.0013,2.8988,5.6871
39.84,-26.5714,18.5453,-5.5129,0.0015,2.8979,5.6867
39.86,-26.5712,18.5452,-5.5131,0.0021,2.8977,5.6878
39.88,-26.5718,18.5454,-5.513,0.0015,2.9002,5.6871
39.9,-26.5718,18.5454,-5.5129,0.0019,2.9022,5.6868
39.92,-26.5716,18.5453,-5.5131,0.0015,2.9007,5.6879
39.94,-26.5705,18.5451,-5.5131,0.0019,2.9018,5.6878
39.96,-26.5709,18.5448,-5.5134,0.0031,2.9018,5.6878
39.98,-26.5744,18.5454,-5.5138,0.0019,2.9018,5.6884
40,-26.575,18.5449,-5.5141,0.003,2.8994,5.6891
40.02,-26.5747,18.5454,-5.5144,0.0019,2.9006,5.6879
40.04,-26.5754,18.5453,-5.5146,0.0008,2.8985,5.6871
40.06,-26.5764,18.5454,-5.5148,-0.0003,2.8979,5.6877
40.08,-26.5791,18.5452,-5.515,0.0008,2.8957,5.6873
40.1,-26.5792,18.5451,-5.5152,0.0008,2.8961,5.6876
40.12,-26.5797,18.5451,-5.5156,0.0013,2.8935,5.6873
40.14,-26.5799,18.5451,-5.5157,0.0012,2.8939,5.6874
40.16,-26.5801,18.5451,-5.5156,0.0008,2.8941,5.6875
40.18,-26.58,18.5449,-5.5158,0.0014,2.8944,5.6886
40.2,-26.5792,18.5452,-5.5158,0.0006,2.897,5.6866
40.22,-26.579,18.5451,-5.5159,0.0009,2.8968,5.6869
40.24,-26.5784,18.5456,-5.5157,-0.0013,2.8988,5.686
40.26,-26.5782,18.5452,-5.5154,-0.0004,2.8996,5.6872
40.28,-26.5783,18.5455,-5.5156,-0.0008,2.8967,5.6868
40.3,-26.5778,18.5454,-5.5154,-0.0006,2.8981,5.6868
40.32,-26.578,18.5451,-5.5153,0.0007,2.8968,5.6881
40.34,-26.578,18.5453,-5.5153,0,2.8969,5.6868
40.36,-26.578,18.5453,-5.5153,-0.0003,2.8958,5.6875
40.38,-26.5775,18.5452,-5.5151,0.0003,2.8951,5.6875
40.4,-26.5773,18.5451,-5.515,0.001,2.8943,5.6875
40.42,-26.5771,18.545,-5.5146,0.0016,2.895,5.6872
40.44,-26.5769,18.5449,-5.5144,0.0024,2.8943,5.6878
40.46,-26.5763,18.5451,-5.5143,0.0014,2.895,5.6871
40.48,-26.5741,18.5453,-5.5137,0.0015,2.8973,5.6873
40.5,-26.5741,18.5451,-5.5136,0.0022,2.8957,5.6871
40.52,-26.5738,18.5451,-5.5136,0.0017,2.8956,5.6876
40.54,-26.5736,18.5453,-5.5135,0.001,2.8942,5.6873
40.56,-26.5732,18.5452,-5.5132,0.0018,2.895,5.6866
40.58,-26.5718,18.5449,-5.5126,0.0026,2.8967,5.686
40.6,-26.5719,18.5455,-5.5129,0.0015,2.8959,5.6859
40.62,-26.5715,18.5448,-5.5126,0.0028,2.8962,5.6867
40.64,-26.5715,18.5449,-5.5127,0.0026,2.8957,5.6871
40.66,-26.5715,18.5448,-5.5127,0.0035,2.896,5.6866
40.68,-26.5714,18.5452,-5.5129,0.0021,2.8962,5.6865
40.7,-26.5711,18.5451,-5.5128,0.0024,2.8978,5.6858
40.72,-26.5709,18.5454,-5.5129,0.0006,2.8982,5.685
40.74,-26.5712,18.5451,-5.5131,0.0018,2.8979,5.6861
40.76,-26.5718,18.5449,-5.5134,0.0019,2.8974,5.6867
40.78,-26.571,18.5451,-5.5131,0.0018,2.8992,5.6864
40.8,-26.5703,18.5448,-5.5127,0.0025,2.8999,5.6874
40.82,-26.5704,18.5448,-5.5129,0.0033,2.8996,5.6877
40.84,-26.571,18.5448,-5.5133,0.003,2.8986,5.6886
40.86,-26.5711,18.545,-5.5132,0.0024,2.8991,5.6882
40.88,-26.5708,18.5448,-5.5129,0.0042,2.8994,5.6879
40.9,-26.5705,18.545,-5.513,0.0027,2.9004,5.6873
40.92,-26.5706,18.545,-5.5131,0.0027,2.901,5.6873
40.94,-26.5715,18.545,-5.5132,0.0028,2.9002,5.6877
40.96,-26.5719,18.545,-5.513,0.0026,2.9014,5.6877
40.98,-26.5722,18.5448,-5.5134,0.0043,2.8994,5.6884
41,-26.5723,18.5451,-5.5137,0.0022,2.899,5.6891
41.02,-26.572,18.5453,-5.5135,0.0009,2.9027,5.6886
41.04,-26.572,18.5451,-5.5134,0.0032,2.9048,5.6877
41.06,-26.5722,18.5452,-5.5136,0.0021,2.9037,5.6875
41.08,-26.5746,18.5452,-5.5143,0.0017,2.9009,5.6875
41.1,-26.576,18.5449,-5.5142,0.002,2.8997,5.6886
41.12,-26.5763,18.5446,-5.5142,0.0036,2.8997,5.6886
41.14,-26.5767,18.5452,-5.5149,0.0024,2.8982,5.6882
41.16,-26.5766,18.5449,-5.5151,0.0027,2.8985,5.6875
41.18,-26.5779,18.545,-5.5151,0.0021,2.8993,5.6877
41.2,-26.5782,18.5449,-5.5153,0.0021,2.8989,5.6883
41.22,-26.5779,18.5446,-5.5154,0.0031,2.899,5.6883
41.24,-26.5776,18.5449,-5.5157,0.0024,2.8991,5.6869
41.26,-26.5776,18.545,-5.5157,0.0014,2.8995,5.6872
41.28,-26.5777,18.5449,-5.5153,0.0019,2.9006,5.6874
41.3,-26.5769,18.5452,-5.5154,0.0006,2.9007,5.6874
41.32,-26.5762,18.5449,-5.5153,0.001,2.9015,5.6865
41.34,-26.5766,18.5452,-5.5155,0.0006,2.9005,5.6868
41.36,-26.5774,18.5448,-5.5151,0.0026,2.8998,5.6871
41.38,-26.5777,18.545,-5.5152,0.0013,2.8997,5.6877
41.4,-26.5774,18.545,-5.5153,0.0008,2.8982,5.6875
41.42,-26.5767,18.545,-5.5151,0.0014,2.8995,5.6869
41.44,-26.5769,18.545,-5.515,0.0016,2.8995,5.6873
41.46,-26.5771,18.5453,-5.515,0.0006,2.8994,5.687
41.48,-26.5763,18.5448,-5.5148,0.0021,2.8987,5.6888
41.5,-26.5757,18.5448,-5.5148,0.0019,2.8967,5.6899
41.52,-26.5749,18.545,-5.5144,0.0026,2.8978,5.6885
41.54,-26.5753,18.5446,-5.5143,0.0033,2.8963,5.6885
41.56,-26.5752,18.5448,-5.5143,0.0027,2.8966,5.6895
41.58,-26.5731,18.5448,-5.5138,0.0024,2.8973,5.6889
41.6,-26.5719,18.5449,-5.5136,0.0027,2.8977,5.6883
41.62,-26.5713,18.5452,-5.5136,0.0014,2.8985,5.6884
41.64,-26.5709,18.5452,-5.5133,0.0019,2.8994,5.6869
41.66,-26.5704,18.5451,-5.5129,0.002,2.9001,5.6872
41.68,-26.5681,18.5449,-5.5123,0.003,2.9036,5.6856
41.7,-26.5682,18.5451,-5.5125,0.0023,2.9035,5.6858
41.72,-26.5688,18.5451,-5.5127,0.0026,2.9021,5.6869
41.74,-26.569,18.5451,-5.5125,0.0028,2.9032,5.6864
41.76,-26.569,18.5451,-5.5125,0.0025,2.9041,5.6858
41.78,-26.5693,18.5453,-5.5131,0.0009,2.9024,5.6856
41.8,-26.5701,18.5451,-5.5133,0.0014,2.902,5.6866
41.82,-26.5702,18.5452,-5.513,0.0019,2.9032,5.6863
41.84,-26.5704,18.5451,-5.5131,0.0017,2.9032,5.6867
41.86,-26.5699,18.545,-5.5129,0.0025,2.9032,5.6862
41.88,-26.5703,18.5451,-5.5133,0.0016,2.9004,5.6859
41.9,-26.5706,18.5451,-5.5132,0.0021,2.9017,5.6866
41.92,-26.5707,18.5449,-5.513,0.0025,2.902,5.6872
41.94,-26.5704,18.5452,-5.513,0.0019,2.9014,5.6864
41.96,-26.5697,18.5451,-5.513,0.0024,2.9024,5.6869
41.98,-26.57,18.5453,-5.5131,0.0012,2.9027,5.6869
42,-26.5713,18.5452,-5.5133,0.0016,2.9002,5.6871
42.02,-26.5708,18.5448,-5.5128,0.003,2.9025,5.6884
42.04,-26.5705,18.5448,-5.5129,0.0034,2.9028,5.688
42.06,-26.5703,18.5448,-5.513,0.0039,2.9051,5.687
42.08,-26.5728,18.5451,-5.5134,0.0028,2.9031,5.6882
42.1,-26.5732,18.5456,-5.5136,0.0014,2.9029,5.6874
42.12,-26.5731,18.5448,-5.5135,0.0037,2.9043,5.6872
42.14,-26.5731,18.5453,-5.5142,0.0027,2.9026,5.6873
42.16,-26.5733,18.5453,-5.5144,0.0014,2.9039,5.6871
42.18,-26.5753,18.5454,-5.5146,0.0012,2.905,5.6867
42.2,-26.5759,18.5451,-5.5149,0.0016,2.9025,5.6876
42.22,-26.5757,18.5449,-5.5151,0.0022,2.9027,5.6875
42.24,-26.5758,18.5453,-5.5153,0.0005,2.9022,5.6875
42.26,-26.5764,18.5452,-5.5154,0.001,2.9014,5.6876
42.28,-26.578,18.5449,-5.5157,0.0017,2.9009,5.6878
42.3,-26.5776,18.5454,-5.516,0.0002,2.9001,5.6877
42.32,-26.577,18.5451,-5.5157,0.001,2.9011,5.6871
42.34,-26.5769,18.545,-5.5155,0.0015,2.9023,5.6871
42.36,-26.5767,18.5451,-5.5155,0.0008,2.9039,5.6867
42.38,-26.5769,18.5455,-5.5158,-0.0011,2.9011,5.6858
42.4,-26.5767,18.5455,-5.5156,-0.0009,2.9023,5.6859
42.42,-26.5767,18.5451,-5.5153,0.001,2.9031,5.6858
42.44,-26.5767,18.5451,-5.5153,0.0011,2.9036,5.6866
42.46,-26.5768,18.5452,-5.5154,0.0004,2.9035,5.6862
42.48,-26.5767,18.5452,-5.5154,0.0005,2.9035,5.6864
42.5,-26.5766,18.5449,-5.5153,0.0018,2.9021,5.6878
42.52,-26.5756,18.5454,-5.5151,0.0002,2.9039,5.6868
42.54,-26.5757,18.5453,-5.5151,0.0005,2.9028,5.686
42.56,-26.5756,18.5451,-5.5147,0.002,2.9032,5.6861
42.58,-26.5758,18.5453,-5.5146,0.0012,2.8988,5.6868
42.6,-26.5756,18.5451,-5.5145,0.0014,2.8968,5.6876
42.62,-26.5749,18.5449,-5.514,0.0019,2.8978,5.6868
42.64,-26.5748,18.5453,-5.514,0.0013,2.897,5.687
42.66,-26.5743,18.5451,-5.5135,0.0023,2.8977,5.6865
42.68,-26.5734,18.5448,-5.5132,0.0034,2.8957,5.6874
42.7,-26.5717,18.5449,-5.5128,0.0034,2.8968,5.6868
42.72,-26.5714,18.5448,-5.5129,0.0033,2.895,5.6881
42.74,-26.5703,18.5452,-5.5124,0.0022,2.8967,5.6872
42.76,-26.5701,18.5447,-5.5121,0.004,2.8981,5.6869
42.78,-26.5695,18.5451,-5.5123,0.0028,2.8988,5.6869
42.8,-26.5689,18.5451,-5.5123,0.0027,2.8994,5.6864
42.82,-26.5685,18.5451,-5.5124,0.0028,2.9004,5.6861
42.84,-26.5691,18.5452,-5.5127,0.0024,2.8995,5.6862
42.86,-26.5696,18.5447,-5.5125,0.0043,2.8997,5.6871
42.88,-26.569,18.5451,-5.5125,0.0026,2.9017,5.686
42.9,-26.5694,18.545,-5.5129,0.0024,2.9001,5.6866
42.92,-26.5701,18.5449,-5.5132,0.0029,2.9006,5.6865
42.94,-26.5706,18.5452,-5.513,0.0026,2.9007,5.6869
42.96,-26.5708,18.545,-5.5129,0.0027,2.8993,5.6879
42.98,-26.5696,18.5452,-5.513,0.0017,2.8996,5.6862
43,-26.57,18.5453,-5.5131,0.0013,2.8987,5.6866
43.02,-26.5706,18.5449,-5.5129,0.0022,2.8991,5.687
43.04,-26.5708,18.5451,-5.5129,0.0029,2.8992,5.6867
43.06,-26.5706,18.5446,-5.5127,0.0057,2.8996,5.6888
43.08,-26.5697,18.5451,-5.5128,0.0029,2.9015,5.6865
43.1,-26.5701,18.5451,-5.5128,0.0031,2.9012,5.6865
43.12,-26.5704,18.5451,-5.5128,0.0032,2.9019,5.6863
43.14,-26.5709,18.5451,-5.5129,0.003,2.9019,5.6869
43.16,-26.5716,18.5454,-5.5136,0.0021,2.8989,5.6884
43.18,-26.571,18.5449,-5.5131,0.0038,2.9034,5.6881
43.2,-26.5724,18.545,-5.5137,0.0038,2.9023,5.6877
43.22,-26.5747,18.5453,-5.5143,0.0017,2.8997,5.6878
43.24,-26.5753,18.5454,-5.5142,0.0011,2.9008,5.6884
43.26,-26.5749,18.5453,-5.5138,0.0016,2.9038,5.6866
43.28,-26.5758,18.5452,-5.5149,0.0011,2.8998,5.6876
43.3,-26.5765,18.5451,-5.5148,0.0014,2.901,5.687
43.32,-26.5785,18.5444,-5.5151,0.0034,2.8994,5.6882
43.34,-26.5786,18.5453,-5.5153,0.0013,2.8992,5.6878
43.36,-26.5779,18.545,-5.5153,0.0019,2.9001,5.6879
43.38,-26.577,18.5449,-5.5155,0.002,2.9016,5.6873
43.4,-26.5774,18.5449,-5.5154,0.0024,2.9016,5.6877
43.42,-26.5776,18.5448,-5.5153,0.0025,2.9024,5.6881
43.44,-26.5774,18.5449,-5.5153,0.0019,2.9017,5.6878
43.46,-26.5766,18.5454,-5.5153,0.0004,2.9026,5.6867
43.48,-26.5764,18.5448,-5.5151,0.0021,2.9023,5.688
43.5,-26.5764,18.5447,-5.5151,0.0033,2.9018,5.6885
43.52,-26.5762,18.5448,-5.5151,0.0026,2.9027,5.6871
43.54,-26.576,18.5451,-5.5152,0.0018,2.9033,5.6865
43.56,-26.5761,18.5449,-5.5151,0.0027,2.9028,5.6858
43.58,-26.5761,18.545,-5.5151,0.002,2.9035,5.6869
43.6,-26.5763,18.5449,-5.5152,0.0022,2.9019,5.6873
43.62,-26.5763,18.545,-5.5153,0.002,2.9008,5.6875
43.64,-26.5765,18.5449,-5.5151,0.0027,2.9004,5.6883
43.66,-26.5766,18.5451,-5.5149,0.0012,2.9003,5.6875
43.68,-26.5759,18.5448,-5.5146,0.0031,2.8983,5.6871
43.7,-26.5754,18.5447,-5.5143,0.0037,2.8985,5.687
43.72,-26.575,18.5454,-5.5142,0.0015,2.8978,5.6864
43.74,-26.5748,18.5454,-5.5139,0.001,2.8971,5.687
43.76,-26.5747,18.5452,-5.5138,0.0019,2.8952,5.6872
43.78,-26.5733,18.5452,-5.5133,0.0021,2.8926,5.6867
43.8,-26.5719,18.545,-5.5125,0.0025,2.894,5.6863
43.82,-26.5714,18.5451,-5.5124,0.0025,2.8947,5.6867
43.84,-26.5711,18.5449,-5.5123,0.0035,2.8951,5.6864
43.86,-26.571,18.5448,-5.5123,0.0038,2.8958,5.6876
43.88,-26.5707,18.545,-5.5125,0.0035,2.8968,5.687
43.9,-26.5695,18.5454,-5.5124,0.0012,2.899,5.6857
43.92,-26.5695,18.5449,-5.5124,0.0032,2.8989,5.6866
43.94,-26.5693,18.5448,-5.5124,0.004,2.9009,5.6859
43.96,-26.5695,18.5451,-5.5126,0.0029,2.9008,5.6861
43.98,-26.5704,18.5455,-5.5132,0.0012,2.9,5.6851
44,-26.5713,18.5449,-5.5133,0.0019,2.8982,5.6868
44.02,-26.5707,18.5451,-5.513,0.002,2.8988,5.6868
44.04,-26.5702,18.5452,-5.5128,0.0015,2.8999,5.6865
44.06,-26.57,18.5453,-5.5128,0.0012,2.9005,5.6866
44.08,-26.5713,18.5454,-5.5134,0.0008,2.8993,5.6865
44.1,-26.5717,18.545,-5.5133,0.002,2.8984,5.6881
44.12,-26.5709,18.5449,-5.5128,0.0036,2.8994,5.6869
44.14,-26.5704,18.5451,-5.5128,0.003,2.8996,5.6869
44.16,-26.5708,18.5451,-5.5134,0.0024,2.8954,5.6877
44.18,-26.5717,18.5454,-5.5131,0.0022,2.9011,5.6874
44.2,-26.5715,18.5453,-5.5129,0.0018,2.9031,5.6876
44.22,-26.5709,18.5452,-5.5129,0.0028,2.9028,5.6869
44.24,-26.5707,18.545,-5.5134,0.0033,2.9028,5.6873
44.26,-26.5716,18.5448,-5.5138,0.0034,2.9033,5.6881
44.28,-26.5732,18.5452,-5.5139,0.0023,2.9041,5.6886
44.3,-26.5729,18.5453,-5.5142,0.0014,2.9049,5.6879
44.32,-26.573,18.5456,-5.5147,0.0005,2.9041,5.6869
44.34,-26.5734,18.5456,-5.5148,-0.0003,2.9058,5.6864
44.36,-26.5767,18.5444,-5.515,0.0024,2.9038,5.6878
44.38,-26.5774,18.5454,-5.5152,0.0006,2.9015,5.6888
44.4,-26.5771,18.5455,-5.5154,-0.0009,2.902,5.6881
44.42,-26.5773,18.5454,-5.5158,-0.0001,2.9017,5.6871
44.44,-26.5782,18.5454,-5.516,-0.0008,2.9012,5.6873
44.46,-26.5787,18.5453,-5.5158,-0.0003,2.9014,5.6871
44.48,-26.578,18.5452,-5.516,0.0001,2.9015,5.6869
44.5,-26.5775,18.5453,-5.5162,-0.0002,2.902,5.6867
44.52,-26.577,18.5453,-5.5159,-0.0006,2.9035,5.6868
44.54,-26.5767,18.5455,-5.5156,-0.0006,2.9054,5.6862
44.56,-26.5767,18.5454,-5.5156,-0.0012,2.9035,5.6869
44.58,-26.5763,18.545,-5.5159,0.0009,2.9035,5.6874
44.6,-26.5762,18.545,-5.5157,0.0012,2.9042,5.6876
44.62,-26.5764,18.5452,-5.5156,0.0007,2.9045,5.6872
44.64,-26.5767,18.5452,-5.5156,0.0007,2.904,5.6862
44.66,-26.5767,18.5455,-5.5158,-0.0008,2.9045,5.6859
44.68,-26.5764,18.5455,-5.5157,-0.0014,2.9027,5.6868
44.7,-26.5764,18.5452,-5.5156,0.0001,2.9012,5.6873
44.72,-26.5756,18.5452,-5.5153,0.0006,2.9024,5.6868
44.74,-26.5752,18.5452,-5.5153,0.0006,2.9033,5.6865
44.76,-26.5749,18.5454,-5.5153,0.0001,2.9029,5.6867
44.78,-26.5735,18.5451,-5.5143,0.0015,2.9013,5.6878
44.8,-26.5729,18.5452,-5.514,0.0019,2.9012,5.6871
44.82,-26.5732,18.5453,-5.5142,0.0011,2.8987,5.6875
44.84,-26.5727,18.5452,-5.5137,0.0011,2.8996,5.6869
44.86,-26.5728,18.5451,-5.5135,0.0017,2.8953,5.6877
44.88,-26.5712,18.5452,-5.5126,0.002,2.897,5.6857
44.9,-26.571,18.5453,-5.5127,0.0016,2.8965,5.6859
44.92,-26.571,18.5451,-5.5129,0.0021,2.8961,5.6867
44.94,-26.5708,18.5452,-5.5128,0.0017,2.8968,5.6872
44.96,-26.5707,18.5453,-5.5129,0.0008,2.8972,5.6868
44.98,-26.5708,18.5452,-5.5131,0.0016,2.8977,5.6865
45,-26.5707,18.5453,-5.513,0.0007,2.8973,5.6867
45.02,-26.5705,18.5449,-5.5128,0.003,2.8971,5.6875
45.04,-26.5707,18.5451,-5.513,0.0024,2.8972,5.687
45.06,-26.5715,18.5449,-5.5135,0.0021,2.8958,5.6875
45.08,-26.571,18.5452,-5.5131,0.0014,2.8984,5.6863
45.1,-26.57,18.5454,-5.5129,0.001,2.8999,5.6859
45.12,-26.5705,18.545,-5.5135,0.0015,2.898,5.6861
45.14,-26.5709,18.5453,-5.5137,0.0009,2.899,5.6862
45.16,-26.5713,18.5452,-5.5135,0.0009,2.899,5.6873
45.18,-26.5701,18.545,-5.5129,0.002,2.9006,5.6876
45.2,-26.5701,18.5451,-5.5133,0.0016,2.8991,5.6868
45.22,-26.5703,18.5449,-5.5132,0.0024,2.8999,5.6872
45.24,-26.5711,18.5452,-5.5132,0.0015,2.9012,5.6876
45.26,-26.5717,18.5455,-5.5133,0.0008,2.9006,5.6874
45.28,-26.5695,18.5453,-5.5132,0.0017,2.9031,5.6872
45.3,-26.5703,18.5452,-5.5137,0.001,2.9008,5.6877
45.32,-26.5716,18.5455,-5.5138,0.0002,2.902,5.688
45.34,-26.5738,18.545,-5.5137,0.0017,2.9022,5.6889
45.36,-26.5745,18.5451,-5.514,0.0017,2.9007,5.691
45.38,-26.573,18.5454,-5.5144,0.0005,2.9041,5.6877
45.4,-26.5739,18.545,-5.5147,0.0009,2.9029,5.6881
45.42,-26.5756,18.5451,-5.5147,0.0015,2.9022,5.6878
45.44,-26.5767,18.5454,-5.5147,0.0008,2.9009,5.6875
45.46,-26.5763,18.5455,-5.5148,0.0003,2.902,5.6876
45.48,-26.5758,18.5451,-5.5156,0.0008,2.9012,5.6877
45.5,-26.5766,18.5449,-5.5157,0.001,2.9003,5.6886
45.52,-26.5773,18.545,-5.5154,0.0006,2.9017,5.6885
45.54,-26.5775,18.5451,-5.5153,0.0002,2.9024,5.6884
45.56,-26.5775,18.5453,-5.5157,-0.0003,2.9014,5.6876
45.58,-26.577,18.5452,-5.5159,-0.0006,2.9003,5.687
45.6,-26.5768,18.5451,-5.5155,0.0003,2.9014,5.6866
45.62,-26.5772,18.5451,-5.5155,0.0004,2.9017,5.6874
45.64,-26.5771,18.5452,-5.5155,-0.0001,2.9024,5.6873
45.66,-26.5769,18.5451,-5.5158,0.0003,2.9027,5.6879
45.68,-26.5766,18.5452,-5.5156,0.0001,2.9025,5.687
45.7,-26.577,18.5451,-5.5155,0.0005,2.9014,5.687
45.72,-26.5771,18.545,-5.5155,0.0011,2.9018,5.6878
45.74,-26.5771,18.5452,-5.5158,0.0003,2.9018,5.6869
45.76,-26.5766,18.5452,-5.5157,0.0007,2.9026,5.6872
45.78,-26.5765,18.5453,-5.5155,0.0003,2.9015,5.6873
45.8,-26.5763,18.5449,-5.5154,0.0013,2.9013,5.6885
45.82,-26.5753,18.5452,-5.5154,0.0006,2.9021,5.6877
45.84,-26.5744,18.5449,-5.515,0.0016,2.9024,5.688
45.86,-26.5746,18.5449,-5.5148,0.0016,2.901,5.6892
45.88,-26.5741,18.5452,-5.5146,0.0012,2.8999,5.6892
45.9,-26.5732,18.5452,-5.5143,0.0012,2.9006,5.6884
45.92,-26.5723,18.5452,-5.514,0.0022,2.9009,5.6877
45.94,-26.5715,18.545,-5.5133,0.0025,2.9006,5.6875
45.96,-26.5716,18.5448,-5.5131,0.0031,2.8995,5.6878
45.98,-26.57,18.5451,-5.513,0.0024,2.898,5.6877
46,-26.569,18.545,-5.5126,0.0022,2.8977,5.6885
46.02,-26.5679,18.5453,-5.5123,0.0016,2.9001,5.6875
46.04,-26.5682,18.5453,-5.5125,0.0015,2.9009,5.6862
46.06,-26.5687,18.5448,-5.5125,0.0025,2.901,5.6888
46.08,-26.5692,18.5451,-5.5128,0.0018,2.8993,5.6878
46.1,-26.5695,18.5451,-5.5128,0.0021,2.899,5.6869
46.12,-26.5702,18.5455,-5.5133,0.0014,2.8991,5.6873
46.14,-26.5711,18.5449,-5.5135,0.0025,2.8986,5.6872
46.16,-26.5714,18.5453,-5.5137,0.0009,2.8978,5.6865
46.18,-26.5706,18.5451,-5.5133,0.0011,2.8986,5.6875
46.2,-26.5701,18.5452,-5.5132,0.0015,2.901,5.687
46.22,-26.5703,18.5449,-5.5132,0.0031,2.9014,5.6872
46.24,-26.5706,18.5451,-5.5133,0.0021,2.9007,5.6871
46.26,-26.5705,18.5451,-5.5131,0.0028,2.9016,5.6875
46.28,-26.5695,18.5451,-5.5129,0.002,2.9015,5.688
46.3,-26.5695,18.5454,-5.5131,0.0017,2.9021,5.6867
46.32,-26.57,18.545,-5.513,0.0029,2.9033,5.6873
46.34,-26.5712,18.545,-5.5132,0.0032,2.9024,5.688
46.36,-26.5716,18.5451,-5.5133,0.0021,2.9022,5.6892
46.38,-26.5715,18.5451,-5.5137,0.0016,2.901,5.6893
46.4,-26.5727,18.5455,-5.5143,0.0012,2.9018,5.6889
46.42,-26.5749,18.5447,-5.5145,0.0023,2.8998,5.6901
46.44,-26.5742,18.5448,-5.5139,0.0032,2.9025,5.6897
46.46,-26.5744,18.545,-5.5144,0.0025,2.901,5.6892
46.48,-26.5743,18.545,-5.5147,0.0025,2.9014,5.6878
46.5,-26.5756,18.545,-5.5148,0.0019,2.9009,5.688
46.52,-26.5766,18.5452,-5.515,0.0006,2.8997,5.6882
46.54,-26.5769,18.5451,-5.5152,0.001,2.8981,5.6894
46.56,-26.5765,18.5454,-5.5154,0.0001,2.898,5.6885
46.58,-26.5772,18.5455,-5.5156,-0.0005,2.8992,5.6869
46.6,-26.5785,18.5451,-5.5154,0.0003,2.8994,5.6872
46.62,-26.5786,18.5455,-5.5156,-0.0004,2.8989,5.6869
46.64,-26.5782,18.5452,-5.5157,0.0002,2.8979,5.6883
46.66,-26.5777,18.5449,-5.5159,0.0013,2.8972,5.6882
46.68,-26.5776,18.5451,-5.5154,0.0005,2.8995,5.6876
46.7,-26.5776,18.5452,-5.5154,0.0006,2.8998,5.6873
46.72,-26.5774,18.5454,-5.5156,-0.0004,2.8993,5.6865
46.74,-26.5771,18.545,-5.5156,0.0005,2.8992,5.6872
46.76,-26.5767,18.5451,-5.5155,0.0006,2.8999,5.6873
46.78,-26.5765,18.5454,-5.5153,-0.0007,2.9013,5.6868
46.8,-26.5762,18.5454,-5.5154,-0.0006,2.9017,5.6864
46.82,-26.5758,18.5449,-5.5154,0.0013,2.9009,5.6867
46.84,-26.5758,18.545,-5.5153,0.001,2.8998,5.6868
46.86,-26.576,18.5452,-5.5151,0.0003,2.8985,5.6868
46.88,-26.5769,18.5451,-5.5148,0.0011,2.8964,5.6888
46.9,-26.5767,18.5452,-5.5148,0.0008,2.8943,5.6884
46.92,-26.5765,18.5451,-5.5147,0.0009,2.8933,5.6887
46.94,-26.5763,18.5451,-5.5145,0.0012,2.8924,5.6881
46.96,-26.5764,18.545,-5.5143,0.0017,2.8918,5.6884
46.98,-26.5749,18.5454,-5.514,0.0013,2.8909,5.6873
47,-26.5734,18.5452,-5.5134,0.0016,2.8913,5.6866
47.02,-26.5728,18.5453,-5.5132,0.0012,2.8915,5.6869
47.04,-26.5725,18.5451,-5.513,0.0014,2.892,5.6878
47.06,-26.5721,18.5451,-5.5129,0.002,2.8937,5.6873
47.08,-26.5722,18.5451,-5.5133,0.0017,2.8938,5.6865
47.1,-26.5719,18.5451,-5.5131,0.0018,2.8946,5.6861
47.12,-26.5712,18.545,-5.5126,0.002,2.894,5.6866
47.14,-26.5706,18.5448,-5.5126,0.0028,2.8944,5.688
47.16,-26.5703,18.5454,-5.513,0.0017,2.8953,5.6858
47.18,-26.571,18.5452,-5.5132,0.0014,2.8979,5.686
47.2,-26.5708,18.5452,-5.5129,0.0015,2.898,5.6859
47.22,-26.57,18.5454,-5.5127,0.0008,2.8982,5.6854
47.24,-26.5699,18.5453,-5.5132,0.0007,2.8975,5.6854
47.26,-26.57,18.5453,-5.5135,0.0007,2.8989,5.6854
47.28,-26.5702,18.5452,-5.5131,0.0023,2.9018,5.686
47.3,-26.5692,18.5454,-5.5129,0.0009,2.9019,5.6865
47.32,-26.569,18.545,-5.5131,0.0019,2.8998,5.6871
47.34,-26.5693,18.5453,-5.5135,0.0005,2.8988,5.6869
47.36,-26.57,18.5449,-5.5133,0.0029,2.8996,5.687
47.38,-26.571,18.545,-5.5134,0.0028,2.8988,5.6873
47.4,-26.5706,18.545,-5.5134,0.0022,2.8982,5.6872
47.42,-26.5703,18.5453,-5.5134,0.0011,2.8987,5.6864
47.44,-26.5705,18.545,-5.5132,0.0026,2.899,5.6873
47.46,-26.5713,18.5452,-5.5132,0.0016,2.8986,5.6879
47.48,-26.5713,18.5451,-5.5132,0.0022,2.8988,5.6879
47.5,-26.5708,18.5453,-5.5135,0.0014,2.9002,5.6871
47.52,-26.5715,18.5454,-5.5138,0.0013,2.8999,5.6864
47.54,-26.5735,18.5456,-5.5138,0.0005,2.9011,5.6865
47.56,-26.5749,18.5444,-5.5135,0.0027,2.9009,5.689
47.58,-26.5742,18.5454,-5.5147,0,2.9011,5.6867
47.6,-26.5747,18.5452,-5.5151,0.0002,2.9008,5.6872
47.62,-26.5766,18.5453,-5.5151,0,2.8999,5.6872
47.64,-26.5777,18.5457,-5.5148,-0.0006,2.9022,5.6863
47.66,-26.5788,18.5448,-5.5152,0.0002,2.9003,5.6881
47.68,-26.5781,18.5451,-5.5158,0.0002,2.8991,5.6863
47.7,-26.5785,18.545,-5.5156,0.0009,2.8999,5.6874
47.72,-26.5788,18.5452,-5.5156,0,2.9,5.6867
47.74,-26.5789,18.545,-5.5157,0.0005,2.8995,5.6874
47.76,-26.5784,18.5452,-5.5159,-0.0001,2.9007,5.6866
47.78,-26.5772,18.5452,-5.516,-0.001,2.9024,5.6879
47.8,-26.577,18.5453,-5.5157,-0.0009,2.9035,5.6865
47.82,-26.577,18.545,-5.5155,0.0015,2.905,5.6862
47.84,-26.5771,18.5452,-5.5158,0.0003,2.9037,5.6862
47.86,-26.5771,18.5452,-5.5159,0.0002,2.9032,5.6868
47.88,-26.5767,18.5451,-5.5154,0.0005,2.9026,5.6872
47.9,-26.5771,18.5454,-5.5157,-0.001,2.9005,5.6869
47.92,-26.5775,18.5451,-5.5158,0.0001,2.899,5.6879
47.94,-26.5772,18.5452,-5.5156,0.0003,2.8998,5.6877
47.96,-26.5767,18.5454,-5.5153,0.0001,2.9006,5.6883
47.98,-26.5764,18.5451,-5.515,0.0011,2.9,5.6879
48,-26.577,18.545,-5.5149,0.0017,2.8967,5.6881
48.02,-26.577,18.5452,-5.5145,0.0015,2.8962,5.687
48.04,-26.5766,18.545,-5.5142,0.002,2.8946,5.6882
48.06,-26.5756,18.5449,-5.514,0.0026,2.8939,5.6885
48.08,-26.5748,18.5454,-5.5141,0.0003,2.8919,5.6873
48.1,-26.5747,18.5453,-5.5134,0.0011,2.8923,5.6879
48.12,-26.574,18.5453,-5.5129,0.0014,2.893,5.6878
48.14,-26.5723,18.5446,-5.5126,0.0038,2.8948,5.6879
48.16,-26.5716,18.5451,-5.5134,0.0024,2.8924,5.6874
48.18,-26.5714,18.5452,-5.5128,0.002,2.8938,5.6867
48.2,-26.5718,18.5452,-5.5126,0.0021,2.8948,5.6875
48.22,-26.5719,18.5452,-5.5128,0.0016,2.8943,5.6878
48.24,-26.5712,18.545,-5.513,0.0037,2.895,5.6865
48.26,-26.5704,18.5451,-5.5132,0.0025,2.8966,5.6861
48.28,-26.572,18.5453,-5.5134,0.0011,2.8961,5.6873
48.3,-26.5722,18.545,-5.5134,0.0022,2.8966,5.6876
48.32,-26.5714,18.5451,-5.5136,0.0023,2.8983,5.6867
48.34,-26.5707,18.5452,-5.5137,0.0019,2.898,5.6864
48.36,-26.5703,18.5453,-5.5135,0.0012,2.8986,5.6859
48.38,-26.5715,18.5451,-5.5135,0.0017,2.8973,5.6869
48.4,-26.571,18.5452,-5.5134,0.0029,2.9002,5.6862
48.42,-26.5689,18.5452,-5.5124,0.0014,2.9045,5.6863
48.44,-26.5694,18.5453,-5.5129,0.0013,2.9019,5.6863
48.46,-26.5701,18.5449,-5.5129,0.0031,2.9009,5.6872
48.48,-26.5708,18.5451,-5.5133,0.0019,2.9004,5.6877
48.5,-26.5706,18.5452,-5.5132,0.0015,2.9011,5.6877
48.52,-26.5703,18.5452,-5.5133,0.0014,2.9013,5.6879
48.54,-26.5703,18.5454,-5.5134,0.0006,2.9019,5.6875
48.56,-26.5707,18.5453,-5.5135,0.0011,2.9029,5.687
48.58,-26.5718,18.5451,-5.5136,0.0024,2.9047,5.6869
48.6,-26.572,18.5456,-5.5139,0.0012,2.9048,5.6872
48.62,-26.5728,18.5449,-5.5141,0.0026,2.9042,5.6876
48.64,-26.5738,18.5452,-5.5145,0.0018,2.9037,5.6881
48.66,-26.5743,18.5454,-5.5147,0.0009,2.9038,5.6883
48.68,-26.5758,18.5449,-5.515,0.0023,2.9011,5.6886
48.7,-26.5764,18.5451,-5.5152,0.0011,2.9013,5.6888
48.72,-26.5776,18.5449,-5.5154,0.001,2.9003,5.6895
48.74,-26.5787,18.5451,-5.5159,0.0009,2.8982,5.6891
48.76,-26.5794,18.5448,-5.5158,0.0012,2.8978,5.6887
48.78,-26.5802,18.5448,-5.5161,0.0009,2.8957,5.6883
48.8,-26.5796,18.5453,-5.5162,-0.0005,2.8982,5.6876
48.82,-26.5798,18.545,-5.5164,0.0007,2.8971,5.6885
48.84,-26.5791,18.545,-5.5161,0.0007,2.9006,5.6886
48.86,-26.5783,18.545,-5.516,0.0008,2.9011,5.6868
48.88,-26.5773,18.545,-5.5157,0.0006,2.9018,5.6881
48.9,-26.5773,18.5451,-5.5157,0.0003,2.9007,5.6875
48.92,-26.5772,18.5451,-5.5155,0.0002,2.9013,5.6873
48.94,-26.5778,18.5448,-5.5157,0.0019,2.8981,5.688
48.96,-26.5777,18.545,-5.5156,0.0012,2.9004,5.6882
48.98,-26.5787,18.5454,-5.5158,-0.0004,2.8968,5.688
49,-26.5789,18.5453,-5.5157,0.0001,2.8962,5.6882
49.02,-26.5788,18.5451,-5.5156,0.0009,2.8972,5.6884
49.04,-26.579,18.5453,-5.5158,-0.0001,2.8946,5.6885
49.06,-26.5788,18.5448,-5.5156,0.0022,2.8941,5.6905
49.08,-26.5776,18.545,-5.5153,0.0022,2.8954,5.6887
49.1,-26.5771,18.5451,-5.5151,0.0021,2.8951,5.6886
49.12,-26.5766,18.5451,-5.5149,0.0015,2.8948,5.6882
49.14,-26.5755,18.5452,-5.5146,0.0016,2.8961,5.6877
49.16,-26.5748,18.5451,-5.5143,0.0021,2.8965,5.6867
49.18,-26.5731,18.5452,-5.5137,0.0012,2.8957,5.6869
49.2,-26.5724,18.5451,-5.5132,0.0017,2.8948,5.6876
49.22,-26.572,18.5448,-5.5129,0.0032,2.8939,5.6893
49.24,-26.5717,18.5444,-5.5126,0.0045,2.8937,5.6889
49.26,-26.5713,18.545,-5.5128,0.003,2.8939,5.6877
49.28,-26.5705,18.5452,-5.5129,0.0019,2.8971,5.6865
49.3,-26.5707,18.5449,-5.5131,0.0024,2.8967,5.6876
49.32,-26.5708,18.5449,-5.5133,0.0027,2.8968,5.6879
49.34,-26.5706,18.5449,-5.5132,0.0025,2.8991,5.6874
49.36,-26.5706,18.545,-5.5133,0.0016,2.8991,5.6878
49.38,-26.572,18.5452,-5.5141,0.0008,2.897,5.6877
49.4,-26.5724,18.5449,-5.5141,0.0024,2.8987,5.6878
49.42,-26.5723,18.5449,-5.5139,0.0021,2.8992,5.6875
49.44,-26.5717,18.5449,-5.5138,0.0028,2.8999,5.6875
49.46,-26.5711,18.5447,-5.5138,0.0032,2.8998,5.6879
49.48,-26.5713,18.5451,-5.5136,0.0023,2.9019,5.6872
49.5,-26.5715,18.5453,-5.5135,0.001,2.9002,5.6866
49.52,-26.5707,18.5452,-5.5132,0.0014,2.9015,5.6868
49.54,-26.5693,18.5452,-5.5131,0.0016,2.9009,5.6866
49.56,-26.5691,18.5451,-5.5133,0.0014,2.9013,5.6869
49.58,-26.5706,18.5452,-5.5132,0.0017,2.903,5.6879
49.6,-26.5703,18.5448,-5.5129,0.0032,2.9037,5.6887
49.62,-26.5697,18.545,-5.513,0.0028,2.9029,5.6886
49.64,-26.5692,18.5455,-5.5137,0.0001,2.9038,5.6869
49.66,-26.5705,18.5455,-5.5138,-0.0001,2.9042,5.6865
49.68,-26.5722,18.5453,-5.5135,0.0012,2.9063,5.6881
49.7,-26.5717,18.5451,-5.5138,0.0014,2.9061,5.6878
49.72,-26.5716,18.545,-5.5143,0.0016,2.9045,5.6879
49.74,-26.5724,18.5452,-5.5146,0.0008,2.9043,5.687
49.76,-26.5748,18.5454,-5.5143,0.0006,2.9038,5.6874
49.78,-26.576,18.5455,-5.5151,0.0002,2.9011,5.6876
49.8,-26.5762,18.5454,-5.5157,-0.0008,2.8984,5.6874
49.82,-26.5769,18.5452,-5.5157,-0.0003,2.8985,5.6877
49.84,-26.579,18.5448,-5.5155,0.0003,2.8974,5.6889
49.86,-26.5795,18.545,-5.5154,0.0009,2.8976,5.6888
49.88,-26.5789,18.5451,-5.5162,0.0008,2.8978,5.688
49.9,-26.579,18.5449,-5.5163,0.0007,2.8973,5.6884
49.92,-26.5792,18.5452,-5.5162,-0.0003,2.8974,5.6874
49.94,-26.5794,18.5452,-5.5162,-0.0003,2.8966,5.6878
49.96,-26.5791,18.5455,-5.5163,-0.002,2.8984,5.6868
49.98,-26.5787,18.5454,-5.5162,-0.0011,2.8978,5.687
50,-26.5788,18.5456,-5.5163,-0.0031,2.8967,5.6862
50.02,-26.5792,18.5451,-5.516,-0.0007,2.8957,5.6878
50.04,-26.5794,18.5448,-5.516,0.0024,2.8952,5.6882
50.06,-26.5786,18.5455,-5.516,-0.0012,2.8971,5.6853
50.08,-26.578,18.5452,-5.5156,-0.0002,2.898,5.6868
50.1,-26.5781,18.5447,-5.5155,0.0024,2.8958,5.6889
50.12,-26.5776,18.545,-5.5155,0.0009,2.8974,5.688
50.14,-26.5773,18.5452,-5.5157,-0.0002,2.8964,5.6879
50.16,-26.5766,18.5453,-5.5154,-0.0003,2.896,5.6881
50.18,-26.576,18.5448,-5.5149,0.002,2.8972,5.6878
50.2,-26.5759,18.5453,-5.5151,0.0008,2.8961,5.6876
50.22,-26.5754,18.5451,-5.5149,0.0018,2.8968,5.6885
50.24,-26.5751,18.545,-5.5147,0.0015,2.8958,5.6886
50.26,-26.5743,18.5453,-5.5145,0.0009,2.8961,5.6881
50.28,-26.5732,18.5448,-5.514,0.002,2.8973,5.6883
50.3,-26.5728,18.545,-5.5141,0.0017,2.8957,5.688
50.32,-26.5711,18.5451,-5.5136,0.0018,2.8972,5.6867
50.34,-26.5705,18.5449,-5.5132,0.0019,2.8989,5.6876
50.36,-26.5704,18.5451,-5.5133,0.0021,2.8987,5.687
50.38,-26.5693,18.5456,-5.5133,0.0002,2.9003,5.6854
50.4,-26.5687,18.5455,-5.5133,0.0001,2.9,5.6855
50.42,-26.5677,18.5452,-5.513,0.001,2.9017,5.6852
50.44,-26.5679,18.5453,-5.5133,0.0011,2.9014,5.6865
50.46,-26.568,18.5452,-5.5134,0.0012,2.9032,5.6869
50.48,-26.5683,18.5453,-5.5136,0.0009,2.9037,5.6861
50.5,-26.568,18.5453,-5.5135,0.001,2.9056,5.6855
50.52,-26.5682,18.5455,-5.5137,0.0002,2.9038,5.6853
50.54,-26.5685,18.5455,-5.5138,0.0002,2.905,5.6853
50.56,-26.5695,18.5452,-5.5138,0,2.9043,5.6865
50.58,-26.5697,18.5454,-5.5139,0.0008,2.9029,5.686
50.6,-26.5697,18.5452,-5.5138,0.001,2.9029,5.6879
50.62,-26.57,18.5453,-5.5139,0.0007,2.9019,5.6874
50.64,-26.5702,18.5455,-5.5139,0.0001,2.9027,5.6868
50.66,-26.571,18.5456,-5.514,-0.0002,2.9023,5.6869
50.68,-26.5713,18.5456,-5.5141,-0.0004,2.9019,5.6866
50.7,-26.5714,18.5455,-5.5143,-0.0004,2.9029,5.6872
50.72,-26.572,18.5451,-5.5144,0.0013,2.9023,5.6877
50.74,-26.5726,18.5453,-5.5144,0.0004,2.9029,5.6883
50.76,-26.573,18.5453,-5.5146,0.0002,2.9025,5.6876
50.78,-26.5732,18.5452,-5.515,0.0004,2.9043,5.6881
50.8,-26.5737,18.5453,-5.5152,0,2.9047,5.6873
50.82,-26.5749,18.5453,-5.5154,-0.0003,2.9036,5.6871
50.84,-26.5759,18.5451,-5.5155,0.0007,2.9027,5.6878
50.86,-26.5757,18.5452,-5.5155,0.0006,2.903,5.6877
50.88,-26.5758,18.5453,-5.5159,-0.0006,2.9028,5.6871
50.9,-26.5766,18.5454,-5.5159,-0.0013,2.9029,5.6864
50.92,-26.5775,18.5454,-5.5159,-0.0017,2.9033,5.6869
50.94,-26.5776,18.5453,-5.5157,-0.0003,2.9034,5.6861
50.96,-26.5777,18.5454,-5.5161,-0.0012,2.9031,5.6862
50.98,-26.5779,18.5452,-5.5162,-0.0003,2.9027,5.6865
51,-26.5782,18.5449,-5.516,0.001,2.9014,5.6871
51.02,-26.5781,18.5451,-5.516,0.0003,2.9015,5.6871
51.04,-26.5777,18.5453,-5.5161,-0.0003,2.9019,5.6863
51.06,-26.5774,18.5455,-5.5162,-0.0012,2.901,5.6857
51.08,-26.578,18.5454,-5.5161,-0.0013,2.8994,5.6872
51.1,-26.5786,18.5453,-5.516,-0.0013,2.899,5.6876
51.12,-26.5788,18.5453,-5.5162,-0.0009,2.8982,5.6878
51.14,-26.5788,18.5452,-5.5162,-0.0003,2.8963,5.6872
51.16,-26.5783,18.5452,-5.5159,0,2.8971,5.6873
51.18,-26.5781,18.5456,-5.5159,-0.0009,2.8964,5.6867
51.2,-26.5782,18.5453,-5.5158,-0.0004,2.8956,5.6875
51.22,-26.5776,18.5454,-5.5155,-0.0005,2.8975,5.6876
51.24,-26.5768,18.5453,-5.5152,-0.0002,2.8973,5.6878
51.26,-26.5761,18.5455,-5.5153,-0.0008,2.8965,5.6871
51.28,-26.5757,18.5451,-5.5148,0.0003,2.8953,5.6873
51.3,-26.5754,18.5451,-5.5145,0.0005,2.8951,5.6879
51.32,-26.5747,18.5455,-5.5142,0,2.8948,5.6874
51.34,-26.5744,18.5454,-5.514,0.0002,2.8893,5.6876
51.36,-26.5741,18.5451,-5.5133,0.0019,2.8879,5.6884
51.38,-26.5738,18.5451,-5.5118,0.0023,2.8844,5.6881
51.4,-26.5732,18.5451,-5.5117,0.0032,2.8847,5.6875
51.42,-26.5728,18.5453,-5.5122,0.0024,2.8867,5.6861
51.44,-26.5721,18.5454,-5.5129,0.0017,2.8935,5.6848
51.46,-26.5722,18.5453,-5.5136,0.0005,2.8929,5.6867
51.48,-26.5713,18.5453,-5.5129,0.0011,2.8975,5.6855
51.5,-26.5715,18.5453,-5.5132,0.0008,2.8963,5.6867
51.52,-26.5712,18.5453,-5.5135,0.0008,2.8982,5.6868
51.54,-26.5713,18.5454,-5.5138,0.0004,2.8978,5.6866
51.56,-26.5712,18.5452,-5.5136,0.0015,2.8987,5.6862
51.58,-26.5709,18.5454,-5.5132,0.0004,2.8998,5.6855
51.6,-26.5707,18.5452,-5.5133,0.0018,2.9007,5.6861
51.62,-26.5706,18.5451,-5.5133,0.0019,2.9017,5.6866
51.64,-26.5712,18.5451,-5.5134,0.0023,2.8981,5.6876
51.66,-26.5713,18.5449,-5.5132,0.0029,2.8988,5.6877
51.68,-26.5706,18.5455,-5.513,0.0008,2.9061,5.684
51.7,-26.5707,18.5454,-5.5133,0.0004,2.9032,5.6864
51.72,-26.5716,18.5453,-5.5134,0.0008,2.9007,5.6868
51.74,-26.5726,18.5449,-5.5135,0.002,2.9,5.6875
51.76,-26.5727,18.5453,-5.5136,0.002,2.9,5.6865
51.78,-26.572,18.5452,-5.5137,0.0013,2.9018,5.6872
51.8,-26.5722,18.5451,-5.5137,0.002,2.9028,5.6871
51.82,-26.5736,18.545,-5.5139,0.0022,2.9028,5.6884
51.84,-26.5741,18.5457,-5.514,0.0011,2.9043,5.6874
51.86,-26.5749,18.5453,-5.5145,0.0011,2.9032,5.687
51.88,-26.5759,18.5443,-5.5149,0.0038,2.9002,5.6885
51.9,-26.5764,18.5451,-5.5148,0.0022,2.9016,5.6885
51.92,-26.5767,18.5453,-5.5148,0.0017,2.9038,5.6864
51.94,-26.5776,18.545,-5.5151,0.0019,2.9027,5.6873
51.96,-26.5778,18.5448,-5.5153,0.0025,2.9015,5.6873
51.98,-26.5784,18.5453,-5.5158,-0.0001,2.9007,5.6874
52,-26.5781,18.5453,-5.5158,-0.0002,2.903,5.6872
52.02,-26.5784,18.545,-5.5161,0.0006,2.9005,5.688
52.04,-26.5783,18.5452,-5.5163,-0.0006,2.9006,5.6885
52.06,-26.5781,18.5451,-5.5161,0,2.9021,5.6879
52.08,-26.5774,18.5453,-5.5161,-0.001,2.9035,5.6866
52.1,-26.577,18.5454,-5.516,-0.0012,2.9034,5.6866
52.12,-26.5771,18.545,-5.5159,0.0002,2.9037,5.6874
52.14,-26.5775,18.5445,-5.5157,0.0028,2.902,5.6886
52.16,-26.5775,18.5449,-5.5156,0.0016,2.9028,5.6881
52.18,-26.5776,18.5449,-5.5158,0.0012,2.902,5.6883
52.2,-26.5776,18.545,-5.5157,0.0008,2.9017,5.6879
52.22,-26.5777,18.5451,-5.5156,0.0003,2.9014,5.6885
52.24,-26.5775,18.5452,-5.5156,-0.0001,2.9011,5.6876
52.26,-26.5775,18.5451,-5.5156,0.0002,2.8991,5.6885
52.28,-26.5767,18.5453,-5.5152,0,2.899,5.6876
52.3,-26.5761,18.5453,-5.5148,0.0008,2.8991,5.6872
52.32,-26.576,18.5451,-5.5148,0.001,2.8959,5.689
52.34,-26.5758,18.5453,-5.5149,-0.0003,2.8963,5.6884
52.36,-26.5756,18.5451,-5.5145,0.0008,2.896,5.688
52.38,-26.5735,18.5454,-5.5137,0.0007,2.8987,5.6868
52.4,-26.5728,18.5455,-5.5138,0.0011,2.8981,5.6875
52.42,-26.5721,18.5452,-5.5134,0.0017,2.8986,5.6867
52.44,-26.5726,18.5453,-5.5135,0.0013,2.8957,5.6862
52.46,-26.5724,18.5451,-5.5131,0.0018,2.8961,5.6865
52.48,-26.5712,18.5451,-5.5132,0.0019,2.896,5.6869
52.5,-26.5706,18.5454,-5.5133,0.0011,2.8974,5.6866
52.52,-26.5711,18.545,-5.5133,0.0019,2.898,5.6869
52.54,-26.5716,18.545,-5.5133,0.0023,2.8983,5.6864
52.56,-26.5723,18.545,-5.5135,0.0016,2.8973,5.6872
52.58,-26.5715,18.5453,-5.5137,0.0005,2.8976,5.6871
52.6,-26.5717,18.5454,-5.5139,0.0003,2.897,5.6864
52.62,-26.5726,18.5453,-5.5139,0.0009,2.8972,5.6868
52.64,-26.5725,18.5455,-5.5137,0.0005,2.9006,5.6863
52.66,-26.5722,18.5453,-5.5136,0.0005,2.8992,5.6873
52.68,-26.5706,18.5452,-5.5136,0.0012,2.9002,5.6869
52.7,-26.5716,18.545,-5.5137,0.0021,2.8991,5.6879
52.72,-26.5717,18.5451,-5.5135,0.0018,2.9007,5.6882
52.74,-26.571,18.5449,-5.5132,0.0027,2.9013,5.6884
52.76,-26.5695,18.5452,-5.5132,0.0021,2.902,5.6877
52.78,-26.5707,18.5454,-5.5137,0.0007,2.9046,5.6864
52.8,-26.5724,18.5452,-5.5137,0.001,2.903,5.6881
52.82,-26.5736,18.5451,-5.5141,0.0014,2.9003,5.689
52.84,-26.5729,18.545,-5.5141,0.0021,2.9004,5.6892
52.86,-26.5726,18.5449,-5.5142,0.0025,2.9006,5.6887
52.88,-26.5744,18.545,-5.5144,0.0021,2.9013,5.6881
52.9,-26.5759,18.545,-5.5145,0.002,2.9,5.6888
52.92,-26.5761,18.5448,-5.5147,0.0028,2.9002,5.6887
52.94,-26.5759,18.5449,-5.5151,0.0024,2.9006,5.689
52.96,-26.5757,18.5451,-5.5151,0.0019,2.9021,5.6878
52.98,-26.5776,18.5449,-5.5155,0.0014,2.8997,5.6889
53,-26.5785,18.5448,-5.5157,0.0018,2.8983,5.6897
53.02,-26.5784,18.5447,-5.5158,0.0013,2.8989,5.6909
53.04,-26.5778,18.545,-5.5158,0.0007,2.8999,5.689
53.06,-26.5778,18.5451,-5.5159,0,2.9009,5.6881
53.08,-26.5784,18.5453,-5.516,-0.0007,2.8994,5.6882
53.1,-26.5778,18.5452,-5.5158,0.0002,2.9028,5.6877
53.12,-26.5778,18.5452,-5.516,0,2.9009,5.6867
53.14,-26.5777,18.5454,-5.5161,-0.0016,2.9002,5.6867
53.16,-26.5775,18.5452,-5.516,-0.0007,2.9005,5.6877
53.18,-26.5773,18.5451,-5.5159,-0.0003,2.9008,5.688
53.2,-26.5774,18.5451,-5.5159,0.0002,2.9004,5.6875
53.22,-26.5779,18.545,-5.5161,0.0004,2.9005,5.6873
53.24,-26.5784,18.5452,-5.5163,-0.0008,2.9004,5.6876
53.26,-26.5781,18.5452,-5.5161,-0.0005,2.9011,5.6877
53.28,-26.5778,18.5451,-5.5163,0.0005,2.8992,5.6878
53.3,-26.578,18.5452,-5.5162,0.0004,2.8986,5.6879
53.32,-26.5781,18.5452,-5.516,0.0005,2.8997,5.6879
53.34,-26.5787,18.5448,-5.5159,0.0014,2.8971,5.6898
53.36,-26.5781,18.5452,-5.5158,0.0002,2.8976,5.6883
53.38,-26.5773,18.545,-5.5154,0.0006,2.8959,5.6884
53.4,-26.5769,18.545,-5.515,0.001,2.8964,5.6887
53.42,-26.5772,18.5448,-5.5149,0.0017,2.8951,5.6894
53.44,-26.5764,18.5451,-5.5148,0.0008,2.8949,5.6884
53.46,-26.5747,18.5455,-5.5146,0.0001,2.8942,5.688
53.48,-26.5735,18.5452,-5.5138,0.0003,2.8943,5.6871
53.5,-26.5731,18.5449,-5.5133,0.0017,2.8935,5.6882
53.52,-26.5723,18.5449,-5.5128,0.0028,2.8945,5.6878
53.54,-26.5716,18.545,-5.5128,0.0034,2.8931,5.6868
53.56,-26.5704,18.545,-5.5125,0.0026,2.8952,5.6879
53.58,-26.5708,18.5453,-5.513,0.0024,2.8976,5.6851
53.6,-26.5715,18.5452,-5.5133,0.0015,2.897,5.6874
53.62,-26.5709,18.545,-5.5131,0.0025,2.8979,5.6881
53.64,-26.57,18.5452,-5.5133,0.0011,2.8983,5.6874
53.66,-26.5697,18.5451,-5.5136,0.0012,2.8981,5.6876
53.68,-26.5717,18.5448,-5.514,0.0019,2.8989,5.6888
53.7,-26.5717,18.5451,-5.5138,0.0016,2.899,5.689
53.72,-26.571,18.545,-5.5137,0.0017,2.8991,5.6888
53.74,-26.5706,18.545,-5.5139,0.0015,2.8993,5.6886
53.76,-26.5709,18.545,-5.514,0.0016,2.9,5.6882
53.78,-26.5718,18.5453,-5.5138,0,2.901,5.6888
53.8,-26.5709,18.5454,-5.5136,-0.0002,2.9024,5.6875
53.82,-26.5701,18.5453,-5.5137,0.001,2.903,5.6875
53.84,-26.5697,18.5452,-5.5136,0.0007,2.9033,5.6873
53.86,-26.57,18.5449,-5.5133,0.0026,2.9044,5.6876
53.88,-26.5704,18.5451,-5.5132,0.0021,2.9054,5.6882
53.9,-26.5708,18.545,-5.5135,0.0023,2.9035,5.6889
53.92,-26.5708,18.545,-5.5136,0.0021,2.9034,5.6881
53.94,-26.5724,18.5451,-5.5141,0.0013,2.9024,5.6883
53.96,-26.5739,18.5451,-5.5141,0.0018,2.9022,5.6884
53.98,-26.5737,18.5452,-5.5144,0.0016,2.9034,5.689
54,-26.5737,18.5449,-5.5148,0.0016,2.9022,5.6893
54.02,-26.5739,18.5453,-5.5149,0.0001,2.9031,5.6875
54.04,-26.5751,18.5453,-5.515,0,2.9041,5.6878
54.06,-26.5772,18.5447,-5.5152,0.0018,2.9013,5.6895
54.08,-26.5771,18.545,-5.5158,0.0004,2.9007,5.6881
54.1,-26.5768,18.5449,-5.5156,0.0014,2.9016,5.6886
54.12,-26.5773,18.5452,-5.5159,-0.0005,2.9011,5.6883
54.14,-26.5779,18.5454,-5.5158,-0.0001,2.9018,5.6877
54.16,-26.5783,18.5453,-5.5159,-0.0003,2.9029,5.6875
54.18,-26.5781,18.545,-5.5162,0.0012,2.9018,5.6875
54.2,-26.578,18.5451,-5.5161,-0.0002,2.9024,5.6881
54.22,-26.5781,18.545,-5.5161,0.0005,2.9024,5.6876
54.24,-26.5781,18.5451,-5.5162,0,2.9027,5.6869
54.26,-26.5778,18.545,-5.5162,0.0001,2.9027,5.6871
54.28,-26.5768,18.5451,-5.516,-0.0001,2.9029,5.6872
54.3,-26.5767,18.5451,-5.516,0.0003,2.9037,5.6873
54.32,-26.5766,18.5451,-5.5159,-0.0002,2.9049,5.6864
54.34,-26.5767,18.5453,-5.516,-0.0004,2.904,5.6867
54.36,-26.577,18.5451,-5.516,0.0005,2.9024,5.6871
54.38,-26.5773,18.5449,-5.5157,0.0009,2.9009,5.6892
54.4,-26.5772,18.5448,-5.5156,0.0014,2.9001,5.6892
54.42,-26.5772,18.545,-5.5157,0.0007,2.8966,5.6878
54.44,-26.5767,18.5452,-5.5156,-0.0006,2.8965,5.6882
54.46,-26.5758,18.5448,-5.5149,0.0009,2.8977,5.6879
54.48,-26.5757,18.545,-5.5148,0.002,2.8967,5.6895
54.5,-26.5755,18.5446,-5.5147,0.0031,2.8952,5.6897
54.52,-26.5741,18.5453,-5.5143,0.0009,2.8967,5.6884
54.54,-26.5733,18.5452,-5.5141,0.0007,2.8977,5.6878
54.56,-26.5727,18.5455,-5.514,-0.0005,2.898,5.6872
54.58,-26.5713,18.545,-5.5134,0.0012,2.8954,5.6874
54.6,-26.5706,18.545,-5.513,0.0018,2.8947,5.687
54.62,-26.5703,18.545,-5.5129,0.0022,2.8943,5.6882
54.64,-26.5696,18.5453,-5.5128,0.0011,2.8949,5.6876
54.66,-26.5691,18.5449,-5.5126,0.0027,2.8975,5.6874
54.68,-26.5693,18.5452,-5.5131,0.0009,2.898,5.6873
54.7,-26.5695,18.5453,-5.5131,0.0009,2.8981,5.687
54.72,-26.5697,18.5451,-5.5131,0.0016,2.8989,5.688
54.74,-26.5703,18.5453,-5.5134,0.0012,2.8985,5.6878
54.76,-26.5709,18.5455,-5.5139,0.0002,2.8973,5.6877
54.78,-26.5708,18.5454,-5.5138,-0.0003,2.9005,5.6874
54.8,-26.5711,18.5454,-5.5138,0.0004,2.9007,5.6862
54.82,-26.5714,18.5454,-5.514,0.0004,2.9001,5.6865
54.84,-26.5715,18.5451,-5.5139,0.0015,2.8993,5.6872
54.86,-26.5712,18.5451,-5.5138,0.0016,2.8998,5.6869
54.88,-26.5709,18.5452,-5.5137,0.0012,2.8989,5.6879
54.9,-26.5714,18.5451,-5.5138,0.0012,2.8974,5.6887
54.92,-26.5719,18.5452,-5.5138,0.0009,2.8973,5.6892
54.94,-26.5718,18.5456,-5.5138,-0.0006,2.8986,5.6885
54.96,-26.5715,18.545,-5.5136,0.0013,2.8997,5.6887
54.98,-26.5717,18.545,-5.5139,0.0016,2.8997,5.6885
55,-26.573,18.5449,-5.5139,0.0021,2.9015,5.6887
55.02,-26.5745,18.5454,-5.5145,0.0003,2.9005,5.6891
55.04,-26.5745,18.5451,-5.5145,0.0009,2.8995,5.6897
55.06,-26.5739,18.5453,-5.5147,0.0003,2.9013,5.6889
55.08,-26.5756,18.5455,-5.5153,0.0001,2.9005,5.688
55.1,-26.5769,18.5448,-5.5152,0.0018,2.9006,5.6892
55.12,-26.5769,18.5451,-5.5154,0.0009,2.9006,5.6888
55.14,-26.5767,18.5448,-5.5156,0.0016,2.9011,5.6877
55.16,-26.5767,18.5448,-5.5159,0.0019,2.9003,5.6875
55.18,-26.5782,18.5453,-5.5159,-0.0005,2.9015,5.6878
55.2,-26.5787,18.5448,-5.5159,0.0013,2.9004,5.6878
55.22,-26.5784,18.5452,-5.5163,-0.0001,2.8996,5.6876
55.24,-26.5779,18.5448,-5.5163,0.001,2.8996,5.6877
55.26,-26.5776,18.5451,-5.5162,-0.0003,2.9005,5.6877
55.28,-26.5775,18.5452,-5.516,-0.0011,2.9024,5.6862
55.3,-26.5768,18.5454,-5.5159,-0.0015,2.9031,5.6852
55.32,-26.576,18.5454,-5.5159,-0.0022,2.9033,5.686
55.34,-26.5758,18.5449,-5.5155,-0.0001,2.9049,5.6865
55.36,-26.5765,18.5452,-5.5158,-0.0005,2.903,5.6867
55.38,-26.577,18.5452,-5.5157,-0.0008,2.9017,5.6876
55.4,-26.5773,18.545,-5.5159,0.0004,2.9001,5.6888
55.42,-26.5773,18.5449,-5.5159,0.0012,2.9005,5.6884
55.44,-26.5775,18.545,-5.5159,0.0002,2.8996,5.688
55.46,-26.5773,18.5451,-5.5158,0,2.9005,5.688
55.48,-26.5767,18.545,-5.5157,0.0003,2.8994,5.6888
55.5,-26.5762,18.5446,-5.5154,0.0019,2.8994,5.6891
55.52,-26.5764,18.5452,-5.5154,0.0002,2.8986,5.6893
55.54,-26.5758,18.5455,-5.515,-0.0006,2.9004,5.6874
55.56,-26.5757,18.5451,-5.515,0.0008,2.8996,5.6882
55.58,-26.5742,18.5451,-5.5147,0.0006,2.8982,5.688
55.6,-26.574,18.5451,-5.5144,0.0011,2.8977,5.6878
55.62,-26.5733,18.5449,-5.5138,0.0011,2.8982,5.6879
55.64,-26.5727,18.5455,-5.5138,0.0001,2.8984,5.6867
55.66,-26.5719,18.5453,-5.5135,0.0001,2.8977,5.6868
55.68,-26.5695,18.5457,-5.5128,-0.0003,2.8962,5.6861
55.7,-26.5691,18.545,-5.5124,0.002,2.8957,5.6881
55.72,-26.5693,18.5453,-5.5126,0.0013,2.8946,5.6871
55.74,-26.5692,18.5452,-5.5126,0.0014,2.8961,5.6873
55.76,-26.5691,18.5456,-5.5129,-0.0008,2.8972,5.6869
55.78,-26.5692,18.5454,-5.5132,-0.0004,2.897,5.6867
55.8,-26.5694,18.5451,-5.513,0.002,2.8985,5.6868
55.82,-26.5704,18.5453,-5.5135,0.0011,2.8984,5.6867
55.84,-26.5709,18.5456,-5.5139,0.0002,2.8983,5.6863
55.86,-26.5714,18.5453,-5.5139,0.0003,2.8971,5.6865
55.88,-26.5719,18.5451,-5.5139,0.001,2.8968,5.6879
55.9,-26.572,18.5453,-5.5139,0.0007,2.8964,5.6875
55.92,-26.572,18.5453,-5.5139,0.0005,2.8963,5.6878
55.94,-26.5718,18.5452,-5.5138,0.0009,2.8967,5.6882
55.96,-26.5714,18.5451,-5.5133,0.0014,2.8988,5.6881
55.98,-26.571,18.5449,-5.5132,0.0026,2.8998,5.6884
56,-26.571,18.545,-5.5134,0.0021,2.9002,5.6882
56.02,-26.5712,18.5452,-5.5136,0.0008,2.9008,5.6878
56.04,-26.5718,18.5454,-5.5137,0.0006,2.9016,5.6879
56.06,-26.5721,18.5451,-5.5136,0.0015,2.9028,5.6891
56.08,-26.5724,18.5453,-5.5142,0.001,2.903,5.6884
56.1,-26.5732,18.5452,-5.5146,0.0003,2.9018,5.6884
56.12,-26.5741,18.5446,-5.5146,0.002,2.9021,5.6885
56.14,-26.575,18.5452,-5.5148,0.0014,2.9026,5.6881
56.16,-26.5752,18.545,-5.5149,0.0021,2.9034,5.6871
56.18,-26.576,18.5452,-5.5157,0.0003,2.9013,5.688
56.2,-26.5768,18.5454,-5.5159,0,2.9007,5.6878
56.22,-26.5786,18.5446,-5.5157,0.0018,2.8986,5.6896
56.24,-26.5786,18.5455,-5.5159,0,2.9,5.6881
56.26,-26.5785,18.5454,-5.5161,-0.0013,2.9005,5.6884
56.28,-26.5783,18.5456,-5.5164,-0.003,2.8988,5.688
56.3,-26.578,18.5454,-5.5161,-0.0015,2.9015,5.688
56.32,-26.5782,18.5452,-5.516,-0.0008,2.9009,5.6881
56.34,-26.5778,18.5452,-5.516,-0.0008,2.9016,5.6881
56.36,-26.5766,18.5452,-5.5157,-0.0005,2.9027,5.6875
56.38,-26.5767,18.5449,-5.5156,0.0003,2.9025,5.6882
56.4,-26.5769,18.545,-5.5156,0.0003,2.9026,5.688
56.42,-26.577,18.5449,-5.5157,0.0006,2.9031,5.6885
56.44,-26.577,18.5451,-5.5159,-0.0004,2.9024,5.6877
56.46,-26.5771,18.545,-5.5158,0.0001,2.9026,5.6876
56.48,-26.5776,18.545,-5.5159,0.0002,2.9012,5.6891
56.5,-26.5778,18.5449,-5.5162,0.0007,2.8996,5.6886
56.52,-26.5774,18.5451,-5.5159,0.0003,2.9004,5.6883
56.54,-26.5773,18.5453,-5.5159,-0.0001,2.8999,5.6878
56.56,-26.5775,18.545,-5.5159,0.002,2.8971,5.6889
56.58,-26.5767,18.5449,-5.5154,0.0011,2.8995,5.6889
56.6,-26.5763,18.5451,-5.5154,0,2.8993,5.6893
56.62,-26.5753,18.5452,-5.5152,0.0002,2.8992,5.6885
56.64,-26.5746,18.5453,-5.5149,0.0001,2.8987,5.6881
56.66,-26.5734,18.5449,-5.5142,0.0016,2.9,5.6884
56.68,-26.5724,18.5445,-5.5138,0.0028,2.8995,5.6888
56.7,-26.5717,18.5446,-5.5137,0.0031,2.8985,5.6888
56.72,-26.5712,18.545,-5.5134,0.002,2.8972,5.6889
56.74,-26.5701,18.5443,-5.5127,0.0041,2.8987,5.6891
56.76,-26.5695,18.5447,-5.5126,0.0038,2.8986,5.6883
56.78,-26.5688,18.5451,-5.5128,0.0023,2.8992,5.6871
56.8,-26.5685,18.545,-5.5128,0.0025,2.9012,5.6872
56.82,-26.5686,18.5453,-5.5131,0.0007,2.9018,5.6862
56.84,-26.5693,18.5451,-5.5132,0.0015,2.9009,5.6873
56.86,-26.5708,18.5452,-5.5134,0.0011,2.8993,5.6872
56.88,-26.5706,18.545,-5.5136,0.0023,2.8978,5.6879
56.9,-26.5705,18.5453,-5.5138,0.0004,2.8975,5.6868
56.92,-26.5709,18.5455,-5.514,-0.0001,2.8976,5.6865
56.94,-26.5714,18.5452,-5.5138,0.0011,2.8997,5.6873
56.96,-26.5717,18.5455,-5.5138,-0.0002,2.8991,5.6874
56.98,-26.5706,18.545,-5.5137,0.0017,2.8985,5.688
57,-26.5706,18.5454,-5.5137,0.0001,2.8984,5.6876
57.02,-26.5707,18.5454,-5.5135,0.0001,2.9001,5.6874
57.04,-26.5713,18.5452,-5.5134,0.0013,2.8998,5.6886
57.06,-26.5715,18.5449,-5.5137,0.0027,2.8968,5.6884
57.08,-26.5708,18.5452,-5.5137,0.0018,2.9008,5.6875
57.1,-26.5716,18.545,-5.5138,0.0014,2.9,5.6889
57.12,-26.5734,18.5449,-5.5139,0.0019,2.8999,5.6896
57.14,-26.5736,18.5453,-5.514,0.0019,2.8989,5.6896
57.16,-26.5738,18.5449,-5.5144,0.0015,2.8984,5.6898
57.18,-26.5745,18.545,-5.515,0.0021,2.8974,5.69
57.2,-26.5764,18.5449,-5.5151,0.0017,2.8975,5.6899
57.22,-26.5766,18.5453,-5.5153,0.0005,2.8988,5.6896
57.24,-26.5763,18.5453,-5.5153,0.0004,2.9028,5.6875
57.26,-26.5767,18.5448,-5.5156,0.002,2.898,5.6889
57.28,-26.577,18.545,-5.5158,0.0006,2.8991,5.6883
57.3,-26.5788,18.5448,-5.5158,0.0009,2.898,5.6902
57.32,-26.5792,18.5452,-5.516,-0.0002,2.8984,5.689
57.34,-26.5793,18.545,-5.5162,-0.0002,2.8975,5.6885
57.36,-26.5794,18.5449,-5.5167,0.0002,2.8959,5.6891
57.38,-26.5789,18.5452,-5.5166,-0.0009,2.8983,5.6881
57.4,-26.5786,18.5455,-5.5166,-0.0018,2.8995,5.6879
57.42,-26.5783,18.5453,-5.5166,-0.0018,2.8995,5.6882
57.44,-26.5767,18.5457,-5.5163,-0.0035,2.9049,5.6856
57.46,-26.5769,18.5452,-5.5166,-0.001,2.8999,5.6865
57.48,-26.5762,18.5454,-5.5161,-0.0017,2.9022,5.6864
57.5,-26.5762,18.5452,-5.5159,-0.0004,2.9057,5.687
57.52,-26.5765,18.545,-5.5159,0.0004,2.9038,5.6884
57.54,-26.5773,18.5453,-5.5163,-0.0009,2.9018,5.6882
57.56,-26.5775,18.5448,-5.5163,0.0012,2.9009,5.6894
57.58,-26.5773,18.5451,-5.516,-0.0003,2.9,5.6885
57.6,-26.5771,18.545,-5.5159,-0.0001,2.9005,5.6892
57.62,-26.577,18.5448,-5.5159,0.0005,2.8992,5.6897
57.64,-26.5764,18.5453,-5.5159,-0.0012,2.8992,5.6887
57.66,-26.5762,18.5453,-5.5158,-0.0013,2.8979,5.6883
57.68,-26.5758,18.5451,-5.5153,-0.0001,2.8968,5.689
57.7,-26.5757,18.5449,-5.515,0.001,2.897,5.6893
57.72,-26.5754,18.545,-5.5147,0.0005,2.8968,5.69
57.74,-26.5745,18.5452,-5.5145,0.0002,2.8955,5.6892
57.76,-26.573,18.5448,-5.5142,0.0009,2.8955,5.6896
57.78,-26.5714,18.5449,-5.5138,0.002,2.8944,5.6899
57.8,-26.5709,18.5452,-5.5135,0.0011,2.8944,5.6888
57.82,-26.57,18.545,-5.5128,0.002,2.8949,5.6886
57.84,-26.5687,18.5454,-5.5125,0.0014,2.8973,5.6868
57.86,-26.5668,18.545,-5.5124,0.0025,2.9024,5.6869
57.88,-26.5681,18.5453,-5.5134,0.0006,2.9002,5.6879
57.9,-26.5693,18.545,-5.5134,0.0011,2.9001,5.6881
57.92,-26.57,18.5449,-5.5135,0.0016,2.8994,5.6887
57.94,-26.5696,18.5452,-5.5135,0.0008,2.9002,5.6879
57.96,-26.5697,18.5446,-5.5136,0.0032,2.8999,5.6879
57.98,-26.5706,18.5449,-5.5138,0.0015,2.9009,5.6888
58,-26.5716,18.5449,-5.5138,0.0016,2.8993,5.6884
58.02,-26.5713,18.5451,-5.5139,0.001,2.8996,5.6883
58.04,-26.5711,18.5449,-5.5139,0.0019,2.8992,5.6889
58.06,-26.571,18.5449,-5.5141,0.0017,2.8969,5.6898
58.08,-26.5707,18.5453,-5.5138,-0.0005,2.8979,5.6892
58.1,-26.5706,18.545,-5.5136,0.0013,2.9,5.6895
58.12,-26.5707,18.5449,-5.5137,0.0021,2.8999,5.6894
58.14,-26.5707,18.545,-5.5138,0.0014,2.9021,5.6895
58.16,-26.5709,18.5449,-5.5136,0.0031,2.9036,5.6894
58.18,-26.5727,18.545,-5.5145,0.0015,2.9003,5.6893
58.2,-26.5735,18.5454,-5.5148,0.0002,2.8996,5.6888
58.22,-26.5742,18.545,-5.5146,0.0005,2.9004,5.6891
58.24,-26.5752,18.5445,-5.5147,0.0022,2.8986,5.6907
58.26,-26.5754,18.5448,-5.5148,0.0021,2.8977,5.6899
58.28,-26.5772,18.5454,-5.5159,-0.0002,2.897,5.6896
58.3,-26.5783,18.5447,-5.5156,0.0007,2.8959,5.6899
58.32,-26.5795,18.5448,-5.5158,0.0008,2.8948,5.69
58.34,-26.5796,18.5444,-5.5159,0.0016,2.8946,5.6915
58.36,-26.579,18.5449,-5.5162,0.0005,2.8955,5.6896
58.38,-26.5786,18.545,-5.5163,-0.0004,2.8976,5.6889
58.4,-26.5783,18.545,-5.5161,0.0001,2.9007,5.6875
58.42,-26.5781,18.5449,-5.516,0.0006,2.901,5.6895
58.44,-26.5767,18.5449,-5.5156,0.0011,2.9026,5.6894
58.46,-26.5764,18.545,-5.516,0.0007,2.902,5.6884
58.48,-26.5766,18.545,-5.5156,0.0003,2.9008,5.6874
58.5,-26.5769,18.545,-5.5156,0.0002,2.8999,5.6878
58.52,-26.5774,18.5446,-5.5156,0.0017,2.8977,5.6894
58.54,-26.5775,18.5451,-5.5159,-0.0005,2.8969,5.6888
58.56,-26.5773,18.545,-5.5158,0.0001,2.8978,5.6885
58.58,-26.578,18.5449,-5.5158,0.0011,2.8981,5.688
58.6,-26.5783,18.5449,-5.516,0.0009,2.8968,5.6892
58.62,-26.5778,18.545,-5.516,0.0007,2.8982,5.6889
58.64,-26.5776,18.5449,-5.5159,0.001,2.8975,5.6893
58.66,-26.5771,18.5451,-5.5156,0.0001,2.8981,5.6889
58.68,-26.5776,18.5449,-5.5155,0.001,2.8965,5.6895
58.7,-26.5776,18.5448,-5.5155,0.0012,2.8956,5.6891
58.72,-26.577,18.5446,-5.515,0.0024,2.8961,5.6897
58.74,-26.5763,18.5453,-5.515,0.0008,2.8958,5.6891
58.76,-26.5763,18.5446,-5.5148,0.0026,2.8934,5.6901
58.78,-26.5752,18.5446,-5.5142,0.0024,2.8929,5.6896
58.8,-26.5747,18.5447,-5.514,0.0022,2.8914,5.6898
58.82,-26.5736,18.5448,-5.5136,0.0024,2.8917,5.6885
58.84,-26.573,18.545,-5.5134,0.0014,2.8912,5.688
58.86,-26.5722,18.5451,-5.5129,0.0013,2.8924,5.688
58.88,-26.5712,18.545,-5.5126,0.0024,2.8942,5.6888
58.9,-26.5709,18.5449,-5.5128,0.0034,2.8961,5.6872
58.92,-26.5708,18.545,-5.5129,0.0025,2.8966,5.6871
58.94,-26.571,18.545,-5.5131,0.0019,2.8955,5.6873
58.96,-26.5708,18.5451,-5.513,0.0016,2.8957,5.687
58.98,-26.5699,18.5451,-5.5132,0.0008,2.8989,5.687
59,-26.5703,18.5451,-5.5135,0.0012,2.8982,5.687
59.02,-26.5711,18.5447,-5.5136,0.0029,2.8972,5.6882
59.04,-26.5711,18.545,-5.5136,0.0017,2.8977,5.6884
59.06,-26.5712,18.5451,-5.5137,0.0004,2.8956,5.6889
59.08,-26.5706,18.5447,-5.5135,0.0027,2.8993,5.6888
59.1,-26.5709,18.5453,-5.5138,0.0006,2.8995,5.6874
59.12,-26.5712,18.5453,-5.5136,0.0001,2.8997,5.6876
59.14,-26.571,18.5451,-5.5135,0.0012,2.8992,5.6876
59.16,-26.5708,18.5452,-5.5136,0,2.8984,5.688
59.18,-26.5707,18.5451,-5.5135,0.0009,2.8988,5.6895
59.2,-26.571,18.5447,-5.5132,0.0035,2.9007,5.69
59.22,-26.5708,18.5453,-5.5132,0.0014,2.9025,5.688
59.24,-26.5713,18.5449,-5.5135,0.002,2.9009,5.6895
59.26,-26.5715,18.5449,-5.5138,0.0022,2.9009,5.6896
59.28,-26.5736,18.5446,-5.5139,0.0034,2.9012,5.69
59.3,-26.5747,18.5452,-5.5143,0.002,2.9,5.6897
59.32,-26.5752,18.5449,-5.5146,0.002,2.9004,5.6901
59.34,-26.5756,18.5451,-5.515,0.0013,2.9,5.6892
59.36,-26.5765,18.5451,-5.5153,0.0006,2.899,5.6893
59.38,-26.5788,18.5445,-5.5155,0.0013,2.8974,5.6903
59.4,-26.5786,18.5455,-5.5159,-0.0009,2.898,5.6893
59.42,-26.5787,18.5446,-5.516,0.0017,2.898,5.6894
59.44,-26.579,18.5449,-5.5163,0.0011,2.8962,5.6896
59.46,-26.5789,18.5448,-5.5161,0.0009,2.8984,5.69
59.48,-26.5786,18.5449,-5.5161,0.0009,2.9003,5.6884
59.5,-26.5784,18.5449,-5.5162,0.0004,2.8995,5.6886
59.52,-26.5776,18.5451,-5.516,-0.0004,2.9008,5.6877
59.54,-26.5772,18.5449,-5.5158,0.0002,2.901,5.6893
59.56,-26.5773,18.5449,-5.5157,0.0008,2.9001,5.689
59.58,-26.5767,18.545,-5.5159,0.0001,2.902,5.6876
59.6,-26.5769,18.5449,-5.516,0.0007,2.9002,5.6886
59.62,-26.5771,18.5451,-5.5158,-0.0002,2.901,5.6879
59.64,-26.5774,18.5452,-5.5158,-0.0005,2.9018,5.688
59.66,-26.5783,18.5452,-5.5161,-0.0009,2.9008,5.6883
59.68,-26.5782,18.545,-5.5161,0.0013,2.899,5.6882
59.7,-26.578,18.5452,-5.516,-0.0003,2.8997,5.6883
59.72,-26.5782,18.5452,-5.5161,-0.0003,2.8975,5.688
59.74,-26.5781,18.5449,-5.516,0.0012,2.8976,5.6889
59.76,-26.5778,18.5448,-5.5158,0.0015,2.8984,5.6893
59.78,-26.5772,18.5451,-5.5153,0.0011,2.8974,5.6883
59.8,-26.5773,18.545,-5.5151,0.002,2.8962,5.6889
59.82,-26.5776,18.5451,-5.5151,0.0012,2.8944,5.6894
59.84,-26.5775,18.5449,-5.515,0.0017,2.8934,5.6902
59.86,-26.5767,18.545,-5.5147,0.0013,2.8932,5.6896
59.88,-26.574,18.545,-5.5139,0.0023,2.8927,5.689
59.9,-26.5728,18.545,-5.5134,0.0016,2.8928,5.6884
59.92,-26.5723,18.545,-5.513,0.0024,2.8921,5.6879
59.94,-26.5716,18.5449,-5.5126,0.0022,2.8915,5.6886
59.96,-26.5705,18.5449,-5.5122,0.0028,2.892,5.6887
59.98,-26.5699,18.5454,-5.5127,0.0013,2.8937,5.6886
60,-26.5702,18.5447,-5.5128,0.0026,2.8947,5.6893
60.02,-26.5698,18.545,-5.5129,0.002,2.896,5.6882
60.04,-26.5692,18.5451,-5.5128,0.0021,2.8981,5.6881
60.06,-26.5684,18.545,-5.513,0.0018,2.8994,5.687
60.08,-26.5673,18.5451,-5.513,0.0019,2.8999,5.6862
60.1,-26.5675,18.5449,-5.5125,0.0028,2.8999,5.6871
60.12,-26.5688,18.5451,-5.5127,0.0022,2.8994,5.6886
60.14,-26.5705,18.5452,-5.5136,0.0016,2.898,5.6883
60.16,-26.5703,18.5449,-5.5137,0.0014,2.8982,5.6892
60.18,-26.5704,18.545,-5.5133,0.0012,2.8975,5.6892
60.2,-26.5712,18.5451,-5.5134,0.0021,2.8962,5.6881
60.22,-26.5722,18.5452,-5.5138,0.0007,2.895,5.6889
60.24,-26.572,18.5455,-5.5137,0.0001,2.8964,5.6881
60.26,-26.5725,18.5452,-5.5136,0.0003,2.8945,5.689
60.28,-26.5725,18.5451,-5.5132,0.0013,2.8949,5.6898
60.3,-26.5725,18.5452,-5.5133,0.0009,2.8966,5.6894
60.32,-26.5734,18.5453,-5.5138,0.001,2.8953,5.6898
60.34,-26.5745,18.5451,-5.5139,0.0018,2.8966,5.69
60.36,-26.576,18.5446,-5.5141,0.003,2.8957,5.691
60.38,-26.5764,18.5451,-5.515,0.0013,2.8953,5.6906
60.4,-26.5773,18.5452,-5.5156,0.0009,2.8956,5.6902
60.42,-26.5776,18.5453,-5.5156,0.0003,2.9,5.6892
60.44,-26.5784,18.5449,-5.5159,0.0006,2.8994,5.6896
60.46,-26.5783,18.5451,-5.5163,0,2.899,5.6899
60.48,-26.5773,18.545,-5.5165,0.0006,2.9021,5.6885
60.5,-26.5775,18.545,-5.5165,0.0005,2.903,5.6888
60.52,-26.5783,18.5453,-5.5168,-0.0011,2.9019,5.6893
60.54,-26.578,18.5454,-5.5167,-0.0017,2.9041,5.689
60.56,-26.5778,18.5452,-5.5167,-0.001,2.9048,5.6889
60.58,-26.5777,18.5448,-5.5166,0.001,2.9035,5.6894
60.6,-26.5776,18.5451,-5.5165,-0.0002,2.9043,5.688
60.62,-26.5773,18.5448,-5.5162,0.0009,2.9044,5.6886
60.64,-26.577,18.5451,-5.5162,-0.0004,2.903,5.6872
60.66,-26.5767,18.5454,-5.5161,-0.0017,2.9025,5.6874
60.68,-26.577,18.5454,-5.5159,-0.0014,2.9018,5.6871
60.7,-26.5772,18.5454,-5.5158,-0.0011,2.9016,5.6869
60.72,-26.5779,18.545,-5.516,0.0004,2.8971,5.688
60.74,-26.5782,18.5448,-5.5159,0.0009,2.8981,5.6891
60.76,-26.5784,18.5452,-5.516,-0.0001,2.8988,5.6866
60.78,-26.5792,18.5453,-5.5161,0.0001,2.897,5.6872
60.8,-26.5792,18.5453,-5.5162,-0.0004,2.8962,5.6881
60.82,-26.5789,18.545,-5.516,0.0005,2.8956,5.6889
60.84,-26.5788,18.5449,-5.516,0.0008,2.8951,5.6893
60.86,-26.5789,18.5449,-5.516,0.0007,2.8935,5.6898
60.88,-26.5786,18.5452,-5.5158,-0.0006,2.893,5.6897
60.9,-26.5777,18.5454,-5.5154,-0.001,2.8932,5.6885
60.92,-26.5763,18.5452,-5.5149,0.0001,2.8949,5.6877
60.94,-26.5753,18.5451,-5.5143,0.0014,2.8961,5.6877
60.96,-26.5755,18.545,-5.5146,0.0006,2.8912,5.6893
60.98,-26.5747,18.5453,-5.5139,0.0005,2.8918,5.6879
61,-26.5742,18.5449,-5.5134,0.0019,2.8907,5.6885
61.02,-26.5732,18.5451,-5.5135,0.0009,2.8891,5.6888
61.04,-26.572,18.5448,-5.5132,0.0017,2.8909,5.6885
61.06,-26.5719,18.5449,-5.5134,0.0017,2.8904,5.689
61.08,-26.5703,18.5452,-5.5129,0.0018,2.8945,5.6878
61.1,-26.57,18.5451,-5.5132,0.0015,2.8946,5.6888
61.12,-26.5691,18.5452,-5.5132,0.0011,2.8975,5.6883
61.14,-26.5695,18.5451,-5.5133,0.0019,2.8973,5.6882
61.16,-26.5697,18.5449,-5.5131,0.003,2.8995,5.6883
61.18,-26.57,18.545,-5.5136,0.0016,2.8976,5.6884
61.2,-26.57,18.5452,-5.5139,0.0011,2.8986,5.6887
61.22,-26.5704,18.5451,-5.514,0.0009,2.8992,5.6893
61.24,-26.5706,18.545,-5.5139,0.0013,2.9014,5.69
61.26,-26.5704,18.5453,-5.5138,0.0001,2.904,5.6877
61.28,-26.5703,18.5452,-5.5139,0.0013,2.9026,5.6886
61.3,-26.5701,18.545,-5.5137,0.0019,2.904,5.6894
61.32,-26.5705,18.5451,-5.5138,0.0018,2.9031,5.6894
61.34,-26.5705,18.5451,-5.5137,0.0018,2.904,5.6886
61.36,-26.5713,18.5453,-5.514,0.0014,2.9013,5.6892
61.38,-26.5723,18.5452,-5.5142,0.0021,2.902,5.689
61.4,-26.5731,18.5456,-5.5145,-0.0002,2.9025,5.6894
61.42,-26.5737,18.5455,-5.5145,-0.0003,2.903,5.6887
61.44,-26.5747,18.5453,-5.5148,0.0002,2.902,5.6883
61.46,-26.5757,18.5451,-5.515,0.0009,2.9007,5.6883
61.48,-26.5777,18.5453,-5.5157,-0.0008,2.8982,5.6879
61.5,-26.5781,18.5452,-5.5157,-0.0003,2.8986,5.6881
61.52,-26.5788,18.5451,-5.516,0,2.8961,5.6887
61.54,-26.5788,18.5449,-5.5159,0.001,2.8969,5.6882
61.56,-26.5788,18.5453,-5.5159,-0.0007,2.898,5.6881
61.58,-26.579,18.545,-5.5159,0.0005,2.898,5.6877
61.6,-26.579,18.5451,-5.5161,-0.0002,2.8976,5.6876
61.62,-26.5788,18.545,-5.5161,0.0007,2.8978,5.6874
61.64,-26.5785,18.5451,-5.516,-0.0001,2.8993,5.6877
61.66,-26.5782,18.5453,-5.516,-0.0012,2.9007,5.688
61.68,-26.5781,18.5452,-5.5162,-0.0007,2.8993,5.6877
61.7,-26.5781,18.5452,-5.5162,-0.0001,2.8985,5.6869
61.72,-26.578,18.545,-5.516,0.0008,2.8997,5.6875
61.74,-26.5781,18.5451,-5.516,0.0004,2.8997,5.6876
61.76,-26.5781,18.5451,-5.5162,-0.0001,2.8985,5.6878
61.78,-26.5777,18.5451,-5.5162,-0.0003,2.9,5.6878
61.8,-26.5775,18.5452,-5.516,-0.0001,2.9028,5.6873
61.82,-26.5776,18.5452,-5.5159,-0.0002,2.902,5.6871
61.84,-26.5776,18.5455,-5.516,-0.0015,2.9019,5.6872
61.86,-26.5775,18.5454,-5.5161,-0.0011,2.9001,5.6882
61.88,-26.5773,18.5452,-5.5158,-0.0002,2.8979,5.6886
61.9,-26.5773,18.5453,-5.5157,-0.0007,2.8972,5.6897
61.92,-26.5768,18.5457,-5.5155,-0.0025,2.8978,5.6881
61.94,-26.5758,18.5453,-5.5151,-0.0012,2.8975,5.6881
61.96,-26.575,18.5455,-5.5148,-0.001,2.8978,5.688
61.98,-26.5738,18.5452,-5.5144,0.0007,2.8984,5.6882
62,-26.5735,18.5453,-5.5141,0.0006,2.8984,5.6883
62.02,-26.5731,18.5454,-5.5141,-0.0003,2.8976,5.689
62.04,-26.5724,18.545,-5.5138,0.0002,2.8963,5.6891
62.06,-26.5716,18.5452,-5.5138,0.0007,2.896,5.6881
62.08,-26.5695,18.5452,-5.5131,0.0007,2.8968,5.6888
62.1,-26.5679,18.5448,-5.5125,0.0028,2.9006,5.6878
62.12,-26.5679,18.5452,-5.5127,0.0016,2.9003,5.6872
62.14,-26.5682,18.5456,-5.513,0.0005,2.9,5.6864
62.16,-26.5687,18.545,-5.513,0.0025,2.8997,5.6873
62.18,-26.569,18.5454,-5.5133,0.0009,2.9002,5.6873
62.2,-26.5693,18.545,-5.5134,0.0023,2.8986,5.6893
62.22,-26.5698,18.5453,-5.5136,0.0005,2.8982,5.6881
62.24,-26.5704,18.5454,-5.5139,0.0005,2.899,5.6873
62.26,-26.571,18.5454,-5.5139,-0.0003,2.8991,5.6875
62.28,-26.5704,18.5452,-5.5138,0.0005,2.901,5.6883
62.3,-26.5701,18.5457,-5.5139,-0.001,2.9021,5.6868
62.32,-26.5705,18.5457,-5.514,-0.0008,2.9016,5.6872
62.34,-26.5712,18.5453,-5.5139,0.0011,2.9003,5.6882
62.36,-26.5717,18.5454,-5.5138,0.001,2.9001,5.6885
62.38,-26.571,18.545,-5.5135,0.0023,2.8997,5.6889
62.4,-26.571,18.5452,-5.5137,0.0014,2.8996,5.689
62.42,-26.5722,18.5452,-5.5142,0.0004,2.8995,5.6892
62.44,-26.5739,18.5452,-5.5143,0.0014,2.898,5.6896
62.46,-26.5746,18.5452,-5.5143,0.0012,2.8994,5.6896
62.48,-26.575,18.5451,-5.5149,0.0008,2.8977,5.6897
62.5,-26.5759,18.5453,-5.5154,0.0001,2.8964,5.6891
62.52,-26.5776,18.5452,-5.5155,0.0001,2.8965,5.6889
62.54,-26.5788,18.5454,-5.5157,0.0001,2.8966,5.6892
62.56,-26.5789,18.5452,-5.5157,0.0001,2.896,5.6896
62.58,-26.5785,18.5451,-5.5162,0.0001,2.8961,5.6886
62.6,-26.5792,18.5448,-5.5164,0.001,2.8954,5.6902
62.62,-26.5795,18.545,-5.5164,0.0002,2.8957,5.6895
62.64,-26.5794,18.5447,-5.5162,0.0012,2.8962,5.6898
62.66,-26.5791,18.5449,-5.5165,0.0005,2.8965,5.6889
62.68,-26.5782,18.5449,-5.5164,0.0005,2.8976,5.6892
62.7,-26.5779,18.5453,-5.5162,-0.0007,2.9002,5.6874
62.72,-26.5779,18.5451,-5.516,0,2.9019,5.6875
62.74,-26.5782,18.5449,-5.5161,0.0006,2.9011,5.6884
62.76,-26.578,18.5452,-5.5161,-0.0009,2.9013,5.6879
62.78,-26.5779,18.5452,-5.5161,-0.0007,2.8994,5.6875
62.8,-26.5783,18.5451,-5.5161,-0.0003,2.8986,5.6888
62.82,-26.5782,18.5453,-5.5161,-0.0012,2.8998,5.688
62.84,-26.5781,18.5454,-5.5161,-0.0018,2.9015,5.6877
62.86,-26.5784,18.5453,-5.5162,-0.0009,2.8994,5.6878
62.88,-26.5782,18.545,-5.516,0.0007,2.899,5.6884
62.9,-26.5781,18.5451,-5.5159,0.0004,2.899,5.6885
62.92,-26.5783,18.5451,-5.5162,-0.0005,2.8959,5.6899
62.94,-26.5779,18.5451,-5.5159,0.0002,2.8971,5.6889
62.96,-26.5773,18.5452,-5.5156,-0.0006,2.8978,5.6889
62.98,-26.5762,18.5454,-5.5154,-0.0005,2.8983,5.6886
63,-26.5752,18.5452,-5.5152,0.0002,2.8989,5.6887
63.02,-26.5749,18.5453,-5.5151,0,2.8974,5.6886
63.04,-26.5744,18.5454,-5.5147,-0.0001,2.8975,5.6883
63.06,-26.574,18.5449,-5.5144,0.0015,2.8979,5.6897
63.08,-26.5715,18.545,-5.5139,0.0005,2.899,5.6889
63.1,-26.5704,18.5455,-5.5135,-0.0002,2.8983,5.6881
63.12,-26.5701,18.5458,-5.5135,-0.0019,2.8977,5.6884
63.14,-26.5703,18.5454,-5.5133,-0.0004,2.8978,5.688
63.16,-26.5699,18.5451,-5.5131,0.0011,2.8991,5.6882
63.18,-26.5694,18.5453,-5.5132,0.0013,2.9023,5.6871
63.2,-26.5693,18.5453,-5.5134,0.0009,2.9013,5.6879
63.22,-26.5695,18.5455,-5.5136,0.0001,2.9014,5.6877
63.24,-26.5697,18.5454,-5.5136,0.0002,2.9032,5.6874
63.26,-26.5709,18.5455,-5.5141,-0.0003,2.9019,5.6886
63.28,-26.5711,18.5454,-5.5139,0.0005,2.9009,5.6877
63.3,-26.5708,18.5456,-5.5138,-0.0006,2.9016,5.6874
63.32,-26.5709,18.5452,-5.5138,0.0011,2.901,5.6878
63.34,-26.5711,18.5449,-5.5139,0.0021,2.9003,5.6889
63.36,-26.5711,18.5451,-5.5138,0.0018,2.9024,5.6885
63.38,-26.5713,18.5451,-5.5138,0.0012,2.9008,5.6893
63.4,-26.5712,18.5451,-5.5138,0.001,2.9016,5.6897
63.42,-26.5715,18.5452,-5.5139,0.0006,2.9015,5.6889
63.44,-26.5726,18.5451,-5.5141,0.0008,2.9011,5.6893
63.46,-26.5734,18.5454,-5.5142,-0.0002,2.9006,5.6888
63.48,-26.5727,18.5454,-5.5141,0.0007,2.9011,5.6891
63.5,-26.5726,18.5454,-5.5143,0.0001,2.9019,5.6887
63.52,-26.5738,18.5453,-5.5148,0.0002,2.9004,5.6888
63.54,-26.5757,18.5453,-5.5151,0.0001,2.9005,5.6886
63.56,-26.5757,18.5456,-5.5148,-0.0003,2.902,5.6887
63.58,-26.5758,18.5449,-5.5156,0.0009,2.8997,5.69
63.6,-26.5761,18.5456,-5.5161,-0.0019,2.8993,5.6879
63.62,-26.5779,18.5453,-5.516,-0.0015,2.8993,5.6888
63.64,-26.5788,18.5452,-5.5157,0.0004,2.9006,5.6883
63.66,-26.5789,18.5452,-5.5159,0,2.8999,5.6885
63.68,-26.5788,18.5455,-5.5166,-0.0016,2.8992,5.6872
63.7,-26.5793,18.5451,-5.5167,-0.0012,2.8978,5.6897
63.72,-26.5794,18.5449,-5.5165,0.0006,2.8993,5.6894
63.74,-26.5788,18.5449,-5.5164,0.0007,2.9014,5.6882
63.76,-26.5784,18.545,-5.5165,-0.0005,2.9015,5.6886
63.78,-26.5768,18.5451,-5.5161,0,2.903,5.6874
63.8,-26.5764,18.5451,-5.5158,-0.0002,2.9038,5.6876
63.82,-26.5761,18.5452,-5.5157,-0.0007,2.9045,5.6869
63.84,-26.5763,18.5454,-5.516,-0.0015,2.9041,5.687
63.86,-26.5768,18.545,-5.516,0.0006,2.9013,5.6884
63.88,-26.5778,18.545,-5.5159,0.0001,2.9006,5.6889
63.9,-26.5781,18.5453,-5.5163,-0.0012,2.899,5.6879
63.92,-26.5778,18.5454,-5.5163,-0.0014,2.9009,5.6872
63.94,-26.5779,18.5454,-5.5163,-0.0016,2.901,5.6874
63.96,-26.5778,18.5454,-5.5161,-0.0012,2.9015,5.687
63.98,-26.5782,18.5452,-5.5161,-0.0007,2.9006,5.6882
64,-26.5782,18.5451,-5.5161,-0.0001,2.8999,5.6884
64.02,-26.578,18.5452,-5.516,0.0002,2.8996,5.6884
64.04,-26.5777,18.545,-5.516,0.0006,2.8986,5.6896
64.06,-26.5767,18.5456,-5.5159,-0.0013,2.8996,5.6885
64.08,-26.5758,18.5454,-5.5156,-0.0008,2.8994,5.6886
64.1,-26.5752,18.5452,-5.5153,0.0002,2.8998,5.6892
64.12,-26.5748,18.5453,-5.515,0,2.8992,5.6893
64.14,-26.5744,18.5449,-5.5149,0.0009,2.8984,5.6899
64.16,-26.5734,18.545,-5.5146,0.0015,2.8992,5.6894
64.18,-26.5721,18.5455,-5.514,-0.0002,2.8988,5.6864
64.2,-26.5716,18.5451,-5.5136,0.0004,2.8976,5.6884
64.22,-26.5709,18.5451,-5.5134,0.001,2.8956,5.6888
64.24,-26.5703,18.5457,-5.5133,0.0002,2.8961,5.6881
64.26,-26.5696,18.5452,-5.5128,0.001,2.8979,5.6874
64.28,-26.5705,18.5454,-5.5133,0.0002,2.8985,5.6885
64.3,-26.5704,18.5452,-5.5135,0.0008,2.8988,5.6886
64.32,-26.5705,18.5453,-5.5137,0.0003,2.8984,5.688
64.34,-26.5708,18.545,-5.5138,0.001,2.8977,5.6878
64.36,-26.5711,18.5453,-5.5137,0.0003,2.899,5.6876
64.38,-26.571,18.545,-5.5137,0.002,2.8983,5.6886
64.4,-26.5709,18.5451,-5.5139,0.0012,2.8984,5.6878
64.42,-26.5711,18.5454,-5.514,0.0004,2.8998,5.6878
64.43999,-26.5718,18.5453,-5.5141,0.0001,2.8987,5.6888
64.46,-26.5717,18.5452,-5.5138,0.0008,2.8995,5.6887
64.48,-26.5712,18.5452,-5.514,0.0014,2.8994,5.6883
64.5,-26.5715,18.5453,-5.514,0.001,2.8996,5.6881
64.52,-26.572,18.5451,-5.5137,0.0018,2.8992,5.6881
64.54,-26.5727,18.5452,-5.5138,0.0014,2.8978,5.6892
64.56,-26.5726,18.5451,-5.5137,0.0018,2.8989,5.6892
64.58,-26.5725,18.5452,-5.514,0.0015,2.9001,5.6877
64.6,-26.5739,18.5449,-5.5141,0.0026,2.9004,5.6885
64.62,-26.575,18.5453,-5.5142,0.002,2.9006,5.6884
64.64,-26.5752,18.5455,-5.5144,-0.0005,2.9012,5.6885
64.66,-26.5751,18.5454,-5.5148,-0.0005,2.9008,5.6886
64.68,-26.5757,18.5453,-5.5153,-0.0003,2.8995,5.6888
64.7,-26.5766,18.5449,-5.515,0.001,2.9024,5.6887
64.72,-26.5779,18.5448,-5.5155,0.001,2.9012,5.6889
64.74,-26.5774,18.5455,-5.5157,-0.0006,2.9022,5.6875
64.76,-26.5772,18.5453,-5.516,-0.0003,2.9017,5.6876
64.78,-26.5776,18.5453,-5.5162,-0.0008,2.9013,5.6877
64.8,-26.5779,18.5454,-5.5161,-0.0013,2.903,5.6881
64.82,-26.5776,18.5452,-5.516,-0.0007,2.9043,5.6877
64.84,-26.5774,18.5455,-5.5163,-0.002,2.904,5.6872
64.86,-26.5769,18.5454,-5.5161,-0.0015,2.9045,5.6867
64.88,-26.5774,18.5448,-5.5155,0.0028,2.9048,5.6877
64.9,-26.5776,18.5453,-5.5159,-0.0012,2.9031,5.6877
64.92,-26.5771,18.5452,-5.5158,-0.0009,2.9042,5.6871
64.93999,-26.5771,18.5452,-5.516,-0.0005,2.9019,5.6875
64.96,-26.5769,18.5451,-5.5158,0.0004,2.9034,5.6872
64.98,-26.5771,18.5451,-5.5159,-0.0001,2.9033,5.6876
65,-26.5771,18.5455,-5.516,-0.0013,2.9047,5.6865
65.02,-26.5773,18.5453,-5.5161,-0.0004,2.9044,5.6869
65.04,-26.5777,18.5452,-5.5162,-0.0003,2.9025,5.688
65.06,-26.5774,18.5455,-5.516,-0.0012,2.9037,5.6872
65.08,-26.5775,18.5453,-5.5161,-0.0008,2.9011,5.6888
65.1,-26.577,18.545,-5.5159,0.0008,2.9018,5.6892
65.12,-26.5768,18.545,-5.5158,0.0005,2.9015,5.6889
65.14,-26.577,18.5451,-5.5157,0.0003,2.8997,5.6893
65.16,-26.5767,18.5453,-5.5156,-0.0004,2.9006,5.6886
65.18,-26.5748,18.5454,-5.5155,-0.0002,2.9022,5.6882
65.2,-26.5741,18.5455,-5.5152,-0.0008,2.9019,5.6874
65.22,-26.5739,18.5453,-5.5148,-0.0007,2.9013,5.6878
65.24,-26.5732,18.5453,-5.5144,0.0006,2.9039,5.6876
65.26,-26.5724,18.545,-5.5143,0.0015,2.9037,5.6887
65.28,-26.5702,18.5453,-5.514,0.0007,2.902,5.6883
65.3,-26.5692,18.5454,-5.5133,0.0012,2.9029,5.6878
65.32,-26.5695,18.5453,-5.5133,0.0012,2.9016,5.6875
65.34,-26.5692,18.5451,-5.5131,0.0017,2.9006,5.6876
65.36,-26.5685,18.5454,-5.5131,0.001,2.9012,5.6867
65.38,-26.5683,18.5449,-5.5131,0.0022,2.9011,5.6872
65.4,-26.5694,18.5449,-5.5134,0.0023,2.9011,5.6877
65.42,-26.5713,18.5452,-5.514,0.0018,2.8995,5.6875
65.43999,-26.571,18.5451,-5.5139,0.0022,2.901,5.6868
65.46,-26.5707,18.5452,-5.5139,0.0008,2.9005,5.6873
65.48,-26.5704,18.5454,-5.5139,-0.0002,2.9014,5.6868
65.5,-26.5712,18.5453,-5.514,0.0005,2.9016,5.6878
65.52,-26.5715,18.5454,-5.514,0.0004,2.9016,5.6873
65.54,-26.5709,18.5455,-5.514,-0.0004,2.9023,5.6868
65.56,-26.5703,18.5453,-5.5139,0.0007,2.9021,5.6875
65.58,-26.5703,18.5454,-5.5138,0.0008,2.9041,5.6873
65.6,-26.5713,18.5454,-5.514,0.0005,2.9027,5.6878
65.62,-26.5712,18.5454,-5.5139,0.0005,2.9031,5.6878
65.64,-26.571,18.5452,-5.5139,0.001,2.904,5.6885
65.66,-26.5712,18.5454,-5.5141,0.0004,2.9038,5.6878
65.68,-26.5733,18.5457,-5.5144,-0.0009,2.9026,5.6879
65.7,-26.5744,18.5454,-5.5147,-0.0005,2.9023,5.6886
65.72,-26.575,18.5456,-5.515,-0.0007,2.9013,5.6887
65.74,-26.5754,18.545,-5.5152,0.0008,2.9012,5.689
65.76,-26.5758,18.5455,-5.5154,-0.0003,2.901,5.6885
65.78,-26.5772,18.5457,-5.5158,-0.0014,2.9018,5.6891
65.8,-26.578,18.5453,-5.5159,-0.0009,2.9015,5.6888
65.82,-26.5778,18.5454,-5.5159,-0.0005,2.9031,5.6874
65.84,-26.5782,18.5452,-5.5163,-0.0008,2.9009,5.6878
65.86,-26.5784,18.5451,-5.5163,0.0002,2.9006,5.6881
65.88,-26.5787,18.5456,-5.5164,-0.002,2.9017,5.6873
65.9,-26.5786,18.5453,-5.5164,-0.0007,2.9016,5.6875
65.92,-26.5784,18.5452,-5.5164,-0.0009,2.9017,5.6875
65.93999,-26.5784,18.5455,-5.5165,-0.0019,2.9002,5.687
65.96,-26.5781,18.5453,-5.5164,-0.0012,2.9012,5.6873
65.98,-26.578,18.5452,-5.5162,-0.0006,2.901,5.6874
66,-26.5779,18.5452,-5.5162,-0.0005,2.9005,5.6877
66.02,-26.5776,18.5456,-5.5164,-0.0027,2.8996,5.6868
66.04,-26.5769,18.5455,-5.516,-0.0014,2.9027,5.6866
66.06,-26.5772,18.5455,-5.516,-0.0016,2.902,5.6866
66.08,-26.5775,18.5452,-5.516,-0.0011,2.9027,5.687
66.1,-26.5779,18.5453,-5.5162,-0.0009,2.901,5.687
66.12,-26.5777,18.5453,-5.516,-0.0006,2.9027,5.6871
66.14,-26.5778,18.5454,-5.516,-0.0016,2.9017,5.6873
66.16,-26.5778,18.5453,-5.516,-0.0004,2.901,5.6877
66.18,-26.5781,18.5452,-5.5161,0.0003,2.8958,5.6896
66.2,-26.5778,18.5453,-5.516,-0.0007,2.8969,5.6892
66.22,-26.5768,18.545,-5.5153,0.0006,2.8984,5.6888
66.24,-26.5762,18.5449,-5.5152,0.0009,2.8995,5.6884
66.26,-26.5758,18.5454,-5.5153,-0.0003,2.8986,5.6884
66.28,-26.5749,18.5453,-5.5147,-0.0006,2.8992,5.6882
66.3,-26.5738,18.5449,-5.5141,0.0007,2.8986,5.6872
66.32,-26.5731,18.5453,-5.5142,0.0003,2.8977,5.6876
66.34,-26.5723,18.5454,-5.5142,-0.0008,2.8973,5.687
66.36,-26.5716,18.545,-5.5137,0.0006,2.8966,5.6875
66.38,-26.5702,18.5452,-5.5125,0.0012,2.8978,5.6876
66.4,-26.5698,18.5451,-5.5128,0.0014,2.8973,5.6874
66.42,-26.5691,18.5452,-5.513,0.0014,2.8965,5.6872
66.43999,-26.5683,18.5455,-5.5132,0.0001,2.8986,5.6856
66.46,-26.5683,18.5455,-5.5131,0.0008,2.9012,5.6853
66.48,-26.5686,18.5453,-5.5131,0.0019,2.9035,5.6862
66.5,-26.5686,18.5454,-5.5133,0.0002,2.9028,5.6858
66.52,-26.5685,18.5454,-5.5135,0.0003,2.9035,5.6858
66.54,-26.5695,18.5455,-5.5138,-0.0002,2.9023,5.6868
66.56,-26.5705,18.5457,-5.5139,-0.0009,2.9023,5.6862
66.58,-26.5705,18.5454,-5.5138,0.0005,2.9012,5.6862
66.6,-26.5698,18.5452,-5.5136,0.0011,2.9013,5.6861
66.62,-26.5699,18.5455,-5.5137,0,2.9015,5.6857
66.64,-26.5703,18.5454,-5.5137,0.0005,2.9008,5.6862
66.66,-26.5708,18.5453,-5.5136,0.0011,2.9009,5.6874
66.68,-26.5701,18.5457,-5.5134,-0.0014,2.9,5.6872
66.7,-26.5695,18.5458,-5.5135,-0.0013,2.9003,5.6862
66.72,-26.5705,18.5452,-5.5136,0.0009,2.9007,5.6871
66.74,-26.5718,18.5452,-5.5135,0.0014,2.9011,5.6877
66.76,-26.5729,18.5453,-5.5137,0.0012,2.9004,5.6885
66.78,-26.5722,18.5456,-5.5142,-0.001,2.9005,5.6883
66.8,-26.5729,18.5456,-5.5146,-0.0008,2.8996,5.6873
66.82,-26.575,18.5455,-5.5147,-0.0003,2.9004,5.6887
66.84,-26.5761,18.5452,-5.5147,0.001,2.9005,5.6886
66.86,-26.5758,18.5449,-5.5145,0.0022,2.9022,5.6891
66.88,-26.5756,18.5452,-5.5156,0.0004,2.9001,5.6881
66.9,-26.5769,18.5449,-5.5158,0.0008,2.8991,5.6889
66.92,-26.5778,18.5452,-5.5156,0.0002,2.9006,5.6889
66.93999,-26.5788,18.5447,-5.5157,0.0011,2.8999,5.6897
66.96,-26.5779,18.5454,-5.516,-0.0004,2.9009,5.689
66.98,-26.5785,18.5452,-5.5164,-0.0008,2.9001,5.6881
67,-26.5788,18.5455,-5.5164,-0.0016,2.8998,5.6872
67.02,-26.579,18.5454,-5.5164,-0.0012,2.899,5.6881
67.04,-26.5779,18.5453,-5.5163,-0.0012,2.9019,5.6871
67.06,-26.5774,18.5451,-5.5163,0.0001,2.9022,5.6874
67.08,-26.5767,18.5447,-5.5158,0.0013,2.9023,5.6876
67.1,-26.5763,18.545,-5.5156,0.0011,2.9029,5.6879
67.12,-26.5762,18.545,-5.5156,0.0008,2.9026,5.6877
67.14,-26.5762,18.5452,-5.5158,-0.0003,2.9021,5.6872
67.16,-26.5764,18.5452,-5.5159,0.0001,2.9009,5.6869
67.18,-26.5775,18.5451,-5.5159,0.0001,2.9007,5.6877
67.2,-26.5782,18.5453,-5.5162,-0.0002,2.8997,5.6873
67.22,-26.5782,18.5449,-5.5161,0.0012,2.9005,5.6883
67.24,-26.5786,18.5453,-5.5165,-0.0004,2.8974,5.6885
67.26,-26.5782,18.5451,-5.5162,-0.0002,2.8987,5.6891
67.28,-26.5782,18.5449,-5.516,0.0009,2.8977,5.6891
67.3,-26.5777,18.5449,-5.5159,0.0011,2.898,5.6888
67.32,-26.5769,18.5449,-5.5155,0.0016,2.8991,5.6891
67.34,-26.5759,18.5452,-5.5152,0.0003,2.9003,5.6885
67.36,-26.5757,18.5454,-5.5153,-0.0001,2.8991,5.6885
67.38,-26.5739,18.5447,-5.5145,0.0015,2.8994,5.6893
67.4,-26.5731,18.5454,-5.5145,0.0003,2.9004,5.6878
67.42,-26.5721,18.5452,-5.514,0.0008,2.8996,5.6882
67.43999,-26.5716,18.5455,-5.5141,-0.0012,2.896,5.6883
67.46,-26.57,18.5452,-5.5133,0.0002,2.8977,5.6876
67.48,-26.5674,18.5447,-5.5118,0.0017,2.8984,5.6884
67.5,-26.566,18.5456,-5.5118,0.0013,2.8999,5.6869
67.52,-26.566,18.5454,-5.5121,0.0021,2.8998,5.6862
67.54,-26.567,18.5457,-5.5129,0.0003,2.8985,5.687
67.56,-26.5674,18.5456,-5.5131,-0.0003,2.9001,5.687
67.58,-26.5675,18.5455,-5.5129,-0.0006,2.9015,5.6875
67.6,-26.5676,18.5455,-5.5131,0.0003,2.9016,5.6869
67.62,-26.5687,18.5453,-5.5136,0.001,2.9017,5.6862
67.64,-26.5702,18.5449,-5.5139,0.0017,2.902,5.6871
67.66,-26.5703,18.5452,-5.5137,0.0013,2.9025,5.6881
67.68,-26.5699,18.5455,-5.514,0.0002,2.9009,5.6883
67.7,-26.5698,18.5454,-5.514,0.0003,2.9015,5.6886
67.72,-26.5698,18.5453,-5.5139,0.0008,2.9027,5.6884
67.74,-26.5708,18.5453,-5.5139,0.0011,2.9005,5.689
67.76,-26.5705,18.5454,-5.5135,0.0008,2.9025,5.6894
67.78,-26.5702,18.5455,-5.5138,0.0005,2.9019,5.688
67.8,-26.5707,18.5452,-5.5138,0.0011,2.9023,5.6888
67.82,-26.5722,18.5455,-5.514,-0.0002,2.9021,5.6882
67.84,-26.5727,18.5452,-5.5139,0.0008,2.9028,5.6897
67.86,-26.573,18.545,-5.5141,0.002,2.9022,5.6898
67.88,-26.5736,18.5453,-5.5149,0.0001,2.9014,5.6896
67.9,-26.5748,18.5451,-5.5151,0.0005,2.9012,5.6899
67.92,-26.5761,18.5449,-5.5152,0.0016,2.9001,5.6904
67.93999,-26.5761,18.5454,-5.5151,0.0008,2.9013,5.6891
67.96,-26.5773,18.5451,-5.5157,0.001,2.8985,5.6889
67.98,-26.5791,18.5452,-5.5159,0.0001,2.8976,5.688
68,-26.5802,18.5451,-5.5163,0.0004,2.8943,5.6885
68.02,-26.5794,18.545,-5.516,-0.0003,2.897,5.6891
68.04,-26.5795,18.545,-5.5162,0,2.8964,5.6885
68.06,-26.5794,18.5452,-5.5164,-0.0005,2.8969,5.6887
68.08,-26.5789,18.5452,-5.5163,-0.0003,2.8972,5.6883
68.1,-26.5779,18.5454,-5.5161,-0.0009,2.8985,5.6875
68.12,-26.5775,18.5451,-5.5159,-0.0001,2.8993,5.6882
68.14,-26.5775,18.5449,-5.5158,0.0013,2.8985,5.6877
68.16,-26.5775,18.5451,-5.5158,0.0006,2.8986,5.6874
68.18,-26.5775,18.5452,-5.5157,-0.0003,2.901,5.6878
68.2,-26.5775,18.5454,-5.5159,-0.0008,2.9004,5.6867
68.22,-26.5774,18.5452,-5.5159,-0.0006,2.9007,5.6867
68.24,-26.5776,18.5453,-5.516,-0.0009,2.9014,5.6873
68.26,-26.5774,18.5454,-5.5159,-0.0006,2.9029,5.6866
68.28,-26.5768,18.5455,-5.5156,-0.0007,2.9044,5.687
68.3,-26.5773,18.5453,-5.516,-0.0005,2.9003,5.6877
68.32,-26.5774,18.5454,-5.516,-0.0015,2.8991,5.6881
68.34,-26.5775,18.5455,-5.516,-0.0019,2.8978,5.6882
68.36,-26.5774,18.5453,-5.5158,0,2.8978,5.6884
68.38,-26.5766,18.5452,-5.5155,-0.0005,2.898,5.6891
68.4,-26.5763,18.5452,-5.5154,-0.0002,2.897,5.6894
68.42,-26.5757,18.5451,-5.5149,0.0001,2.8978,5.6892
68.43999,-26.5747,18.5454,-5.5148,-0.0002,2.8985,5.6891
68.46,-26.5727,18.5452,-5.5144,0.0001,2.8999,5.6887
68.48,-26.5714,18.545,-5.514,0.0014,2.8989,5.6886
68.5,-26.5703,18.5457,-5.5135,-0.0001,2.8996,5.6885
68.52,-26.5699,18.5449,-5.513,0.0011,2.8986,5.689
68.54,-26.5693,18.5455,-5.5131,0.0005,2.8961,5.6881
68.56,-26.5685,18.5445,-5.5123,0.0047,2.896,5.6882
68.58,-26.5687,18.5455,-5.5124,0.0014,2.8978,5.6869
68.6,-26.5693,18.5454,-5.5128,0.0009,2.8969,5.6876
68.62,-26.57,18.5452,-5.5134,0.0012,2.8963,5.6889
68.64,-26.5705,18.5453,-5.5138,0.001,2.8969,5.688
68.66,-26.5721,18.5455,-5.5142,-0.0001,2.897,5.6886
68.68,-26.5722,18.5447,-5.514,0.0029,2.8988,5.6894
68.7,-26.5718,18.5454,-5.5144,0,2.8996,5.6887
68.72,-26.5718,18.5455,-5.5146,-0.0006,2.9006,5.6877
68.74,-26.5725,18.5451,-5.5146,0.0011,2.9002,5.6881
68.76,-26.5728,18.5454,-5.5145,0.0002,2.9007,5.6887
68.78,-26.5718,18.5453,-5.5142,0.0009,2.902,5.6885
68.8,-26.5712,18.5454,-5.5141,-0.0002,2.9029,5.6888
68.82,-26.5716,18.5457,-5.5142,-0.0009,2.9018,5.6883
68.84,-26.5721,18.5453,-5.5139,0.0004,2.9032,5.6887
68.86,-26.573,18.5451,-5.5141,0.0007,2.9027,5.6903
