time,pos_x,pos_y,pos_z,rot_x,rot_y,rot_z
7.58,4.3265,-1.1561,-2,0,0,40
7.6,4.3265,-1.1561,-2,0,0,40
7.62,4.3265,-1.1561,-2,0,0,40
7.64,4.3265,-1.1561,-2,0,0,40
7.66,4.3265,-1.1561,-2,0,0,40
7.68,4.3265,-1.1561,-2,0,0,40
7.7,4.3265,-1.1561,-2,0,0,40
7.72,4.3265,-1.1561,-2,0,0,40
7.74,4.3265,-1.1561,-2,0,0,40
7.76,4.3265,-1.1561,-2,0,0,40
7.78,4.3265,-1.1561,-2,0,0,40
7.8,4.3265,-1.1561,-2,0,0,40
7.82,4.3265,-1.1561,-2,0,0,40
7.84,4.3265,-1.1561,-2,0,0,40
7.86,4.3265,-1.1561,-2,0,0,40
7.88,4.3265,-1.1561,-2,0,0,40
7.9,4.3265,-1.1561,-2,0,0,40
7.92,4.3265,-1.1561,-2,0,0,40
7.94,4.3265,-1.1561,-2,0,0,40
7.96,4.3265,-1.1561,-2,0,0,40
7.98,4.3265,-1.1561,-2,0,0,40
8,4.3265,-1.1561,-2,0,0,40
8.02,4.3265,-1.1561,-2,0,0,40
8.04,4.3265,-1.1561,-2,0,0,40
8.059999,4.3265,-1.1561,-2,0,0,40
8.08,4.3265,-1.1561,-2,0,0,40
8.099999,4.3265,-1.1561,-2,0,0,40
8.12,4.3265,-1.1561,-2,0,0,40
8.139999,4.3265,-1.1561,-2,0,0,40
8.16,4.3265,-1.1561,-2,0,0,40
8.179999,4.3265,-1.1561,-2,0,0,40
8.2,4.3265,-1.1561,-2,0,0,40
8.22,4.3265,-1.1561,-2,0,0,40
8.24,4.3265,-1.1561,-2,0,0,40
8.26,4.3265,-1.1561,-2,0,0,40
8.28,4.3265,-1.1561,-2,0,0,40
8.3,4.3265,-1.1561,-2,0,0,40
8.32,4.3265,-1.1561,-2,0,0,40
8.34,4.3265,-1.1561,-2,0,0,40
8.36,4.3265,-1.1561,-2,0,0,40
8.38,4.3265,-1.1561,-2,0,0,40
8.4,4.3265,-1.1561,-2,0,0,40
8.42,4.3265,-1.1561,-2,0,0,40
8.44,4.3265,-1.1561,-2,0,0,40
8.46,4.3265,-1.1561,-2,0,0,40
8.48,4.3265,-1.1561,-2,0,0,40
8.5,4.3265,-1.1561,-2,0,0,40
8.52,4.3265,-1.1561,-2,0,0,40
8.54,4.3265,-1.1561,-2,0,0,40
8.559999,4.3265,-1.1561,-2,0,0,40
8.58,4.3265,-1.1561,-2,0,0,40
8.599999,4.3265,-1.1561,-2,0,0,40
8.62,4.3265,-1.1561,-2,0,0,40
8.639999,4.3265,-1.1561,-2,0,0,40
8.66,4.3265,-1.1561,-2,0,0,40
8.679999,4.3265,-1.1561,-2,0,0,40
8.7,4.3265,-1.1561,-2,0,0,40
8.72,4.3265,-1.1561,-2,0,0,40
8.74,4.3265,-1.1561,-2,0,0,40
8.76,4.3265,-1.1561,-2,0,0,40
8.78,4.3265,-1.1561,-2,0,0,40
8.8,4.3265,-1.1561,-2,0,0,40
8.82,4.3265,-1.1561,-2,0,0,40
8.84,4.3265,-1.1561,-2,0,0,40
8.86,4.3265,-1.1561,-2,0,0,40
8.88,4.3265,-1.1561,-2,0,0,40
8.9,4.3265,-1.1561,-2,0,0,40
8.92,4.3265,-1.1561,-2,0,0,40
8.94,4.3265,-1.1561,-2,0,0,40
8.96,4.3265,-1.1561,-2,0,0,40
8.98,4.3265,-1.1561,-2,0,0,40
9,4.3265,-1.1561,-2,0,0,40
9.02,4.3265,-1.1561,-2,0,0,40
9.04,4.3265,-1.1561,-2,0,0,40
9.059999,4.3265,-1.1561,-2,0,0,40
9.08,4.3265,-1.1561,-2,0,0,40
9.099999,4.3265,-1.1561,-2,0,0,40
9.12,4.3265,-1.1561,-2,0,0,40
9.139999,4.3265,-1.1561,-2,0,0,40
9.16,4.3265,-1.1561,-2,0,0,40
9.179999,4.3265,-1.1561,-2,0,0,40
9.2,4.3265,-1.1561,-2,0,0,40
9.22,4.3265,-1.1561,-2,0,0,40
9.24,4.3265,-1.1561,-2,0,0,40
9.26,4.3265,-1.1561,-2,0,0,40
9.28,4.3265,-1.1561,-2,0,0,40
9.3,4.3265,-1.1561,-2,0,0,40
9.32,4.3265,-1.1561,-2,0,0,40
9.34,4.3265,-1.1561,-2,0,0,40
9.36,4.3265,-1.1561,-2,0,0,40
9.38,4.3265,-1.1561,-2,0,0,40
9.4,4.3265,-1.1561,-2,0,0,40
9.42,4.3265,-1.1561,-2,0,0,40
9.44,4.3265,-1.1561,-2,0,0,40
9.46,4.3265,-1.1561,-2,0,0,40
9.48,4.3265,-1.1561,-2,0,0,40
9.5,4.3265,-1.1561,-2,0,0,40
9.52,4.3265,-1.1561,-2,0,0,40
9.54,4.3265,-1.1561,-2,0,0,40
9.559999,4.3265,-1.1561,-2,0,0,40
9.58,4.3265,-1.1561,-2,0,0,40
9.599999,4.3265,-1.1561,-2,0,0,40
9.62,4.3265,-1.1561,-2,0,0,40
9.639999,4.3265,-1.1561,-2,0,0,40
9.66,4.3265,-1.1561,-2,0,0,40
9.679999,4.3265,-1.1561,-2,0,0,40
9.7,4.3265,-1.1561,-2,0,0,40
9.719999,4.3265,-1.1561,-2,0,0,40
9.74,4.3265,-1.1561,-2,0,0,40
9.76,4.3265,-1.1561,-2,0,0,40
9.78,4.3265,-1.1561,-2,0,0,40
9.8,4.3265,-1.1561,-2,0,0,40
9.82,4.3265,-1.1561,-2,0,0,40
9.84,4.3265,-1.1561,-2,0,0,40
9.86,4.3265,-1.1561,-2,0,0,40
9.88,4.3265,-1.1561,-2,0,0,40
9.9,4.3265,-1.1561,-2,0,0,40
9.92,4.3265,-1.1561,-2,0,0,40
9.94,4.3265,-1.1561,-2,0,0,40
9.96,4.3265,-1.1561,-2,0,0,40
9.98,4.3265,-1.1561,-2,0,0,40
10,4.3265,-1.1561,-2,0,0,40
10.02,4.3265,-1.1561,-2,0,0,40
10.04,4.3265,-1.1561,-2,0,0,40
10.06,4.3265,-1.1561,-2,0,0,40
10.08,4.3265,-1.1561,-2,0,0,40
10.1,4.3265,-1.1561,-2,0,0,40
10.12,4.3265,-1.1561,-2,0,0,40
10.14,4.3265,-1.1561,-2,0,0,40
10.16,4.3265,-1.1561,-2,0,0,40
10.18,4.3265,-1.1561,-2,0,0,40
10.2,4.3265,-1.1561,-2,0,0,40
10.22,4.3265,-1.1561,-2,0,0,40
10.24,4.3265,-1.1561,-2,0,0,40
10.26,4.3265,-1.1561,-2,0,0,40
10.28,4.3265,-1.1561,-2,0,0,40
10.3,4.3265,-1.1561,-2,0,0,40
10.32,4.3265,-1.1561,-2,0,0,40
10.34,4.3265,-1.1561,-2,0,0,40
10.36,4.3265,-1.1561,-2,0,0,40
10.38,4.3265,-1.1561,-2,0,0,40
10.4,4.3265,-1.1561,-2,0,0,40
10.42,4.3265,-1.1561,-2,0,0,40
10.44,4.3265,-1.1561,-2,0,0,40
10.46,4.3265,-1.1561,-2,0,0,40
10.48,4.3265,-1.1561,-2,0,0,40
10.5,4.3265,-1.1561,-2,0,0,40
10.52,4.3265,-1.1561,-2,0,0,40
10.54,4.3265,-1.1561,-2,0,0,40
10.56,4.3265,-1.1561,-2,0,0,40
10.58,4.3265,-1.1561,-2,0,0,40
10.6,4.3265,-1.1561,-2,0,0,40
10.62,4.3265,-1.1561,-2,0,0,40
10.64,4.3265,-1.1561,-2,0,0,40
10.66,4.3265,-1.1561,-2,0,0,40
10.68,4.3265,-1.1561,-2,0,0,40
10.7,4.3265,-1.1561,-2,0,0,40
10.72,4.3265,-1.1561,-2,0,0,40
10.74,4.3265,-1.1561,-2,0,0,40
10.76,4.3265,-1.1561,-2,0,0,40
10.78,4.3265,-1.1561,-2,0,0,40
10.8,4.3265,-1.1561,-2,0,0,40
10.82,4.3265,-1.1561,-2,0,0,40
10.84,4.3265,-1.1561,-2,0,0,40
10.86,4.3265,-1.1561,-2,0,0,40
10.88,4.3265,-1.1561,-2,0,0,40
10.9,4.3265,-1.1561,-2,0,0,40
10.92,4.3265,-1.1561,-2,0,0,40
10.94,4.3265,-1.1561,-2,0,0,40
10.96,4.3265,-1.1561,-2,0,0,40
10.98,4.3265,-1.1561,-2,0,0,40
11,4.3265,-1.1561,-2,0,0,40
11.02,4.3265,-1.1561,-2,0,0,40
11.04,4.3265,-1.1561,-2,0,0,40
11.06,4.3265,-1.1561,-2,0,0,40
11.08,4.3265,-1.1561,-2,0,0,40
11.1,4.3265,-1.1561,-2,0,0,40
11.12,4.3265,-1.1561,-2,0,0,40
11.14,4.3265,-1.1561,-2,0,0,40
11.16,4.3265,-1.1561,-2,0,0,40
11.18,4.3265,-1.1561,-2,0,0,40
11.2,4.3265,-1.1561,-2,0,0,40
11.22,4.3265,-1.1561,-2,0,0,40
11.24,4.3265,-1.1561,-2,0,0,40
11.26,4.3265,-1.1561,-2,0,0,40
11.28,4.3265,-1.1561,-2,0,0,40
11.3,4.3265,-1.1561,-2,0,0,40
11.32,4.3265,-1.1561,-2,0,0,40
11.34,4.3265,-1.1561,-2,0,0,40
11.36,4.3265,-1.1561,-2,0,0,40
11.38,4.3265,-1.1561,-2,0,0,40
11.4,4.3265,-1.1561,-2,0,0,40
11.42,4.3265,-1.1561,-2,0,0,40
11.44,4.3265,-1.1561,-2,0,0,40
11.46,4.3265,-1.1561,-2,0,0,40
11.48,4.3265,-1.1561,-2,0,0,40
11.5,4.3265,-1.1561,-2,0,0,40
11.52,4.3265,-1.1561,-2,0,0,40
11.54,4.3265,-1.1561,-2,0,0,40
11.56,4.3265,-1.1561,-2,0,0,40
11.58,4.3265,-1.1561,-2,0,0,40
11.6,4.3265,-1.1561,-2,0,0,40
11.62,4.3265,-1.1561,-2,0,0,40
11.64,4.3265,-1.1561,-2,0,0,40
11.66,4.3265,-1.1561,-2,0,0,40
11.68,4.3265,-1.1561,-2,0,0,40
11.7,4.3265,-1.1561,-2,0,0,40
11.72,4.3265,-1.1561,-2,0,0,40
11.74,4.3265,-1.1561,-2,0,0,40
11.76,4.3265,-1.1561,-2,0,0,40
11.78,4.3265,-1.1561,-2,0,0,40
11.8,4.3265,-1.1561,-2,0,0,40
11.82,4.3265,-1.1561,-2,0,0,40
11.84,4.3265,-1.1561,-2,0,0,40
11.86,4.3265,-1.1561,-2,0,0,40
11.88,4.3265,-1.1561,-2,0,0,40
11.9,4.3265,-1.1561,-2,0,0,40
11.92,4.3265,-1.1561,-2,0,0,40
11.94,4.3265,-1.1561,-2,0,0,40
11.96,4.3265,-1.1561,-2,0,0,40
11.98,4.3265,-1.1561,-2,0,0,40
12,4.3265,-1.1561,-2,0,0,40
12.02,4.3265,-1.1561,-2,0,0,40
12.04,4.3265,-1.1561,-2,0,0,40
12.06,4.3265,-1.1561,-2,0,0,40
12.08,4.3265,-1.1561,-2,0,0,40
12.1,4.3265,-1.1561,-2,0,0,40
12.12,4.3265,-1.1561,-2,0,0,40
12.14,4.3265,-1.1561,-2,0,0,40
12.16,4.3265,-1.1561,-2,0,0,40
12.18,4.3265,-1.1561,-2,0,0,40
12.2,4.3265,-1.1561,-2,0,0,40
12.22,4.3265,-1.1561,-2,0,0,40
12.24,4.3265,-1.1561,-2,0,0,40
12.26,4.3265,-1.1561,-2,0,0,40
12.28,4.3265,-1.1561,-2,0,0,40
12.3,4.3265,-1.1561,-2,0,0,40
12.32,4.3265,-1.1561,-2,0,0,40
12.34,4.3265,-1.1561,-2,0,0,40
12.36,4.3265,-1.1561,-2,0,0,40
12.38,4.3265,-1.1561,-2,0,0,40
12.4,4.3265,-1.1561,-2,0,0,40
12.42,4.3265,-1.1561,-2,0,0,40
12.44,4.3265,-1.1561,-2,0,0,40
12.46,4.3265,-1.1561,-2,0,0,40
12.48,4.3265,-1.1561,-2,0,0,40
12.5,4.3265,-1.1561,-2,0,0,40
12.52,4.3265,-1.1561,-2,0,0,40
12.54,4.3265,-1.1561,-2,0,0,40
12.56,4.3265,-1.1561,-2,0,0,40
12.58,4.3265,-1.1561,-2,0,0,40
12.6,4.3265,-1.1561,-2,0,0,40
12.62,4.3265,-1.1561,-2,0,0,40
12.64,4.3265,-1.1561,-2,0,0,40
12.66,4.3265,-1.1561,-2,0,0,40
12.68,4.3265,-1.1561,-2,0,0,40
12.7,4.3265,-1.1561,-2,0,0,40
12.72,4.3265,-1.1561,-2,0,0,40
12.74,4.3265,-1.1561,-2,0,0,40
12.76,4.3265,-1.1561,-2,0,0,40
12.78,4.3265,-1.1561,-2,0,0,40
12.8,4.3265,-1.1561,-2,0,0,40
12.82,4.3265,-1.1561,-2,0,0,40
12.84,4.3265,-1.1561,-2,0,0,40
12.86,4.3265,-1.1561,-2,0,0,40
12.88,4.3265,-1.1561,-2,0,0,40
12.9,4.3265,-1.1561,-2,0,0,40
12.92,4.3265,-1.1561,-2,0,0,40
12.94,4.3265,-1.1561,-2,0,0,40
12.96,4.3265,-1.1561,-2,0,0,40
12.98,4.3265,-1.1561,-2,0,0,40
13,4.3265,-1.1561,-2,0,0,40
13.02,4.3265,-1.1561,-2,0,0,40
13.04,4.3265,-1.1561,-2,0,0,40
13.06,4.3265,-1.1561,-2,0,0,40
13.08,4.3265,-1.1561,-2,0,0,40
13.1,4.3265,-1.1561,-2,0,0,40
13.12,4.3265,-1.1561,-2,0,0,40
13.14,4.3265,-1.1561,-2,0,0,40
13.16,4.3265,-1.1561,-2,0,0,40
13.18,4.3265,-1.1561,-2,0,0,40
13.2,4.3265,-1.1561,-2,0,0,40
13.22,4.3265,-1.1561,-2,0,0,40
13.24,4.3265,-1.1561,-2,0,0,40
13.26,4.3265,-1.1561,-2,0,0,40
13.28,4.3265,-1.1561,-2,0,0,40
13.3,4.3265,-1.1561,-2,0,0,40
13.32,4.3265,-1.1561,-2,0,0,40
13.34,4.3265,-1.1561,-2,0,0,40
13.36,4.3265,-1.1561,-2,0,0,40
13.38,4.3265,-1.1561,-2,0,0,40
13.4,4.3265,-1.1561,-2,0,0,40
13.42,4.3265,-1.1561,-2,0,0,40
13.44,4.3265,-1.1561,-2,0,0,40
13.46,4.3265,-1.1561,-2,0,0,40
13.48,4.3265,-1.1561,-2,0,0,40
13.5,4.3265,-1.1561,-2,0,0,40
13.52,4.3265,-1.1561,-2,0,0,40
13.54,4.3265,-1.1561,-2,0,0,40
13.56,4.3265,-1.1561,-2,0,0,40
13.58,4.3265,-1.1561,-2,0,0,40
13.6,4.3265,-1.1561,-2,0,0,40
13.62,4.3265,-1.1561,-2,0,0,40
13.64,4.3265,-1.1561,-2,0,0,40
13.66,4.3265,-1.1561,-2,0,0,40
13.68,4.3265,-1.1561,-2,0,0,40
13.7,4.3265,-1.1561,-2,0,0,40
13.72,4.3265,-1.1561,-2,0,0,40
13.74,4.3265,-1.1561,-2,0,0,40
13.76,4.3265,-1.1561,-2,0,0,40
13.78,4.3265,-1.1561,-2,0,0,40
13.8,4.3265,-1.1561,-2,0,0,40
13.82,4.3265,-1.1561,-2,0,0,40
13.84,4.3265,-1.1561,-2,0,0,40
13.86,4.3265,-1.1561,-2,0,0,40
13.88,4.3265,-1.1561,-2,0,0,40
13.9,4.3265,-1.1561,-2,0,0,40
13.92,4.3265,-1.1561,-2,0,0,40
13.94,4.3265,-1.1561,-2,0,0,40
13.96,4.3265,-1.1561,-2,0,0,40
13.98,4.3265,-1.1561,-2,0,0,40
14,4.3265,-1.1561,-2,0,0,40
14.02,4.3265,-1.1561,-2,0,0,40
14.04,4.3265,-1.1561,-2,0,0,40
14.06,4.3265,-1.1561,-2,0,0,40
14.08,4.3265,-1.1561,-2,0,0,40
14.1,4.3265,-1.1561,-2,0,0,40
14.12,4.3265,-1.1561,-2,0,0,40
14.14,4.3265,-1.1561,-2,0,0,40
14.16,4.3265,-1.1561,-2,0,0,40
14.18,4.3265,-1.1561,-2,0,0,40
14.2,4.3265,-1.1561,-2,0,0,40
14.22,4.3265,-1.1561,-2,0,0,40
14.24,4.3265,-1.1561,-2,0,0,40
14.26,4.3265,-1.1561,-2,0,0,40
14.28,4.3265,-1.1561,-2,0,0,40
14.3,4.3265,-1.1561,-2,0,0,40
14.32,4.3265,-1.1561,-2,0,0,40
14.34,4.3265,-1.1561,-2,0,0,40
14.36,4.3265,-1.1561,-2,0,0,40
14.38,4.3265,-1.1561,-2,0,0,40
14.4,4.3265,-1.1561,-2,0,0,40
14.42,4.3265,-1.1561,-2,0,0,40
14.44,4.3265,-1.1561,-2,0,0,40
14.46,4.3265,-1.1561,-2,0,0,40
14.48,4.3265,-1.1561,-2,0,0,40
14.5,4.3265,-1.1561,-2,0,0,40
14.52,4.3265,-1.1561,-2,0,0,40
14.54,4.3265,-1.1561,-2,0,0,40
14.56,4.3265,-1.1561,-2,0,0,40
14.58,4.3265,-1.1561,-2,0,0,40
14.6,4.3265,-1.1561,-2,0,0,40
14.62,4.3265,-1.1561,-2,0,0,40
14.64,4.3265,-1.1561,-2,0,0,40
14.66,4.3265,-1.1561,-2,0,0,40
14.68,4.3265,-1.1561,-2,0,0,40
14.7,4.3265,-1.1561,-2,0,0,40
14.72,4.3265,-1.1561,-2,0,0,40
14.74,4.3265,-1.1561,-2,0,0,40
14.76,4.3265,-1.1561,-2,0,0,40
14.78,4.3265,-1.1561,-2,0,0,40
14.8,4.3265,-1.1561,-2,0,0,40
14.82,4.3265,-1.1561,-2,0,0,40
14.84,4.3265,-1.1561,-2,0,0,40
14.86,4.3265,-1.1561,-2,0,0,40
14.88,4.3265,-1.1561,-2,0,0,40
14.9,4.3265,-1.1561,-2,0,0,40
14.92,4.3265,-1.1561,-2,0,0,40
14.94,4.3265,-1.1561,-2,0,0,40
14.96,4.3265,-1.1561,-2,0,0,40
14.98,4.3265,-1.1561,-2,0,0,40
15,4.3265,-1.1561,-2,0,0,40
15.02,4.3265,-1.1561,-2,0,0,40
15.04,4.3265,-1.1561,-2,0,0,40
15.06,4.3265,-1.1561,-2,0,0,40
15.08,4.3265,-1.1561,-2,0,0,40
15.1,4.3265,-1.1561,-2,0,0,40
15.12,4.3265,-1.1561,-2,0,0,40
15.14,4.3265,-1.1561,-2,0,0,40
15.16,4.3265,-1.1561,-2,0,0,40
15.18,4.3265,-1.1561,-2,0,0,40
15.2,4.3265,-1.1561,-2,0,0,40
15.22,4.3265,-1.1561,-2,0,0,40
15.24,4.3265,-1.1561,-2,0,0,40
15.26,4.3265,-1.1561,-2,0,0,40
15.28,4.3265,-1.1561,-2,0,0,40
15.3,4.3265,-1.1561,-2,0,0,40
15.32,4.3265,-1.1561,-2,0,0,40
15.34,4.3265,-1.1561,-2,0,0,40
15.36,4.3265,-1.1561,-2,0,0,40
15.38,4.3265,-1.1561,-2,0,0,40
15.4,4.3265,-1.1561,-2,0,0,40
15.42,4.3265,-1.1561,-2,0,0,40
15.44,4.3265,-1.1561,-2,0,0,40
15.46,4.3265,-1.1561,-2,0,0,40
15.48,4.3265,-1.1561,-2,0,0,40
15.5,4.3265,-1.1561,-2,0,0,40
15.52,4.3265,-1.1561,-2,0,0,40
15.54,4.3265,-1.1561,-2,0,0,40
15.56,4.3265,-1.1561,-2,0,0,40
15.58,4.3265,-1.1561,-2,0,0,40
15.6,4.3265,-1.1561,-2,0,0,40
15.62,4.3265,-1.1561,-2,0,0,40
15.64,4.3265,-1.1561,-2,0,0,40
15.66,4.3265,-1.1561,-2,0,0,40
15.68,4.3265,-1.1561,-2,0,0,40
15.7,4.3265,-1.1561,-2,0,0,40
15.72,4.3265,-1.1561,-2,0,0,40
15.74,4.3265,-1.1561,-2,0,0,40
15.76,4.3265,-1.1561,-2,0,0,40
15.78,4.3265,-1.1561,-2,0,0,40
15.8,4.3265,-1.1561,-2,0,0,40
15.82,4.3265,-1.1561,-2,0,0,40
15.84,4.3265,-1.1561,-2,0,0,40
15.86,4.3265,-1.1561,-2,0,0,40
15.88,4.3265,-1.1561,-2,0,0,40
15.9,4.3265,-1.1561,-2,0,0,40
15.92,4.3265,-1.1561,-2,0,0,40
15.94,4.3265,-1.1561,-2,0,0,40
15.96,4.3265,-1.1561,-2,0,0,40
15.98,4.3265,-1.1561,-2,0,0,40
16,4.3265,-1.1561,-2,0,0,40
16.02,4.3265,-1.1561,-2,0,0,40
16.04,4.3265,-1.1561,-2,0,0,40
16.06,4.3265,-1.1561,-2,0,0,40
16.08,4.3265,-1.1561,-2,0,0,40
16.1,4.3265,-1.1561,-2,0,0,40
16.12,4.3265,-1.1561,-2,0,0,40
16.14,4.3265,-1.1561,-2,0,0,40
16.16,4.3265,-1.1561,-2,0,0,40
16.18,4.3265,-1.1561,-2,0,0,40
16.2,4.3265,-1.1561,-2,0,0,40
16.22,4.3265,-1.1561,-2,0,0,40
16.24,4.3265,-1.1561,-2,0,0,40
16.26,4.3265,-1.1561,-2,0,0,40
16.28,4.3265,-1.1561,-2,0,0,40
16.3,4.3265,-1.1561,-2,0,0,40
16.32,4.3265,-1.1561,-2,0,0,40
16.34,4.3265,-1.1561,-2,0,0,40
16.36,4.3265,-1.1561,-2,0,0,40
16.38,4.3265,-1.1561,-2,0,0,40
16.4,4.3265,-1.1561,-2,0,0,40
16.42,4.3265,-1.1561,-2,0,0,40
16.44,4.3265,-1.1561,-2,0,0,40
16.46,4.3265,-1.1561,-2,0,0,40
16.48,4.3265,-1.1561,-2,0,0,40
16.5,4.3265,-1.1561,-2,0,0,40
16.52,4.3265,-1.1561,-2,0,0,40
16.54,4.3265,-1.1561,-2,0,0,40
16.56,4.3265,-1.1561,-2,0,0,40
16.58,4.3265,-1.1561,-2,0,0,40
16.6,4.3265,-1.1561,-2,0,0,40
16.62,4.3265,-1.1561,-2,0,0,40
16.64,4.3265,-1.1561,-2,0,0,40
16.66,4.3265,-1.1561,-2,0,0,40
16.68,4.3265,-1.1561,-2,0,0,40
16.7,4.3265,-1.1561,-2,0,0,40
16.72,4.3265,-1.1561,-2,0,0,40
16.74,4.3265,-1.1561,-2,0,0,40
16.76,4.3265,-1.1561,-2,0,0,40
16.78,4.3265,-1.1561,-2,0,0,40
16.8,4.3265,-1.1561,-2,0,0,40
16.82,4.3265,-1.1561,-2,0,0,40
16.84,4.3265,-1.1561,-2,0,0,40
16.86,4.3265,-1.1561,-2,0,0,40
16.88,4.3265,-1.1561,-2,0,0,40
16.9,4.3265,-1.1561,-2,0,0,40
16.92,4.3265,-1.1561,-2,0,0,40
16.94,4.3265,-1.1561,-2,0,0,40
16.96,4.3265,-1.1561,-2,0,0,40
16.98,4.3265,-1.1561,-2,0,0,40
17,4.3265,-1.1561,-2,0,0,40
17.02,4.3265,-1.1561,-2,0,0,40
17.04,4.3265,-1.1561,-2,0,0,40
17.06,4.3265,-1.1561,-2,0,0,40
17.08,4.3265,-1.1561,-2,0,0,40
17.1,4.3265,-1.1561,-2,0,0,40
17.12,4.3265,-1.1561,-2,0,0,40
17.14,4.3265,-1.1561,-2,0,0,40
17.16,4.3265,-1.1561,-2,0,0,40
17.18,4.3265,-1.1561,-2,0,0,40
17.2,4.3265,-1.1561,-2,0,0,40
17.22,4.3265,-1.1561,-2,0,0,40
17.24,4.3265,-1.1561,-2,0,0,40
17.26,4.3265,-1.1561,-2,0,0,40
17.28,4.3265,-1.1561,-2,0,0,40
17.3,4.3265,-1.1561,-2,0,0,40
17.32,4.3265,-1.1561,-2,0,0,40
17.34,4.3265,-1.1561,-2,0,0,40
17.36,4.3265,-1.1561,-2,0,0,40
17.38,4.3265,-1.1561,-2,0,0,40
17.4,4.3265,-1.1561,-2,0,0,40
17.42,4.3265,-1.1561,-2,0,0,40
17.44,4.3265,-1.1561,-2,0,0,40
17.46,4.3265,-1.1561,-2,0,0,40
17.48,4.3265,-1.1561,-2,0,0,40
17.5,4.3265,-1.1561,-2,0,0,40
17.52,4.3265,-1.1561,-2,0,0,40
17.54,4.3265,-1.1561,-2,0,0,40
17.56,4.3265,-1.1561,-2,0,0,40
17.58,4.3265,-1.1561,-2,0,0,40
17.6,4.3265,-1.1561,-2,0,0,40
17.62,4.3265,-1.1561,-2,0,0,40
17.64,4.3265,-1.1561,-2,0,0,40
17.66,4.3265,-1.1561,-2,0,0,40
17.68,4.3265,-1.1561,-2,0,0,40
17.7,4.3265,-1.1561,-2,0,0,40
17.72,4.3265,-1.1561,-2,0,0,40
17.74,4.3265,-1.1561,-2,0,0,40
17.76,4.3265,-1.1561,-2,0,0,40
17.78,4.3265,-1.1561,-2,0,0,40
17.8,4.3265,-1.1561,-2,0,0,40
17.82,4.3265,-1.1561,-2,0,0,40
17.84,4.3265,-1.1561,-2,0,0,40
17.86,4.3265,-1.1561,-2,0,0,40
17.88,4.3265,-1.1561,-2,0,0,40
17.9,4.3265,-1.1561,-2,0,0,40
17.92,4.3265,-1.1561,-2,0,0,40
17.94,4.3265,-1.1561,-2,0,0,40
17.96,4.3265,-1.1561,-2,0,0,40
17.98,4.3265,-1.1561,-2,0,0,40
18,4.3265,-1.1561,-2,0,0,40
18.02,4.3265,-1.1561,-2,0,0,40
18.04,4.3265,-1.1561,-2,0,0,40
18.06,4.3265,-1.1561,-2,0,0,40
18.08,4.3265,-1.1561,-2,0,0,40
18.1,4.3265,-1.1561,-2,0,0,40
18.12,4.3265,-1.1561,-2,0,0,40
18.14,4.3265,-1.1561,-2,0,0,40
18.16,4.3265,-1.1561,-2,0,0,40
18.18,4.3265,-1.1561,-2,0,0,40
18.2,4.3265,-1.1561,-2,0,0,40
18.22,4.3265,-1.1561,-2,0,0,40
18.24,4.3265,-1.1561,-2,0,0,40
18.26,4.3265,-1.1561,-2,0,0,40
18.28,4.3265,-1.1561,-2,0,0,40
18.3,4.3265,-1.1561,-2,0,0,40
18.32,4.3265,-1.1561,-2,0,0,40
18.34,4.3265,-1.1561,-2,0,0,40
18.36,4.3265,-1.1561,-2,0,0,40
18.38,4.3265,-1.1561,-2,0,0,40
18.4,4.3265,-1.1561,-2,0,0,40
18.42,4.3265,-1.1561,-2,0,0,40
18.44,4.3265,-1.1561,-2,0,0,40
18.46,4.3265,-1.1561,-2,0,0,40
18.48,4.3265,-1.1561,-2,0,0,40
18.5,4.3265,-1.1561,-2,0,0,40
18.52,4.3265,-1.1561,-2,0,0,40
18.54,4.3265,-1.1561,-2,0,0,40
18.56,4.3265,-1.1561,-2,0,0,40
18.58,4.3265,-1.1561,-2,0,0,40
18.6,4.3265,-1.1561,-2,0,0,40
18.62,4.3265,-1.1561,-2,0,0,40
18.64,4.3265,-1.1561,-2,0,0,40
18.66,4.3265,-1.1561,-2,0,0,40
18.68,4.3265,-1.1561,-2,0,0,40
18.7,4.3265,-1.1561,-2,0,0,40
18.72,4.3265,-1.1561,-2,0,0,40
18.74,4.3265,-1.1561,-2,0,0,40
18.76,4.3265,-1.1561,-2,0,0,40
18.78,4.3265,-1.1561,-2,0,0,40
18.8,4.3265,-1.1561,-2,0,0,40
18.82,4.3265,-1.1561,-2,0,0,40
18.84,4.3265,-1.1561,-2,0,0,40
18.86,4.3265,-1.1561,-2,0,0,40
18.88,4.3265,-1.1561,-2,0,0,40
18.9,4.3265,-1.1561,-2,0,0,40
18.92,4.3265,-1.1561,-2,0,0,40
18.94,4.3265,-1.1561,-2,0,0,40
18.96,4.3265,-1.1561,-2,0,0,40
18.98,4.3265,-1.1561,-2,0,0,40
19,4.3265,-1.1561,-2,0,0,40
19.02,4.3265,-1.1561,-2,0,0,40
19.04,4.3265,-1.1561,-2,0,0,40
19.06,4.3265,-1.1561,-2,0,0,40
19.08,4.3265,-1.1561,-2,0,0,40
19.1,4.3265,-1.1561,-2,0,0,40
19.12,4.3265,-1.1561,-2,0,0,40
19.14,4.3265,-1.1561,-2,0,0,40
19.16,4.3265,-1.1561,-2,0,0,40
19.18,4.3265,-1.1561,-2,0,0,40
19.2,4.3265,-1.1561,-2,0,0,40
19.22,4.3265,-1.1561,-2,0,0,40
19.24,4.3265,-1.1561,-2,0,0,40
19.26,4.3265,-1.1561,-2,0,0,40
19.28,4.3265,-1.1561,-2,0,0,40
19.3,4.3265,-1.1561,-2,0,0,40
19.32,4.3265,-1.1561,-2,0,0,40
19.34,4.3265,-1.1561,-2,0,0,40
19.36,4.3265,-1.1561,-2,0,0,40
19.38,4.3265,-1.1561,-2,0,0,40
19.4,4.3265,-1.1561,-2,0,0,40
19.42,4.3265,-1.1561,-2,0,0,40
19.44,4.3265,-1.1561,-2,0,0,40
19.46,4.3265,-1.1561,-2,0,0,40
19.48,4.3265,-1.1561,-2,0,0,40
19.5,4.3265,-1.1561,-2,0,0,40
19.52,4.3265,-1.1561,-2,0,0,40
19.54,4.3265,-1.1561,-2,0,0,40
19.56,4.3265,-1.1561,-2,0,0,40
19.58,4.3265,-1.1561,-2,0,0,40
19.6,4.3265,-1.1561,-2,0,0,40
19.62,4.3265,-1.1561,-2,0,0,40
19.64,4.3265,-1.1561,-2,0,0,40
19.66,4.3265,-1.1561,-2,0,0,40
19.68,4.3265,-1.1561,-2,0,0,40
19.7,4.3265,-1.1561,-2,0,0,40
19.72,4.3265,-1.1561,-2,0,0,40
19.74,4.3265,-1.1561,-2,0,0,40
19.76,4.3265,-1.1561,-2,0,0,40
19.78,4.3265,-1.1561,-2,0,0,40
19.8,4.3265,-1.1561,-2,0,0,40
19.82,4.3265,-1.1561,-2,0,0,40
19.84,4.3265,-1.1561,-2,0,0,40
19.86,4.3265,-1.1561,-2,0,0,40
19.88,4.3265,-1.1561,-2,0,0,40
19.9,4.3265,-1.1561,-2,0,0,40
19.92,4.3265,-1.1561,-2,0,0,40
19.94,4.3265,-1.1561,-2,0,0,40
19.96,4.3265,-1.1561,-2,0,0,40
19.98,4.3265,-1.1561,-2,0,0,40
20,4.3265,-1.1561,-2,0,0,40
20.02,4.3265,-1.1561,-2,0,0,40
20.04,4.3265,-1.1561,-2,0,0,40
20.06,4.3265,-1.1561,-2,0,0,40
20.08,4.3265,-1.1561,-2,0,0,40
20.1,4.3265,-1.1561,-2,0,0,40
20.12,4.3265,-1.1561,-2,0,0,40
20.14,4.3265,-1.1561,-2,0,0,40
20.16,4.3265,-1.1561,-2,0,0,40
20.18,4.3265,-1.1561,-2,0,0,40
20.2,4.3265,-1.1561,-2,0,0,40
20.22,4.3265,-1.1561,-2,0,0,40
20.24,4.3265,-1.1561,-2,0,0,40
20.26,4.3265,-1.1561,-2,0,0,40
20.28,4.3265,-1.1561,-2,0,0,40
20.3,4.3265,-1.1561,-2,0,0,40
20.32,4.3265,-1.1561,-2,0,0,40
20.34,4.3265,-1.1561,-2,0,0,40
20.36,4.3265,-1.1561,-2,0,0,40
20.38,4.3265,-1.1561,-2,0,0,40
20.4,4.3265,-1.1561,-2,0,0,40
20.42,4.3265,-1.1561,-2,0,0,40
20.44,4.3265,-1.1561,-2,0,0,40
20.46,4.3265,-1.1561,-2,0,0,40
20.48,4.3265,-1.1561,-2,0,0,40
20.5,4.3265,-1.1561,-2,0,0,40
20.52,4.3265,-1.1561,-2,0,0,40
20.54,4.3265,-1.1561,-2,0,0,40
20.56,4.3265,-1.1561,-2,0,0,40
20.58,4.3265,-1.1561,-2,0,0,40
20.6,4.3265,-1.1561,-2,0,0,40
20.62,4.3265,-1.1561,-2,0,0,40
20.64,4.3265,-1.1561,-2,0,0,40
20.66,4.3265,-1.1561,-2,0,0,40
20.68,4.3265,-1.1561,-2,0,0,40
20.7,4.3265,-1.1561,-2,0,0,40
20.72,4.3265,-1.1561,-2,0,0,40
20.74,4.3265,-1.1561,-2,0,0,40
20.76,4.3265,-1.1561,-2,0,0,40
20.78,4.3265,-1.1561,-2,0,0,40
20.8,4.3265,-1.1561,-2,0,0,40
20.82,4.3265,-1.1561,-2,0,0,40
20.84,4.3265,-1.1561,-2,0,0,40
20.86,4.3265,-1.1561,-2,0,0,40
20.88,4.3265,-1.1561,-2,0,0,40
20.9,4.3265,-1.1561,-2,0,0,40
20.92,4.3265,-1.1561,-2,0,0,40
20.94,4.3265,-1.1561,-2,0,0,40
20.96,4.3265,-1.1561,-2,0,0,40
20.98,4.3265,-1.1561,-2,0,0,40
21,4.3265,-1.1561,-2,0,0,40
21.02,4.3265,-1.1561,-2,0,0,40
21.04,4.3265,-1.1561,-2,0,0,40
21.06,4.3265,-1.1561,-2,0,0,40
21.08,4.3265,-1.1561,-2,0,0,40
21.1,4.3265,-1.1561,-2,0,0,40
21.12,4.3265,-1.1561,-2,0,0,40
21.14,4.3265,-1.1561,-2,0,0,40
21.16,4.3265,-1.1561,-2,0,0,40
21.18,4.3265,-1.1561,-2,0,0,40
21.2,4.3265,-1.1561,-2,0,0,40
21.22,4.3265,-1.1561,-2,0,0,40
21.24,4.3265,-1.1561,-2,0,0,40
21.26,4.3265,-1.1561,-2,0,0,40
21.28,4.3265,-1.1561,-2,0,0,40
21.3,4.3265,-1.1561,-2,0,0,40
21.32,4.3265,-1.1561,-2,0,0,40
21.34,4.3265,-1.1561,-2,0,0,40
21.36,4.3265,-1.1561,-2,0,0,40
21.38,4.3265,-1.1561,-2,0,0,40
21.4,4.3265,-1.1561,-2,0,0,40
21.42,4.3265,-1.1561,-2,0,0,40
21.44,4.3265,-1.1561,-2,0,0,40
21.46,4.3265,-1.1561,-2,0,0,40
21.48,4.3265,-1.1561,-2,0,0,40
21.5,4.3265,-1.1561,-2,0,0,40
21.52,4.3265,-1.1561,-2,0,0,40
21.54,4.3265,-1.1561,-2,0,0,40
21.56,4.3265,-1.1561,-2,0,0,40
21.58,4.3265,-1.1561,-2,0,0,40
21.6,4.3265,-1.1561,-2,0,0,40
21.62,4.3265,-1.1561,-2,0,0,40
21.64,4.3265,-1.1561,-2,0,0,40
21.66,4.3265,-1.1561,-2,0,0,40
21.68,4.3265,-1.1561,-2,0,0,40
21.7,4.3265,-1.1561,-2,0,0,40
21.72,4.3265,-1.1561,-2,0,0,40
21.74,4.3265,-1.1561,-2,0,0,40
21.76,4.3265,-1.1561,-2,0,0,40
21.78,4.3265,-1.1561,-2,0,0,40
21.8,4.3265,-1.1561,-2,0,0,40
21.82,4.3265,-1.1561,-2,0,0,40
21.84,4.3265,-1.1561,-2,0,0,40
21.86,4.3265,-1.1561,-2,0,0,40
21.88,4.3265,-1.1561,-2,0,0,40
21.9,4.3265,-1.1561,-2,0,0,40
21.92,4.3265,-1.1561,-2,0,0,40
21.94,4.3265,-1.1561,-2,0,0,40
21.96,4.3265,-1.1561,-2,0,0,40
21.98,4.3265,-1.1561,-2,0,0,40
22,4.3265,-1.1561,-2,0,0,40
22.02,4.3265,-1.1561,-2,0,0,40
22.04,4.3265,-1.1561,-2,0,0,40
22.06,4.3265,-1.1561,-2,0,0,40
22.08,4.3265,-1.1561,-2,0,0,40
22.1,4.3265,-1.1561,-2,0,0,40
22.12,4.3265,-1.1561,-2,0,0,40
22.14,4.3265,-1.1561,-2,0,0,40
22.16,4.3265,-1.1561,-2,0,0,40
22.18,4.3265,-1.1561,-2,0,0,40
22.2,4.3265,-1.1561,-2,0,0,40
22.22,4.3265,-1.1561,-2,0,0,40
22.24,4.3265,-1.1561,-2,0,0,40
22.26,4.3265,-1.1561,-2,0,0,40
22.28,4.3265,-1.1561,-2,0,0,40
22.3,4.3265,-1.1561,-2,0,0,40
22.32,4.3265,-1.1561,-2,0,0,40
22.34,4.3265,-1.1561,-2,0,0,40
22.36,4.3265,-1.1561,-2,0,0,40
22.38,4.3265,-1.1561,-2,0,0,40
22.4,4.3265,-1.1561,-2,0,0,40
22.42,4.3265,-1.1561,-2,0,0,40
22.44,4.3265,-1.1561,-2,0,0,40
22.46,4.3265,-1.1561,-2,0,0,40
22.48,4.3265,-1.1561,-2,0,0,40
22.5,4.3265,-1.1561,-2,0,0,40
22.52,4.3265,-1.1561,-2,0,0,40
22.54,4.3265,-1.1561,-2,0,0,40
22.56,4.3265,-1.1561,-2,0,0,40
22.58,4.3265,-1.1561,-2,0,0,40
22.6,4.3265,-1.1561,-2,0,0,40
22.62,4.3265,-1.1561,-2,0,0,40
22.64,4.3265,-1.1561,-2,0,0,40
22.66,4.3265,-1.1561,-2,0,0,40
22.68,4.3265,-1.1561,-2,0,0,40
22.7,4.3265,-1.1561,-2,0,0,40
22.72,4.3265,-1.1561,-2,0,0,40
22.74,4.3265,-1.1561,-2,0,0,40
22.76,4.3265,-1.1561,-2,0,0,40
22.78,4.3265,-1.1561,-2,0,0,40
22.8,4.3265,-1.1561,-2,0,0,40
22.82,4.3265,-1.1561,-2,0,0,40
22.84,4.3265,-1.1561,-2,0,0,40
22.86,4.3265,-1.1561,-2,0,0,40
22.88,4.3265,-1.1561,-2,0,0,40
22.9,4.3265,-1.1561,-2,0,0,40
22.92,4.3265,-1.1561,-2,0,0,40
22.94,4.3265,-1.1561,-2,0,0,40
22.96,4.3265,-1.1561,-2,0,0,40
22.98,4.3265,-1.1561,-2,0,0,40
23,4.3265,-1.1561,-2,0,0,40
23.02,4.3265,-1.1561,-2,0,0,40
23.04,4.3265,-1.1561,-2,0,0,40
23.06,4.3265,-1.1561,-2,0,0,40
23.08,4.3265,-1.1561,-2,0,0,40
23.1,4.3265,-1.1561,-2,0,0,40
23.12,4.3265,-1.1561,-2,0,0,40
23.14,4.3265,-1.1561,-2,0,0,40
23.16,4.3265,-1.1561,-2,0,0,40
23.18,4.3265,-1.1561,-2,0,0,40
23.2,4.3265,-1.1561,-2,0,0,40
23.22,4.3265,-1.1561,-2,0,0,40
23.24,4.3265,-1.1561,-2,0,0,40
23.26,4.3265,-1.1561,-2,0,0,40
23.28,4.3265,-1.1561,-2,0,0,40
23.3,4.3265,-1.1561,-2,0,0,40
23.32,4.3265,-1.1561,-2,0,0,40
23.34,4.3265,-1.1561,-2,0,0,40
23.36,4.3265,-1.1561,-2,0,0,40
23.38,4.3265,-1.1561,-2,0,0,40
23.4,4.3265,-1.1561,-2,0,0,40
23.42,4.3265,-1.1561,-2,0,0,40
23.44,4.3265,-1.1561,-2,0,0,40
23.46,4.3265,-1.1561,-2,0,0,40
23.48,4.3265,-1.1561,-2,0,0,40
23.5,4.3265,-1.1561,-2,0,0,40
23.52,4.3265,-1.1561,-2,0,0,40
23.54,4.3265,-1.1561,-2,0,0,40
23.56,4.3265,-1.1561,-2,0,0,40
23.58,4.3265,-1.1561,-2,0,0,40
23.6,4.3265,-1.1561,-2,0,0,40
23.62,4.3265,-1.1561,-2,0,0,40
23.64,4.3265,-1.1561,-2,0,0,40
23.66,4.3265,-1.1561,-2,0,0,40
23.68,4.3265,-1.1561,-2,0,0,40
23.7,4.3265,-1.1561,-2,0,0,40
23.72,4.3265,-1.1561,-2,0,0,40
23.74,4.3265,-1.1561,-2,0,0,40
23.76,4.3265,-1.1561,-2,0,0,40
23.78,4.3265,-1.1561,-2,0,0,40
23.8,4.3265,-1.1561,-2,0,0,40
23.82,4.3265,-1.1561,-2,0,0,40
23.84,4.3265,-1.1561,-2,0,0,40
23.86,4.3265,-1.1561,-2,0,0,40
23.88,4.3265,-1.1561,-2,0,0,40
23.9,4.3265,-1.1561,-2,0,0,40
23.92,4.3265,-1.1561,-2,0,0,40
23.94,4.3265,-1.1561,-2,0,0,40
23.96,4.3265,-1.1561,-2,0,0,40
23.98,4.3265,-1.1561,-2,0,0,40
24,4.3265,-1.1561,-2,0,0,40
24.02,4.3265,-1.1561,-2,0,0,40
24.04,4.3265,-1.1561,-2,0,0,40
24.06,4.3265,-1.1561,-2,0,0,40
24.08,4.3265,-1.1561,-2,0,0,40
24.1,4.3265,-1.1561,-2,0,0,40
24.12,4.3265,-1.1561,-2,0,0,40
24.14,4.3265,-1.1561,-2,0,0,40
24.16,4.3265,-1.1561,-2,0,0,40
24.18,4.3265,-1.1561,-2,0,0,40
24.2,4.3265,-1.1561,-2,0,0,40
24.22,4.3265,-1.1561,-2,0,0,40
24.24,4.3265,-1.1561,-2,0,0,40
24.26,4.3265,-1.1561,-2,0,0,40
24.28,4.3265,-1.1561,-2,0,0,40
24.3,4.3265,-1.1561,-2,0,0,40
24.32,4.3265,-1.1561,-2,0,0,40
24.34,4.3265,-1.1561,-2,0,0,40
24.36,4.3265,-1.1561,-2,0,0,40
24.38,4.3265,-1.1561,-2,0,0,40
24.4,4.3265,-1.1561,-2,0,0,40
24.42,4.3265,-1.1561,-2,0,0,40
24.44,4.3265,-1.1561,-2,0,0,40
24.46,4.3265,-1.1561,-2,0,0,40
24.48,4.3265,-1.1561,-2,0,0,40
24.5,4.3265,-1.1561,-2,0,0,40
24.52,4.3265,-1.1561,-2,0,0,40
24.54,4.3265,-1.1561,-2,0,0,40
24.56,4.3265,-1.1561,-2,0,0,40
24.58,4.3265,-1.1561,-2,0,0,40
24.6,4.3265,-1.1561,-2,0,0,40
24.62,4.3265,-1.1561,-2,0,0,40
24.64,4.3265,-1.1561,-2,0,0,40
24.66,4.3265,-1.1561,-2,0,0,40
24.68,4.3265,-1.1561,-2,0,0,40
24.7,4.3265,-1.1561,-2,0,0,40
24.72,4.3265,-1.1561,-2,0,0,40
24.74,4.3265,-1.1561,-2,0,0,40
24.76,4.3265,-1.1561,-2,0,0,40
24.78,4.3265,-1.1561,-2,0,0,40
24.8,4.3265,-1.1561,-2,0,0,40
24.82,4.3265,-1.1561,-2,0,0,40
24.84,4.3265,-1.1561,-2,0,0,40
24.86,4.3265,-1.1561,-2,0,0,40
24.88,4.3265,-1.1561,-2,0,0,40
24.9,4.3265,-1.1561,-2,0,0,40
24.92,4.3265,-1.1561,-2,0,0,40
24.94,4.3265,-1.1561,-2,0,0,40
24.96,4.3265,-1.1561,-2,0,0,40
24.98,4.3265,-1.1561,-2,0,0,40
25,4.3265,-1.1561,-2,0,0,40
25.02,4.3265,-1.1561,-2,0,0,40
25.04,4.3265,-1.1561,-2,0,0,40
25.06,4.3265,-1.1561,-2,0,0,40
25.08,4.3265,-1.1561,-2,0,0,40
25.1,4.3265,-1.1561,-2,0,0,40
25.12,4.3265,-1.1561,-2,0,0,40
25.14,4.3265,-1.1561,-2,0,0,40
25.16,4.3265,-1.1561,-2,0,0,40
25.18,4.3265,-1.1561,-2,0,0,40
25.2,4.3265,-1.1561,-2,0,0,40
25.22,4.3265,-1.1561,-2,0,0,40
25.24,4.3265,-1.1561,-2,0,0,40
25.26,4.3265,-1.1561,-2,0,0,40
25.28,4.3265,-1.1561,-2,0,0,40
25.3,4.3265,-1.1561,-2,0,0,40
25.32,4.3265,-1.1561,-2,0,0,40
25.34,4.3265,-1.1561,-2,0,0,40
25.36,4.3265,-1.1561,-2,0,0,40
25.38,4.3265,-1.1561,-2,0,0,40
25.4,4.3265,-1.1561,-2,0,0,40
25.42,4.3265,-1.1561,-2,0,0,40
25.44,4.3265,-1.1561,-2,0,0,40
25.46,4.3265,-1.1561,-2,0,0,40
25.48,4.3265,-1.1561,-2,0,0,40
25.5,4.3265,-1.1561,-2,0,0,40
25.52,4.3265,-1.1561,-2,0,0,40
25.54,4.3265,-1.1561,-2,0,0,40
25.56,4.3265,-1.1561,-2,0,0,40
25.58,4.3265,-1.1561,-2,0,0,40
25.6,4.3265,-1.1561,-2,0,0,40
25.62,4.3265,-1.1561,-2,0,0,40
25.64,4.3265,-1.1561,-2,0,0,40
25.66,4.3265,-1.1561,-2,0,0,40
25.68,4.3265,-1.1561,-2,0,0,40
25.7,4.3265,-1.1561,-2,0,0,40
25.72,4.3265,-1.1561,-2,0,0,40
25.74,4.3265,-1.1561,-2,0,0,40
25.76,4.3265,-1.1561,-2,0,0,40
25.78,4.3265,-1.1561,-2,0,0,40
25.8,4.3265,-1.1561,-2,0,0,40
25.82,4.3265,-1.1561,-2,0,0,40
25.84,4.3265,-1.1561,-2,0,0,40
25.86,4.3265,-1.1561,-2,0,0,40
25.88,4.3265,-1.1561,-2,0,0,40
25.9,4.3265,-1.1561,-2,0,0,40
25.92,4.3265,-1.1561,-2,0,0,40
25.94,4.3265,-1.1561,-2,0,0,40
25.96,4.3265,-1.1561,-2,0,0,40
25.98,4.3265,-1.1561,-2,0,0,40
26,4.3265,-1.1561,-2,0,0,40
26.02,4.3265,-1.1561,-2,0,0,40
26.04,4.3265,-1.1561,-2,0,0,40
26.06,4.3265,-1.1561,-2,0,0,40
26.08,4.3265,-1.1561,-2,0,0,40
26.1,4.3265,-1.1561,-2,0,0,40
26.12,4.3265,-1.1561,-2,0,0,40
26.14,4.3265,-1.1561,-2,0,0,40
26.16,4.3265,-1.1561,-2,0,0,40
26.18,4.3265,-1.1561,-2,0,0,40
26.2,4.3265,-1.1561,-2,0,0,40
26.22,4.3265,-1.1561,-2,0,0,40
26.24,4.3265,-1.1561,-2,0,0,40
26.26,4.3265,-1.1561,-2,0,0,40
26.28,4.3265,-1.1561,-2,0,0,40
26.3,4.3265,-1.1561,-2,0,0,40
26.32,4.3265,-1.1561,-2,0,0,40
26.34,4.3265,-1.1561,-2,0,0,40
26.36,4.3265,-1.1561,-2,0,0,40
26.38,4.3265,-1.1561,-2,0,0,40
26.4,4.3265,-1.1561,-2,0,0,40
26.42,4.3265,-1.1561,-2,0,0,40
26.44,4.3265,-1.1561,-2,0,0,40
26.46,4.3265,-1.1561,-2,0,0,40
26.48,4.3265,-1.1561,-2,0,0,40
26.5,4.3265,-1.1561,-2,0,0,40
26.52,4.3265,-1.1561,-2,0,0,40
26.54,4.3265,-1.1561,-2,0,0,40
26.56,4.3265,-1.1561,-2,0,0,40
26.58,4.3265,-1.1561,-2,0,0,40
26.6,4.3265,-1.1561,-2,0,0,40
26.62,4.3265,-1.1561,-2,0,0,40
26.64,4.3265,-1.1561,-2,0,0,40
26.66,4.3265,-1.1561,-2,0,0,40
26.68,4.3265,-1.1561,-2,0,0,40
26.7,4.3265,-1.1561,-2,0,0,40
26.72,4.3265,-1.1561,-2,0,0,40
26.74,4.3265,-1.1561,-2,0,0,40
26.76,4.3265,-1.1561,-2,0,0,40
26.78,4.3265,-1.1561,-2,0,0,40
26.8,4.3265,-1.1561,-2,0,0,40
26.82,4.3265,-1.1561,-2,0,0,40
26.84,4.3265,-1.1561,-2,0,0,40
26.86,4.3265,-1.1561,-2,0,0,40
26.88,4.3265,-1.1561,-2,0,0,40
26.9,4.3265,-1.1561,-2,0,0,40
26.92,4.3265,-1.1561,-2,0,0,40
26.94,4.3265,-1.1561,-2,0,0,40
26.96,4.3265,-1.1561,-2,0,0,40
26.98,4.3265,-1.1561,-2,0,0,40
27,4.3265,-1.1561,-2,0,0,40
27.02,4.3265,-1.1561,-2,0,0,40
27.04,4.3265,-1.1561,-2,0,0,40
27.06,4.3265,-1.1561,-2,0,0,40
27.08,4.3265,-1.1561,-2,0,0,40
27.1,4.3265,-1.1561,-2,0,0,40
27.12,4.3265,-1.1561,-2,0,0,40
27.14,4.3265,-1.1561,-2,0,0,40
27.16,4.3265,-1.1561,-2,0,0,40
27.18,4.3265,-1.1561,-2,0,0,40
27.2,4.3265,-1.1561,-2,0,0,40
27.22,4.3265,-1.1561,-2,0,0,40
27.24,4.3265,-1.1561,-2,0,0,40
27.26,4.3265,-1.1561,-2,0,0,40
27.28,4.3265,-1.1561,-2,0,0,40
27.3,4.3265,-1.1561,-2,0,0,40
27.32,4.3265,-1.1561,-2,0,0,40
27.34,4.3265,-1.1561,-2,0,0,40
27.36,4.3265,-1.1561,-2,0,0,40
27.38,4.3265,-1.1561,-2,0,0,40
27.4,4.3265,-1.1561,-2,0,0,40
27.42,4.3265,-1.1561,-2,0,0,40
27.44,4.3265,-1.1561,-2,0,0,40
27.46,4.3265,-1.1561,-2,0,0,40
27.48,4.3265,-1.1561,-2,0,0,40
27.5,4.3265,-1.1561,-2,0,0,40
27.52,4.3265,-1.1561,-2,0,0,40
27.54,4.3265,-1.1561,-2,0,0,40
27.56,4.3265,-1.1561,-2,0,0,40
27.58,4.3265,-1.1561,-2,0,0,40
27.6,4.3265,-1.1561,-2,0,0,40
27.62,4.3265,-1.1561,-2,0,0,40
27.64,4.3265,-1.1561,-2,0,0,40
27.66,4.3265,-1.1561,-2,0,0,40
27.68,4.3265,-1.1561,-2,0,0,40
27.7,4.3265,-1.1561,-2,0,0,40
27.72,4.3265,-1.1561,-2,0,0,40
27.74,4.3265,-1.1561,-2,0,0,40
27.76,4.3265,-1.1561,-2,0,0,40
27.78,4.3265,-1.1561,-2,0,0,40
27.8,4.3265,-1.1561,-2,0,0,40
27.82,4.3265,-1.1561,-2,0,0,40
27.84,4.3265,-1.1561,-2,0,0,40
27.86,4.3265,-1.1561,-2,0,0,40
27.88,4.3265,-1.1561,-2,0,0,40
27.9,4.3265,-1.1561,-2,0,0,40
27.92,4.3265,-1.1561,-2,0,0,40
27.94,4.3265,-1.1561,-2,0,0,40
27.96,4.3265,-1.1561,-2,0,0,40
27.98,4.3265,-1.1561,-2,0,0,40
28,4.3265,-1.1561,-2,0,0,40
28.02,4.3265,-1.1561,-2,0,0,40
28.04,4.3265,-1.1561,-2,0,0,40
28.06,4.3265,-1.1561,-2,0,0,40
28.08,4.3265,-1.1561,-2,0,0,40
28.1,4.3265,-1.1561,-2,0,0,40
28.12,4.3265,-1.1561,-2,0,0,40
28.14,4.3265,-1.1561,-2,0,0,40
28.16,4.3265,-1.1561,-2,0,0,40
28.18,4.3265,-1.1561,-2,0,0,40
28.2,4.3265,-1.1561,-2,0,0,40
28.22,4.3265,-1.1561,-2,0,0,40
28.24,4.3265,-1.1561,-2,0,0,40
28.26,4.3265,-1.1561,-2,0,0,40
28.28,4.3265,-1.1561,-2,0,0,40
28.3,4.3265,-1.1561,-2,0,0,40
28.32,4.3265,-1.1561,-2,0,0,40
28.34,4.3265,-1.1561,-2,0,0,40
28.36,4.3265,-1.1561,-2,0,0,40
28.38,4.3265,-1.1561,-2,0,0,40
28.4,4.3265,-1.1561,-2,0,0,40
28.42,4.3265,-1.1561,-2,0,0,40
28.44,4.3265,-1.1561,-2,0,0,40
28.46,4.3265,-1.1561,-2,0,0,40
28.48,4.3265,-1.1561,-2,0,0,40
28.5,4.3265,-1.1561,-2,0,0,40
28.52,4.3265,-1.1561,-2,0,0,40
28.54,4.3265,-1.1561,-2,0,0,40
28.56,4.3265,-1.1561,-2,0,0,40
28.58,4.3265,-1.1561,-2,0,0,40
28.6,4.3265,-1.1561,-2,0,0,40
28.62,4.3265,-1.1561,-2,0,0,40
28.64,4.3265,-1.1561,-2,0,0,40
28.66,4.3265,-1.1561,-2,0,0,40
28.68,4.3265,-1.1561,-2,0,0,40
28.7,4.3265,-1.1561,-2,0,0,40
28.72,4.3265,-1.1561,-2,0,0,40
28.74,4.3265,-1.1561,-2,0,0,40
28.76,4.3265,-1.1561,-2,0,0,40
28.78,4.3265,-1.1561,-2,0,0,40
28.8,4.3265,-1.1561,-2,0,0,40
28.82,4.3265,-1.1561,-2,0,0,40
28.84,4.3265,-1.1561,-2,0,0,40
28.86,4.3265,-1.1561,-2,0,0,40
28.88,4.3265,-1.1561,-2,0,0,40
28.9,4.3265,-1.1561,-2,0,0,40
28.92,4.3265,-1.1561,-2,0,0,40
28.94,4.3265,-1.1561,-2,0,0,40
28.96,4.3265,-1.1561,-2,0,0,40
28.98,4.3265,-1.1561,-2,0,0,40
29,4.3265,-1.1561,-2,0,0,40
29.02,4.3265,-1.1561,-2,0,0,40
29.04,4.3265,-1.1561,-2,0,0,40
29.06,4.3265,-1.1561,-2,0,0,40
29.08,4.3265,-1.1561,-2,0,0,40
29.1,4.3265,-1.1561,-2,0,0,40
29.12,4.3265,-1.1561,-2,0,0,40
29.14,4.3265,-1.1561,-2,0,0,40
29.16,4.3265,-1.1561,-2,0,0,40
29.18,4.3265,-1.1561,-2,0,0,40
29.2,4.3265,-1.1561,-2,0,0,40
29.22,4.3265,-1.1561,-2,0,0,40
29.24,4.3265,-1.1561,-2,0,0,40
29.26,4.3265,-1.1561,-2,0,0,40
29.28,4.3265,-1.1561,-2,0,0,40
29.3,4.3265,-1.1561,-2,0,0,40
29.32,4.3265,-1.1561,-2,0,0,40
29.34,4.3265,-1.1561,-2,0,0,40
29.36,4.3265,-1.1561,-2,0,0,40
29.38,4.3265,-1.1561,-2,0,0,40
29.4,4.3265,-1.1561,-2,0,0,40
29.42,4.3265,-1.1561,-2,0,0,40
29.44,4.3265,-1.1561,-2,0,0,40
29.46,4.3265,-1.1561,-2,0,0,40
29.48,4.3265,-1.1561,-2,0,0,40
29.5,4.3265,-1.1561,-2,0,0,40
29.52,4.3265,-1.1561,-2,0,0,40
29.54,4.3265,-1.1561,-2,0,0,40
29.56,4.3265,-1.1561,-2,0,0,40
29.58,4.3265,-1.1561,-2,0,0,40
29.6,4.3265,-1.1561,-2,0,0,40
29.62,4.3265,-1.1561,-2,0,0,40
29.64,4.3265,-1.1561,-2,0,0,40
29.66,4.3265,-1.1561,-2,0,0,40
29.68,4.3265,-1.1561,-2,0,0,40
29.7,4.3265,-1.1561,-2,0,0,40
29.72,4.3265,-1.1561,-2,0,0,40
29.74,4.3265,-1.1561,-2,0,0,40
29.76,4.3265,-1.1561,-2,0,0,40
29.78,4.3265,-1.1561,-2,0,0,40
29.8,4.3265,-1.1561,-2,0,0,40
29.82,4.3265,-1.1561,-2,0,0,40
29.84,4.3265,-1.1561,-2,0,0,40
29.86,4.3265,-1.1561,-2,0,0,40
29.88,4.3265,-1.1561,-2,0,0,40
29.9,4.3265,-1.1561,-2,0,0,40
29.92,4.3265,-1.1561,-2,0,0,40
29.94,4.3265,-1.1561,-2,0,0,40
29.96,4.3265,-1.1561,-2,0,0,40
29.98,4.3265,-1.1561,-2,0,0,40
30,4.3265,-1.1561,-2,0,0,40
30.02,4.3265,-1.1561,-2,0,0,40
30.04,4.3265,-1.1561,-2,0,0,40
30.06,4.3265,-1.1561,-2,0,0,40
30.08,4.3265,-1.1561,-2,0,0,40
30.1,4.3265,-1.1561,-2,0,0,40
30.12,4.3265,-1.1561,-2,0,0,40
30.14,4.3265,-1.1561,-2,0,0,40
30.16,4.3265,-1.1561,-2,0,0,40
30.18,4.3265,-1.1561,-2,0,0,40
30.2,4.3265,-1.1561,-2,0,0,40
30.22,4.3265,-1.1561,-2,0,0,40
30.24,4.3265,-1.1561,-2,0,0,40
30.26,4.3265,-1.1561,-2,0,0,40
30.28,4.3265,-1.1561,-2,0,0,40
30.3,4.3265,-1.1561,-2,0,0,40
30.32,4.3265,-1.1561,-2,0,0,40
30.34,4.3265,-1.1561,-2,0,0,40
30.36,4.3265,-1.1561,-2,0,0,40
30.38,4.3265,-1.1561,-2,0,0,40
30.4,4.3265,-1.1561,-2,0,0,40
30.42,4.3265,-1.1561,-2,0,0,40
30.44,4.3265,-1.1561,-2,0,0,40
30.46,4.3265,-1.1561,-2,0,0,40
30.48,4.3265,-1.1561,-2,0,0,40
30.5,4.3265,-1.1561,-2,0,0,40
30.52,4.3265,-1.1561,-2,0,0,40
30.54,4.3265,-1.1561,-2,0,0,40
30.56,4.3265,-1.1561,-2,0,0,40
30.58,4.3265,-1.1561,-2,0,0,40
30.6,4.3265,-1.1561,-2,0,0,40
30.62,4.3265,-1.1561,-2,0,0,40
30.64,4.3265,-1.1561,-2,0,0,40
30.66,4.3265,-1.1561,-2,0,0,40
30.68,4.3265,-1.1561,-2,0,0,40
30.7,4.3265,-1.1561,-2,0,0,40
30.72,4.3265,-1.1561,-2,0,0,40
30.74,4.3265,-1.1561,-2,0,0,40
30.76,4.3265,-1.1561,-2,0,0,40
30.78,4.3265,-1.1561,-2,0,0,40
30.8,4.3265,-1.1561,-2,0,0,40
30.82,4.3265,-1.1561,-2,0,0,40
30.84,4.3265,-1.1561,-2,0,0,40
30.86,4.3265,-1.1561,-2,0,0,40
30.88,4.3265,-1.1561,-2,0,0,40
30.9,4.3265,-1.1561,-2,0,0,40
30.92,4.3265,-1.1561,-2,0,0,40
30.94,4.3265,-1.1561,-2,0,0,40
30.96,4.3265,-1.1561,-2,0,0,40
30.98,4.3265,-1.1561,-2,0,0,40
31,4.3265,-1.1561,-2,0,0,40
31.02,4.3265,-1.1561,-2,0,0,40
31.04,4.3265,-1.1561,-2,0,0,40
31.06,4.3265,-1.1561,-2,0,0,40
31.08,4.3265,-1.1561,-2,0,0,40
31.1,4.3265,-1.1561,-2,0,0,40
31.12,4.3265,-1.1561,-2,0,0,40
31.14,4.3265,-1.1561,-2,0,0,40
31.16,4.3265,-1.1561,-2,0,0,40
31.18,4.3265,-1.1561,-2,0,0,40
31.2,4.3265,-1.1561,-2,0,0,40
31.22,4.3265,-1.1561,-2,0,0,40
31.24,4.3265,-1.1561,-2,0,0,40
31.26,4.3265,-1.1561,-2,0,0,40
31.28,4.3265,-1.1561,-2,0,0,40
31.3,4.3265,-1.1561,-2,0,0,40
31.32,4.3265,-1.1561,-2,0,0,40
31.34,4.3265,-1.1561,-2,0,0,40
31.36,4.3265,-1.1561,-2,0,0,40
31.38,4.3265,-1.1561,-2,0,0,40
31.4,4.3265,-1.1561,-2,0,0,40
31.42,4.3265,-1.1561,-2,0,0,40
31.44,4.3265,-1.1561,-2,0,0,40
31.46,4.3265,-1.1561,-2,0,0,40
31.48,4.3265,-1.1561,-2,0,0,40
31.5,4.3265,-1.1561,-2,0,0,40
31.52,4.3265,-1.1561,-2,0,0,40
31.54,4.3265,-1.1561,-2,0,0,40
31.56,4.3265,-1.1561,-2,0,0,40
31.58,4.3265,-1.1561,-2,0,0,40
31.6,4.3265,-1.1561,-2,0,0,40
31.62,4.3265,-1.1561,-2,0,0,40
31.64,4.3265,-1.1561,-2,0,0,40
31.66,4.3265,-1.1561,-2,0,0,40
31.68,4.3265,-1.1561,-2,0,0,40
31.7,4.3265,-1.1561,-2,0,0,40
31.72,4.3265,-1.1561,-2,0,0,40
31.74,4.3265,-1.1561,-2,0,0,40
31.76,4.3265,-1.1561,-2,0,0,40
31.78,4.3265,-1.1561,-2,0,0,40
31.8,4.3265,-1.1561,-2,0,0,40
31.82,4.3265,-1.1561,-2,0,0,40
31.84,4.3265,-1.1561,-2,0,0,40
31.86,4.3265,-1.1561,-2,0,0,40
31.88,4.3265,-1.1561,-2,0,0,40
31.9,4.3265,-1.1561,-2,0,0,40
31.92,4.3265,-1.1561,-2,0,0,40
31.94,4.3265,-1.1561,-2,0,0,40
31.96,4.3265,-1.1561,-2,0,0,40
31.98,4.3265,-1.1561,-2,0,0,40
32,4.3265,-1.1561,-2,0,0,40
32.02,4.3265,-1.1561,-2,0,0,40
32.04,4.3265,-1.1561,-2,0,0,40
32.06,4.3265,-1.1561,-2,0,0,40
32.08,4.3265,-1.1561,-2,0,0,40
32.1,4.3265,-1.1561,-2,0,0,40
32.12,4.3265,-1.1561,-2,0,0,40
32.14,4.3265,-1.1561,-2,0,0,40
32.16,4.3265,-1.1561,-2,0,0,40
32.18,4.3265,-1.1561,-2,0,0,40
32.2,4.3265,-1.1561,-2,0,0,40
32.22,4.3265,-1.1561,-2,0,0,40
32.24,4.3265,-1.1561,-2,0,0,40
32.26,4.3265,-1.1561,-2,0,0,40
32.28,4.3265,-1.1561,-2,0,0,40
32.3,4.3265,-1.1561,-2,0,0,40
32.32,4.3265,-1.1561,-2,0,0,40
32.34,4.3265,-1.1561,-2,0,0,40
32.36,4.3265,-1.1561,-2,0,0,40
32.38,4.3265,-1.1561,-2,0,0,40
32.4,4.3265,-1.1561,-2,0,0,40
32.42,4.3265,-1.1561,-2,0,0,40
32.44,4.3265,-1.1561,-2,0,0,40
32.46,4.3265,-1.1561,-2,0,0,40
32.48,4.3265,-1.1561,-2,0,0,40
32.5,4.3265,-1.1561,-2,0,0,40
32.52,4.3265,-1.1561,-2,0,0,40
32.54,4.3265,-1.1561,-2,0,0,40
32.56,4.3265,-1.1561,-2,0,0,40
32.58,4.3265,-1.1561,-2,0,0,40
32.6,4.3265,-1.1561,-2,0,0,40
32.62,4.3265,-1.1561,-2,0,0,40
32.64,4.3265,-1.1561,-2,0,0,40
32.66,4.3265,-1.1561,-2,0,0,40
32.68,4.3265,-1.1561,-2,0,0,40
32.7,4.3265,-1.1561,-2,0,0,40
32.72,4.3265,-1.1561,-2,0,0,40
32.74,4.3265,-1.1561,-2,0,0,40
32.76,4.3265,-1.1561,-2,0,0,40
32.78,4.3265,-1.1561,-2,0,0,40
32.8,4.3265,-1.1561,-2,0,0,40
32.82,4.3265,-1.1561,-2,0,0,40
32.84,4.3265,-1.1561,-2,0,0,40
32.86,4.3265,-1.1561,-2,0,0,40
32.88,4.3265,-1.1561,-2,0,0,40
32.9,4.3265,-1.1561,-2,0,0,40
32.92,4.3265,-1.1561,-2,0,0,40
32.94,4.3265,-1.1561,-2,0,0,40
32.96,4.3265,-1.1561,-2,0,0,40
32.98,4.3265,-1.1561,-2,0,0,40
33,4.3265,-1.1561,-2,0,0,40
33.02,4.3265,-1.1561,-2,0,0,40
33.04,4.3265,-1.1561,-2,0,0,40
33.06,4.3265,-1.1561,-2,0,0,40
33.08,4.3265,-1.1561,-2,0,0,40
33.1,4.3265,-1.1561,-2,0,0,40
33.12,4.3265,-1.1561,-2,0,0,40
33.14,4.3265,-1.1561,-2,0,0,40
33.16,4.3265,-1.1561,-2,0,0,40
33.18,4.3265,-1.1561,-2,0,0,40
33.2,4.3265,-1.1561,-2,0,0,40
33.22,4.3265,-1.1561,-2,0,0,40
33.24,4.3265,-1.1561,-2,0,0,40
33.26,4.3265,-1.1561,-2,0,0,40
33.28,4.3265,-1.1561,-2,0,0,40
33.3,4.3265,-1.1561,-2,0,0,40
33.32,4.3265,-1.1561,-2,0,0,40
33.34,4.3265,-1.1561,-2,0,0,40
33.36,4.3265,-1.1561,-2,0,0,40
33.38,4.3265,-1.1561,-2,0,0,40
33.4,4.3265,-1.1561,-2,0,0,40
33.42,4.3265,-1.1561,-2,0,0,40
33.44,4.3265,-1.1561,-2,0,0,40
33.46,4.3265,-1.1561,-2,0,0,40
33.48,4.3265,-1.1561,-2,0,0,40
33.5,4.3265,-1.1561,-2,0,0,40
33.52,4.3265,-1.1561,-2,0,0,40
33.54,4.3265,-1.1561,-2,0,0,40
33.56,4.3265,-1.1561,-2,0,0,40
33.58,4.3265,-1.1561,-2,0,0,40
33.6,4.3265,-1.1561,-2,0,0,40
33.62,4.3265,-1.1561,-2,0,0,40
33.64,4.3265,-1.1561,-2,0,0,40
33.66,4.3265,-1.1561,-2,0,0,40
33.68,4.3265,-1.1561,-2,0,0,40
33.7,4.3265,-1.1561,-2,0,0,40
33.72,4.3265,-1.1561,-2,0,0,40
33.74,4.3265,-1.1561,-2,0,0,40
33.76,4.3265,-1.1561,-2,0,0,40
33.78,4.3265,-1.1561,-2,0,0,40
33.8,4.3265,-1.1561,-2,0,0,40
33.82,4.3265,-1.1561,-2,0,0,40
33.84,4.3265,-1.1561,-2,0,0,40
33.86,4.3265,-1.1561,-2,0,0,40
33.88,4.3265,-1.1561,-2,0,0,40
33.9,4.3265,-1.1561,-2,0,0,40
33.92,4.3265,-1.1561,-2,0,0,40
33.94,4.3265,-1.1561,-2,0,0,40
33.96,4.3265,-1.1561,-2,0,0,40
33.98,4.3265,-1.1561,-2,0,0,40
34,4.3265,-1.1561,-2,0,0,40
34.02,4.3265,-1.1561,-2,0,0,40
34.04,4.3265,-1.1561,-2,0,0,40
34.06,4.3265,-1.1561,-2,0,0,40
34.08,4.3265,-1.1561,-2,0,0,40
34.1,4.3265,-1.1561,-2,0,0,40
34.12,4.3265,-1.1561,-2,0,0,40
34.14,4.3265,-1.1561,-2,0,0,40
34.16,4.3265,-1.1561,-2,0,0,40
34.18,4.3265,-1.1561,-2,0,0,40
34.2,4.3265,-1.1561,-2,0,0,40
34.22,4.3265,-1.1561,-2,0,0,40
34.24,4.3265,-1.1561,-2,0,0,40
34.26,4.3265,-1.1561,-2,0,0,40
34.28,4.3265,-1.1561,-2,0,0,40
34.3,4.3265,-1.1561,-2,0,0,40
34.32,4.3265,-1.1561,-2,0,0,40
34.34,4.3265,-1.1561,-2,0,0,40
34.36,4.3265,-1.1561,-2,0,0,40
34.38,4.3265,-1.1561,-2,0,0,40
34.4,4.3265,-1.1561,-2,0,0,40
34.42,4.3265,-1.1561,-2,0,0,40
34.44,4.3265,-1.1561,-2,0,0,40
34.46,4.3265,-1.1561,-2,0,0,40
34.48,4.3265,-1.1561,-2,0,0,40
34.5,4.3265,-1.1561,-2,0,0,40
34.52,4.3265,-1.1561,-2,0,0,40
34.54,4.3265,-1.1561,-2,0,0,40
34.56,4.3265,-1.1561,-2,0,0,40
34.58,4.3265,-1.1561,-2,0,0,40
34.6,4.3265,-1.1561,-2,0,0,40
34.62,4.3265,-1.1561,-2,0,0,40
34.64,4.3265,-1.1561,-2,0,0,40
34.66,4.3265,-1.1561,-2,0,0,40
34.68,4.3265,-1.1561,-2,0,0,40
34.7,4.3265,-1.1561,-2,0,0,40
34.72,4.3265,-1.1561,-2,0,0,40
34.74,4.3265,-1.1561,-2,0,0,40
34.76,4.3265,-1.1561,-2,0,0,40
34.78,4.3265,-1.1561,-2,0,0,40
34.8,4.3265,-1.1561,-2,0,0,40
34.82,4.3265,-1.1561,-2,0,0,40
34.84,4.3265,-1.1561,-2,0,0,40
34.86,4.3265,-1.1561,-2,0,0,40
34.88,4.3265,-1.1561,-2,0,0,40
34.9,4.3265,-1.1561,-2,0,0,40
34.92,4.3265,-1.1561,-2,0,0,40
34.94,4.3265,-1.1561,-2,0,0,40
34.96,4.3265,-1.1561,-2,0,0,40
34.98,4.3265,-1.1561,-2,0,0,40
35,4.3265,-1.1561,-2,0,0,40
35.02,4.3265,-1.1561,-2,0,0,40
35.04,4.3265,-1.1561,-2,0,0,40
35.06,4.3265,-1.1561,-2,0,0,40
35.08,4.3265,-1.1561,-2,0,0,40
35.1,4.3265,-1.1561,-2,0,0,40
35.12,4.3265,-1.1561,-2,0,0,40
35.14,4.3265,-1.1561,-2,0,0,40
35.16,4.3265,-1.1561,-2,0,0,40
35.18,4.3265,-1.1561,-2,0,0,40
35.2,4.3265,-1.1561,-2,0,0,40
35.22,4.3265,-1.1561,-2,0,0,40
35.24,4.3265,-1.1561,-2,0,0,40
35.26,4.3265,-1.1561,-2,0,0,40
35.28,4.3265,-1.1561,-2,0,0,40
35.3,4.3265,-1.1561,-2,0,0,40
35.32,4.3265,-1.1561,-2,0,0,40
35.34,4.3265,-1.1561,-2,0,0,40
35.36,4.3265,-1.1561,-2,0,0,40
35.38,4.3265,-1.1561,-2,0,0,40
35.4,4.3265,-1.1561,-2,0,0,40
35.42,4.3265,-1.1561,-2,0,0,40
35.44,4.3265,-1.1561,-2,0,0,40
35.46,4.3265,-1.1561,-2,0,0,40
35.48,4.3265,-1.1561,-2,0,0,40
35.5,4.3265,-1.1561,-2,0,0,40
35.52,4.3265,-1.1561,-2,0,0,40
35.54,4.3265,-1.1561,-2,0,0,40
35.56,4.3265,-1.1561,-2,0,0,40
35.58,4.3265,-1.1561,-2,0,0,40
35.6,4.3265,-1.1561,-2,0,0,40
35.62,4.3265,-1.1561,-2,0,0,40
35.64,4.3265,-1.1561,-2,0,0,40
35.66,4.3265,-1.1561,-2,0,0,40
35.68,4.3265,-1.1561,-2,0,0,40
35.7,4.3265,-1.1561,-2,0,0,40
35.72,4.3265,-1.1561,-2,0,0,40
35.74,4.3265,-1.1561,-2,0,0,40
35.76,4.3265,-1.1561,-2,0,0,40
35.78,4.3265,-1.1561,-2,0,0,40
35.8,4.3265,-1.1561,-2,0,0,40
35.82,4.3265,-1.1561,-2,0,0,40
35.84,4.3265,-1.1561,-2,0,0,40
35.86,4.3265,-1.1561,-2,0,0,40
35.88,4.3265,-1.1561,-2,0,0,40
35.9,4.3265,-1.1561,-2,0,0,40
35.92,4.3265,-1.1561,-2,0,0,40
35.94,4.3265,-1.1561,-2,0,0,40
35.96,4.3265,-1.1561,-2,0,0,40
35.98,4.3265,-1.1561,-2,0,0,40
36,4.3265,-1.1561,-2,0,0,40
36.02,4.3265,-1.1561,-2,0,0,40
36.04,4.3265,-1.1561,-2,0,0,40
36.06,4.3265,-1.1561,-2,0,0,40
36.08,4.3265,-1.1561,-2,0,0,40
36.1,4.3265,-1.1561,-2,0,0,40
36.12,4.3265,-1.1561,-2,0,0,40
36.14,4.3265,-1.1561,-2,0,0,40
36.16,4.3265,-1.1561,-2,0,0,40
36.18,4.3265,-1.1561,-2,0,0,40
36.2,4.3265,-1.1561,-2,0,0,40
36.22,4.3265,-1.1561,-2,0,0,40
36.24,4.3265,-1.1561,-2,0,0,40
36.26,4.3265,-1.1561,-2,0,0,40
36.28,4.3265,-1.1561,-2,0,0,40
36.3,4.3265,-1.1561,-2,0,0,40
36.32,4.3265,-1.1561,-2,0,0,40
36.34,4.3265,-1.1561,-2,0,0,40
36.36,4.3265,-1.1561,-2,0,0,40
36.38,4.3265,-1.1561,-2,0,0,40
36.4,4.3265,-1.1561,-2,0,0,40
36.42,4.3265,-1.1561,-2,0,0,40
36.44,4.3265,-1.1561,-2,0,0,40
36.46,4.3265,-1.1561,-2,0,0,40
36.48,4.3265,-1.1561,-2,0,0,40
36.5,4.3265,-1.1561,-2,0,0,40
36.52,4.3265,-1.1561,-2,0,0,40
36.54,4.3265,-1.1561,-2,0,0,40
36.56,4.3265,-1.1561,-2,0,0,40
36.58,4.3265,-1.1561,-2,0,0,40
36.6,4.3265,-1.1561,-2,0,0,40
36.62,4.3265,-1.1561,-2,0,0,40
36.64,4.3265,-1.1561,-2,0,0,40
36.66,4.3265,-1.1561,-2,0,0,40
36.68,4.3265,-1.1561,-2,0,0,40
36.7,4.3265,-1.1561,-2,0,0,40
36.72,4.3265,-1.1561,-2,0,0,40
36.74,4.3265,-1.1561,-2,0,0,40
36.76,4.3265,-1.1561,-2,0,0,40
36.78,4.3265,-1.1561,-2,0,0,40
36.8,4.3265,-1.1561,-2,0,0,40
36.82,4.3265,-1.1561,-2,0,0,40
36.84,4.3265,-1.1561,-2,0,0,40
36.86,4.3265,-1.1561,-2,0,0,40
36.88,4.3265,-1.1561,-2,0,0,40
36.9,4.3265,-1.1561,-2,0,0,40
36.92,4.3265,-1.1561,-2,0,0,40
36.94,4.3265,-1.1561,-2,0,0,40
36.96,4.3265,-1.1561,-2,0,0,40
36.98,4.3265,-1.1561,-2,0,0,40
37,4.3265,-1.1561,-2,0,0,40
37.02,4.3265,-1.1561,-2,0,0,40
37.04,4.3265,-1.1561,-2,0,0,40
37.06,4.3265,-1.1561,-2,0,0,40
37.08,4.3265,-1.1561,-2,0,0,40
37.1,4.3265,-1.1561,-2,0,0,40
37.12,4.3265,-1.1561,-2,0,0,40
37.14,4.3265,-1.1561,-2,0,0,40
37.16,4.3265,-1.1561,-2,0,0,40
37.18,4.3265,-1.1561,-2,0,0,40
37.2,4.3265,-1.1561,-2,0,0,40
37.22,4.3265,-1.1561,-2,0,0,40
37.24,4.3265,-1.1561,-2,0,0,40
37.26,4.3265,-1.1561,-2,0,0,40
37.28,4.3265,-1.1561,-2,0,0,40
37.3,4.3265,-1.1561,-2,0,0,40
37.32,4.3265,-1.1561,-2,0,0,40
37.34,4.3265,-1.1561,-2,0,0,40
37.36,4.3265,-1.1561,-2,0,0,40
37.38,4.3265,-1.1561,-2,0,0,40
37.4,4.3265,-1.1561,-2,0,0,40
37.42,4.3265,-1.1561,-2,0,0,40
37.44,4.3265,-1.1561,-2,0,0,40
37.46,4.3265,-1.1561,-2,0,0,40
37.48,4.3265,-1.1561,-2,0,0,40
37.5,4.3265,-1.1561,-2,0,0,40
37.52,4.3265,-1.1561,-2,0,0,40
37.54,4.3265,-1.1561,-2,0,0,40
37.56,4.3265,-1.1561,-2,0,0,40
37.58,4.3265,-1.1561,-2,0,0,40
37.6,4.3265,-1.1561,-2,0,0,40
37.62,4.3265,-1.1561,-2,0,0,40
37.64,4.3265,-1.1561,-2,0,0,40
37.66,4.3265,-1.1561,-2,0,0,40
37.68,4.3265,-1.1561,-2,0,0,40
37.7,4.3265,-1.1561,-2,0,0,40
37.72,4.3265,-1.1561,-2,0,0,40
37.74,4.3265,-1.1561,-2,0,0,40
37.76,4.3265,-1.1561,-2,0,0,40
37.78,4.3265,-1.1561,-2,0,0,40
37.8,4.3265,-1.1561,-2,0,0,40
37.82,4.3265,-1.1561,-2,0,0,40
37.84,4.3265,-1.1561,-2,0,0,40
37.86,4.3265,-1.1561,-2,0,0,40
37.88,4.3265,-1.1561,-2,0,0,40
37.9,4.3265,-1.1561,-2,0,0,40
37.92,4.3265,-1.1561,-2,0,0,40
37.94,4.3265,-1.1561,-2,0,0,40
37.96,4.3265,-1.1561,-2,0,0,40
37.98,4.3265,-1.1561,-2,0,0,40
38,4.3265,-1.1561,-2,0,0,40
38.02,4.3265,-1.1561,-2,0,0,40
38.04,4.3265,-1.1561,-2,0,0,40
38.06,4.3265,-1.1561,-2,0,0,40
38.08,4.3265,-1.1561,-2,0,0,40
38.1,4.3265,-1.1561,-2,0,0,40
38.12,4.3265,-1.1561,-2,0,0,40
38.14,4.3265,-1.1561,-2,0,0,40
38.16,4.3265,-1.1561,-2,0,0,40
38.18,4.3265,-1.1561,-2,0,0,40
38.2,4.3265,-1.1561,-2,0,0,40
38.22,4.3265,-1.1561,-2,0,0,40
38.24,4.3265,-1.1561,-2,0,0,40
38.26,4.3265,-1.1561,-2,0,0,40
38.28,4.3265,-1.1561,-2,0,0,40
38.3,4.3265,-1.1561,-2,0,0,40
38.32,4.3265,-1.1561,-2,0,0,40
38.34,4.3265,-1.1561,-2,0,0,40
38.36,4.3265,-1.1561,-2,0,0,40
38.38,4.3265,-1.1561,-2,0,0,40
38.4,4.3265,-1.1561,-2,0,0,40
38.42,4.3265,-1.1561,-2,0,0,40
38.44,4.3265,-1.1561,-2,0,0,40
38.46,4.3265,-1.1561,-2,0,0,40
38.48,4.3265,-1.1561,-2,0,0,40
38.5,4.3265,-1.1561,-2,0,0,40
38.52,4.3265,-1.1561,-2,0,0,40
38.54,4.3265,-1.1561,-2,0,0,40
38.56,4.3265,-1.1561,-2,0,0,40
38.58,4.3265,-1.1561,-2,0,0,40
38.6,4.3265,-1.1561,-2,0,0,40
38.62,4.3265,-1.1561,-2,0,0,40
38.64,4.3265,-1.1561,-2,0,0,40
38.66,4.3265,-1.1561,-2,0,0,40
38.68,4.3265,-1.1561,-2,0,0,40
38.7,4.3265,-1.1561,-2,0,0,40
38.72,4.3265,-1.1561,-2,0,0,40
38.74,4.3265,-1.1561,-2,0,0,40
38.76,4.3265,-1.1561,-2,0,0,40
38.78,4.3265,-1.1561,-2,0,0,40
38.8,4.3265,-1.1561,-2,0,0,40
38.82,4.3265,-1.1561,-2,0,0,40
38.84,4.3265,-1.1561,-2,0,0,40
38.86,4.3265,-1.1561,-2,0,0,40
38.88,4.3265,-1.1561,-2,0,0,40
38.9,4.3265,-1.1561,-2,0,0,40
38.92,4.3265,-1.1561,-2,0,0,40
38.94,4.3265,-1.1561,-2,0,0,40
38.96,4.3265,-1.1561,-2,0,0,40
38.98,4.3265,-1.1561,-2,0,0,40
39,4.3265,-1.1561,-2,0,0,40
39.02,4.3265,-1.1561,-2,0,0,40
39.04,4.3265,-1.1561,-2,0,0,40
39.06,4.3265,-1.1561,-2,0,0,40
39.08,4.3265,-1.1561,-2,0,0,40
39.1,4.3265,-1.1561,-2,0,0,40
39.12,4.3265,-1.1561,-2,0,0,40
39.14,4.3265,-1.1561,-2,0,0,40
39.16,4.3265,-1.1561,-2,0,0,40
39.18,4.3265,-1.1561,-2,0,0,40
39.2,4.3265,-1.1561,-2,0,0,40
39.22,4.3265,-1.1561,-2,0,0,40
39.24,4.3265,-1.1561,-2,0,0,40
39.26,4.3265,-1.1561,-2,0,0,40
39.28,4.3265,-1.1561,-2,0,0,40
39.3,4.3265,-1.1561,-2,0,0,40
39.32,4.3265,-1.1561,-2,0,0,40
39.34,4.3265,-1.1561,-2,0,0,40
39.36,4.3265,-1.1561,-2,0,0,40
39.38,4.3265,-1.1561,-2,0,0,40
39.4,4.3265,-1.1561,-2,0,0,40
39.42,4.3265,-1.1561,-2,0,0,40
39.44,4.3265,-1.1561,-2,0,0,40
39.46,4.3265,-1.1561,-2,0,0,40
39.48,4.3265,-1.1561,-2,0,0,40
39.5,4.3265,-1.1561,-2,0,0,40
39.52,4.3265,-1.1561,-2,0,0,40
39.54,4.3265,-1.1561,-2,0,0,40
39.56,4.3265,-1.1561,-2,0,0,40
39.58,4.3265,-1.1561,-2,0,0,40
39.6,4.3265,-1.1561,-2,0,0,40
39.62,4.3265,-1.1561,-2,0,0,40
39.64,4.3265,-1.1561,-2,0,0,40
39.66,4.3265,-1.1561,-2,0,0,40
39.68,4.3265,-1.1561,-2,0,0,40
39.7,4.3265,-1.1561,-2,0,0,40
39.72,4.3265,-1.1561,-2,0,0,40
39.74,4.3265,-1.1561,-2,0,0,40
39.76,4.3265,-1.1561,-2,0,0,40
39.78,4.3265,-1.1561,-2,0,0,40
39.8,4.3265,-1.1561,-2,0,0,40
39.82,4.3265,-1.1561,-2,0,0,40
39.84,4.3265,-1.1561,-2,0,0,40
39.86,4.3265,-1.1561,-2,0,0,40
39.88,4.3265,-1.1561,-2,0,0,40
39.9,4.3265,-1.1561,-2,0,0,40
39.92,4.3265,-1.1561,-2,0,0,40
39.94,4.3265,-1.1561,-2,0,0,40
39.96,4.3265,-1.1561,-2,0,0,40
39.98,4.3265,-1.1561,-2,0,0,40
40,4.3265,-1.1561,-2,0,0,40
40.02,4.3265,-1.1561,-2,0,0,40
40.04,4.3265,-1.1561,-2,0,0,40
40.06,4.3265,-1.1561,-2,0,0,40
40.08,4.3265,-1.1561,-2,0,0,40
40.1,4.3265,-1.1561,-2,0,0,40
40.12,4.3265,-1.1561,-2,0,0,40
40.14,4.3265,-1.1561,-2,0,0,40
40.16,4.3265,-1.1561,-2,0,0,40
40.18,4.3265,-1.1561,-2,0,0,40
40.2,4.3265,-1.1561,-2,0,0,40
40.22,4.3265,-1.1561,-2,0,0,40
40.24,4.3265,-1.1561,-2,0,0,40
40.26,4.3265,-1.1561,-2,0,0,40
40.28,4.3265,-1.1561,-2,0,0,40
40.3,4.3265,-1.1561,-2,0,0,40
40.32,4.3265,-1.1561,-2,0,0,40
40.34,4.3265,-1.1561,-2,0,0,40
40.36,4.3265,-1.1561,-2,0,0,40
40.38,4.3265,-1.1561,-2,0,0,40
40.4,4.3265,-1.1561,-2,0,0,40
40.42,4.3265,-1.1561,-2,0,0,40
40.44,4.3265,-1.1561,-2,0,0,40
40.46,4.3265,-1.1561,-2,0,0,40
40.48,4.3265,-1.1561,-2,0,0,40
40.5,4.3265,-1.1561,-2,0,0,40
40.52,4.3265,-1.1561,-2,0,0,40
40.54,4.3265,-1.1561,-2,0,0,40
40.56,4.3265,-1.1561,-2,0,0,40
40.58,4.3265,-1.1561,-2,0,0,40
40.6,4.3265,-1.1561,-2,0,0,40
40.62,4.3265,-1.1561,-2,0,0,40
40.64,4.3265,-1.1561,-2,0,0,40
40.66,4.3265,-1.1561,-2,0,0,40
40.68,4.3265,-1.1561,-2,0,0,40
40.7,4.3265,-1.1561,-2,0,0,40
40.72,4.3265,-1.1561,-2,0,0,40
40.74,4.3265,-1.1561,-2,0,0,40
40.76,4.3265,-1.1561,-2,0,0,40
40.78,4.3265,-1.1561,-2,0,0,40
40.8,4.3265,-1.1561,-2,0,0,40
40.82,4.3265,-1.1561,-2,0,0,40
40.84,4.3265,-1.1561,-2,0,0,40
40.86,4.3265,-1.1561,-2,0,0,40
40.88,4.3265,-1.1561,-2,0,0,40
40.9,4.3265,-1.1561,-2,0,0,40
40.92,4.3265,-1.1561,-2,0,0,40
40.94,4.3265,-1.1561,-2,0,0,40
40.96,4.3265,-1.1561,-2,0,0,40
40.98,4.3265,-1.1561,-2,0,0,40
41,4.3265,-1.1561,-2,0,0,40
41.02,4.3265,-1.1561,-2,0,0,40
41.04,4.3265,-1.1561,-2,0,0,40
41.06,4.3265,-1.1561,-2,0,0,40
41.08,4.3265,-1.1561,-2,0,0,40
41.1,4.3265,-1.1561,-2,0,0,40
41.12,4.3265,-1.1561,-2,0,0,40
41.14,4.3265,-1.1561,-2,0,0,40
41.16,4.3265,-1.1561,-2,0,0,40
41.18,4.3265,-1.1561,-2,0,0,40
41.2,4.3265,-1.1561,-2,0,0,40
41.22,4.3265,-1.1561,-2,0,0,40
41.24,4.3265,-1.1561,-2,0,0,40
41.26,4.3265,-1.1561,-2,0,0,40
41.28,4.3265,-1.1561,-2,0,0,40
41.3,4.3265,-1.1561,-2,0,0,40
41.32,4.3265,-1.1561,-2,0,0,40
41.34,4.3265,-1.1561,-2,0,0,40
41.36,4.3265,-1.1561,-2,0,0,40
41.38,4.3265,-1.1561,-2,0,0,40
41.4,4.3265,-1.1561,-2,0,0,40
41.42,4.3265,-1.1561,-2,0,0,40
41.44,4.3265,-1.1561,-2,0,0,40
41.46,4.3265,-1.1561,-2,0,0,40
41.48,4.3265,-1.1561,-2,0,0,40
41.5,4.3265,-1.1561,-2,0,0,40
41.52,4.3265,-1.1561,-2,0,0,40
41.54,4.3265,-1.1561,-2,0,0,40
41.56,4.3265,-1.1561,-2,0,0,40
41.58,4.3265,-1.1561,-2,0,0,40
41.6,4.3265,-1.1561,-2,0,0,40
41.62,4.3265,-1.1561,-2,0,0,40
41.64,4.3265,-1.1561,-2,0,0,40
41.66,4.3265,-1.1561,-2,0,0,40
41.68,4.3265,-1.1561,-2,0,0,40
41.7,4.3265,-1.1561,-2,0,0,40
41.72,4.3265,-1.1561,-2,0,0,40
41.74,4.3265,-1.1561,-2,0,0,40
41.76,4.3265,-1.1561,-2,0,0,40
41.78,4.3265,-1.1561,-2,0,0,40
41.8,4.3265,-1.1561,-2,0,0,40
41.82,4.3265,-1.1561,-2,0,0,40
41.84,4.3265,-1.1561,-2,0,0,40
41.86,4.3265,-1.1561,-2,0,0,40
41.88,4.3265,-1.1561,-2,0,0,40
41.9,4.3265,-1.1561,-2,0,0,40
41.92,4.3265,-1.1561,-2,0,0,40
41.94,4.3265,-1.1561,-2,0,0,40
41.96,4.3265,-1.1561,-2,0,0,40
41.98,4.3265,-1.1561,-2,0,0,40
42,4.3265,-1.1561,-2,0,0,40
42.02,4.3265,-1.1561,-2,0,0,40
42.04,4.3265,-1.1561,-2,0,0,40
42.06,4.3265,-1.1561,-2,0,0,40
42.08,4.3265,-1.1561,-2,0,0,40
42.1,4.3265,-1.1561,-2,0,0,40
42.12,4.3265,-1.1561,-2,0,0,40
42.14,4.3265,-1.1561,-2,0,0,40
42.16,4.3265,-1.1561,-2,0,0,40
42.18,4.3265,-1.1561,-2,0,0,40
42.2,4.3265,-1.1561,-2,0,0,40
42.22,4.3265,-1.1561,-2,0,0,40
42.24,4.3265,-1.1561,-2,0,0,40
42.26,4.3265,-1.1561,-2,0,0,40
42.28,4.3265,-1.1561,-2,0,0,40
42.3,4.3265,-1.1561,-2,0,0,40
42.32,4.3265,-1.1561,-2,0,0,40
42.34,4.3265,-1.1561,-2,0,0,40
42.36,4.3265,-1.1561,-2,0,0,40
42.38,4.3265,-1.1561,-2,0,0,40
42.4,4.3265,-1.1561,-2,0,0,40
42.42,4.3265,-1.1561,-2,0,0,40
42.44,4.3265,-1.1561,-2,0,0,40
42.46,4.3265,-1.1561,-2,0,0,40
42.48,4.3265,-1.1561,-2,0,0,40
42.5,4.3265,-1.1561,-2,0,0,40
42.52,4.3265,-1.1561,-2,0,0,40
42.54,4.3265,-1.1561,-2,0,0,40
42.56,4.3265,-1.1561,-2,0,0,40
42.58,4.3265,-1.1561,-2,0,0,40
42.6,4.3265,-1.1561,-2,0,0,40
42.62,4.3265,-1.1561,-2,0,0,40
42.64,4.3265,-1.1561,-2,0,0,40
42.66,4.3265,-1.1561,-2,0,0,40
42.68,4.3265,-1.1561,-2,0,0,40
42.7,4.3265,-1.1561,-2,0,0,40
42.72,4.3265,-1.1561,-2,0,0,40
42.74,4.3265,-1.1561,-2,0,0,40
42.76,4.3265,-1.1561,-2,0,0,40
42.78,4.3265,-1.1561,-2,0,0,40
42.8,4.3265,-1.1561,-2,0,0,40
42.82,4.3265,-1.1561,-2,0,0,40
42.84,4.3265,-1.1561,-2,0,0,40
42.86,4.3265,-1.1561,-2,0,0,40
42.88,4.3265,-1.1561,-2,0,0,40
42.9,4.3265,-1.1561,-2,0,0,40
42.92,4.3265,-1.1561,-2,0,0,40
42.94,4.3265,-1.1561,-2,0,0,40
42.96,4.3265,-1.1561,-2,0,0,40
42.98,4.3265,-1.1561,-2,0,0,40
43,4.3265,-1.1561,-2,0,0,40
43.02,4.3265,-1.1561,-2,0,0,40
43.04,4.3265,-1.1561,-2,0,0,40
43.06,4.3265,-1.1561,-2,0,0,40
43.08,4.3265,-1.1561,-2,0,0,40
43.1,4.3265,-1.1561,-2,0,0,40
43.12,4.3265,-1.1561,-2,0,0,40
43.14,4.3265,-1.1561,-2,0,0,40
43.16,4.3265,-1.1561,-2,0,0,40
43.18,4.3265,-1.1561,-2,0,0,40
43.2,4.3265,-1.1561,-2,0,0,40
43.22,4.3265,-1.1561,-2,0,0,40
43.24,4.3265,-1.1561,-2,0,0,40
43.26,4.3265,-1.1561,-2,0,0,40
43.28,4.3265,-1.1561,-2,0,0,40
43.3,4.3265,-1.1561,-2,0,0,40
43.32,4.3265,-1.1561,-2,0,0,40
43.34,4.3265,-1.1561,-2,0,0,40
43.36,4.3265,-1.1561,-2,0,0,40
43.38,4.3265,-1.1561,-2,0,0,40
43.4,4.3265,-1.1561,-2,0,0,40
43.42,4.3265,-1.1561,-2,0,0,40
43.44,4.3265,-1.1561,-2,0,0,40
43.46,4.3265,-1.1561,-2,0,0,40
43.48,4.3265,-1.1561,-2,0,0,40
43.5,4.3265,-1.1561,-2,0,0,40
43.52,4.3265,-1.1561,-2,0,0,40
43.54,4.3265,-1.1561,-2,0,0,40
43.56,4.3265,-1.1561,-2,0,0,40
43.58,4.3265,-1.1561,-2,0,0,40
43.6,4.3265,-1.1561,-2,0,0,40
43.62,4.3265,-1.1561,-2,0,0,40
43.64,4.3265,-1.1561,-2,0,0,40
43.66,4.3265,-1.1561,-2,0,0,40
43.68,4.3265,-1.1561,-2,0,0,40
43.7,4.3265,-1.1561,-2,0,0,40
43.72,4.3265,-1.1561,-2,0,0,40
43.74,4.3265,-1.1561,-2,0,0,40
43.76,4.3265,-1.1561,-2,0,0,40
43.78,4.3265,-1.1561,-2,0,0,40
43.8,4.3265,-1.1561,-2,0,0,40
43.82,4.3265,-1.1561,-2,0,0,40
43.84,4.3265,-1.1561,-2,0,0,40
43.86,4.3265,-1.1561,-2,0,0,40
43.88,4.3265,-1.1561,-2,0,0,40
43.9,4.3265,-1.1561,-2,0,0,40
43.92,4.3265,-1.1561,-2,0,0,40
43.94,4.3265,-1.1561,-2,0,0,40
43.96,4.3265,-1.1561,-2,0,0,40
43.98,4.3265,-1.1561,-2,0,0,40
44,4.3265,-1.1561,-2,0,0,40
44.02,4.3265,-1.1561,-2,0,0,40
44.04,4.3265,-1.1561,-2,0,0,40
44.06,4.3265,-1.1561,-2,0,0,40
44.08,4.3265,-1.1561,-2,0,0,40
44.1,4.3265,-1.1561,-2,0,0,40
44.12,4.3265,-1.1561,-2,0,0,40
44.14,4.3265,-1.1561,-2,0,0,40
44.16,4.3265,-1.1561,-2,0,0,40
44.18,4.3265,-1.1561,-2,0,0,40
44.2,4.3265,-1.1561,-2,0,0,40
44.22,4.3265,-1.1561,-2,0,0,40
44.24,4.3265,-1.1561,-2,0,0,40
44.26,4.3265,-1.1561,-2,0,0,40
44.28,4.3265,-1.1561,-2,0,0,40
44.3,4.3265,-1.1561,-2,0,0,40
44.32,4.3265,-1.1561,-2,0,0,40
44.34,4.3265,-1.1561,-2,0,0,40
44.36,4.3265,-1.1561,-2,0,0,40
44.38,4.3265,-1.1561,-2,0,0,40
44.4,4.3265,-1.1561,-2,0,0,40
44.42,4.3265,-1.1561,-2,0,0,40
44.44,4.3265,-1.1561,-2,0,0,40
44.46,4.3265,-1.1561,-2,0,0,40
44.48,4.3265,-1.1561,-2,0,0,40
44.5,4.3265,-1.1561,-2,0,0,40
44.52,4.3265,-1.1561,-2,0,0,40
44.54,4.3265,-1.1561,-2,0,0,40
44.56,4.3265,-1.1561,-2,0,0,40
44.58,4.3265,-1.1561,-2,0,0,40
44.6,4.3265,-1.1561,-2,0,0,40
44.62,4.3265,-1.1561,-2,0,0,40
44.64,4.3265,-1.1561,-2,0,0,40
44.66,4.3265,-1.1561,-2,0,0,40
44.68,4.3265,-1.1561,-2,0,0,40
44.7,4.3265,-1.1561,-2,0,0,40
44.72,4.3265,-1.1561,-2,0,0,40
44.74,4.3265,-1.1561,-2,0,0,40
44.76,4.3265,-1.1561,-2,0,0,40
44.78,4.3265,-1.1561,-2,0,0,40
44.8,4.3265,-1.1561,-2,0,0,40
44.82,4.3265,-1.1561,-2,0,0,40
44.84,4.3265,-1.1561,-2,0,0,40
44.86,4.3265,-1.1561,-2,0,0,40
44.88,4.3265,-1.1561,-2,0,0,40
44.9,4.3265,-1.1561,-2,0,0,40
44.92,4.3265,-1.1561,-2,0,0,40
44.94,4.3265,-1.1561,-2,0,0,40
44.96,4.3265,-1.1561,-2,0,0,40
44.98,4.3265,-1.1561,-2,0,0,40
45,4.3265,-1.1561,-2,0,0,40
45.02,4.3265,-1.1561,-2,0,0,40
45.04,4.3265,-1.1561,-2,0,0,40
45.06,4.3265,-1.1561,-2,0,0,40
45.08,4.3265,-1.1561,-2,0,0,40
45.1,4.3265,-1.1561,-2,0,0,40
45.12,4.3265,-1.1561,-2,0,0,40
45.14,4.3265,-1.1561,-2,0,0,40
45.16,4.3265,-1.1561,-2,0,0,40
45.18,4.3265,-1.1561,-2,0,0,40
45.2,4.3265,-1.1561,-2,0,0,40
45.22,4.3265,-1.1561,-2,0,0,40
45.24,4.3265,-1.1561,-2,0,0,40
45.26,4.3265,-1.1561,-2,0,0,40
45.28,4.3265,-1.1561,-2,0,0,40
45.3,4.3265,-1.1561,-2,0,0,40
45.32,4.3265,-1.1561,-2,0,0,40
45.34,4.3265,-1.1561,-2,0,0,40
45.36,4.3265,-1.1561,-2,0,0,40
45.38,4.3265,-1.1561,-2,0,0,40
45.4,4.3265,-1.1561,-2,0,0,40
45.42,4.3265,-1.1561,-2,0,0,40
45.44,4.3265,-1.1561,-2,0,0,40
45.46,4.3265,-1.1561,-2,0,0,40
45.48,4.3265,-1.1561,-2,0,0,40
45.5,4.3265,-1.1561,-2,0,0,40
45.52,4.3265,-1.1561,-2,0,0,40
45.54,4.3265,-1.1561,-2,0,0,40
45.56,4.3265,-1.1561,-2,0,0,40
45.58,4.3265,-1.1561,-2,0,0,40
45.6,4.3265,-1.1561,-2,0,0,40
45.62,4.3265,-1.1561,-2,0,0,40
45.64,4.3265,-1.1561,-2,0,0,40
45.66,4.3265,-1.1561,-2,0,0,40
45.68,4.3265,-1.1561,-2,0,0,40
45.7,4.3265,-1.1561,-2,0,0,40
45.72,4.3265,-1.1561,-2,0,0,40
45.74,4.3265,-1.1561,-2,0,0,40
45.76,4.3265,-1.1561,-2,0,0,40
45.78,4.3265,-1.1561,-2,0,0,40
45.8,4.3265,-1.1561,-2,0,0,40
45.82,4.3265,-1.1561,-2,0,0,40
45.84,4.3265,-1.1561,-2,0,0,40
45.86,4.3265,-1.1561,-2,0,0,40
45.88,4.3265,-1.1561,-2,0,0,40
45.9,4.3265,-1.1561,-2,0,0,40
45.92,4.3265,-1.1561,-2,0,0,40
45.94,4.3265,-1.1561,-2,0,0,40
45.96,4.3265,-1.1561,-2,0,0,40
45.98,4.3265,-1.1561,-2,0,0,40
46,4.3265,-1.1561,-2,0,0,40
46.02,4.3265,-1.1561,-2,0,0,40
46.04,4.3265,-1.1561,-2,0,0,40
46.06,4.3265,-1.1561,-2,0,0,40
46.08,4.3265,-1.1561,-2,0,0,40
46.1,4.3265,-1.1561,-2,0,0,40
46.12,4.3265,-1.1561,-2,0,0,40
46.14,4.3265,-1.1561,-2,0,0,40
46.16,4.3265,-1.1561,-2,0,0,40
46.18,4.3265,-1.1561,-2,0,0,40
46.2,4.3265,-1.1561,-2,0,0,40
46.22,4.3265,-1.1561,-2,0,0,40
46.24,4.3265,-1.1561,-2,0,0,40
46.26,4.3265,-1.1561,-2,0,0,40
46.28,4.3265,-1.1561,-2,0,0,40
46.3,4.3265,-1.1561,-2,0,0,40
46.32,4.3265,-1.1561,-2,0,0,40
46.34,4.3265,-1.1561,-2,0,0,40
46.36,4.3265,-1.1561,-2,0,0,40
46.38,4.3265,-1.1561,-2,0,0,40
46.4,4.3265,-1.1561,-2,0,0,40
46.42,4.3265,-1.1561,-2,0,0,40
46.44,4.3265,-1.1561,-2,0,0,40
46.46,4.3265,-1.1561,-2,0,0,40
46.48,4.3265,-1.1561,-2,0,0,40
46.5,4.3265,-1.1561,-2,0,0,40
46.52,4.3265,-1.1561,-2,0,0,40
46.54,4.3265,-1.1561,-2,0,0,40
46.56,4.3265,-1.1561,-2,0,0,40
46.58,4.3265,-1.1561,-2,0,0,40
46.6,4.3265,-1.1561,-2,0,0,40
46.62,4.3265,-1.1561,-2,0,0,40
46.64,4.3265,-1.1561,-2,0,0,40
46.66,4.3265,-1.1561,-2,0,0,40
46.68,4.3265,-1.1561,-2,0,0,40
46.7,4.3265,-1.1561,-2,0,0,40
46.72,4.3265,-1.1561,-2,0,0,40
46.74,4.3265,-1.1561,-2,0,0,40
46.76,4.3265,-1.1561,-2,0,0,40
46.78,4.3265,-1.1561,-2,0,0,40
46.8,4.3265,-1.1561,-2,0,0,40
46.82,4.3265,-1.1561,-2,0,0,40
46.84,4.3265,-1.1561,-2,0,0,40
46.86,4.3265,-1.1561,-2,0,0,40
46.88,4.3265,-1.1561,-2,0,0,40
46.9,4.3265,-1.1561,-2,0,0,40
46.92,4.3265,-1.1561,-2,0,0,40
46.94,4.3265,-1.1561,-2,0,0,40
46.96,4.3265,-1.1561,-2,0,0,40
46.98,4.3265,-1.1561,-2,0,0,40
47,4.3265,-1.1561,-2,0,0,40
47.02,4.3265,-1.1561,-2,0,0,40
47.04,4.3265,-1.1561,-2,0,0,40
47.06,4.3265,-1.1561,-2,0,0,40
47.08,4.3265,-1.1561,-2,0,0,40
47.1,4.3265,-1.1561,-2,0,0,40
47.12,4.3265,-1.1561,-2,0,0,40
47.14,4.3265,-1.1561,-2,0,0,40
47.16,4.3265,-1.1561,-2,0,0,40
47.18,4.3265,-1.1561,-2,0,0,40
47.2,4.3265,-1.1561,-2,0,0,40
47.22,4.3265,-1.1561,-2,0,0,40
47.24,4.3265,-1.1561,-2,0,0,40
47.26,4.3265,-1.1561,-2,0,0,40
47.28,4.3265,-1.1561,-2,0,0,40
47.3,4.3265,-1.1561,-2,0,0,40
47.32,4.3265,-1.1561,-2,0,0,40
47.34,4.3265,-1.1561,-2,0,0,40
47.36,4.3265,-1.1561,-2,0,0,40
47.38,4.3265,-1.1561,-2,0,0,40
47.4,4.3265,-1.1561,-2,0,0,40
47.42,4.3265,-1.1561,-2,0,0,40
47.44,4.3265,-1.1561,-2,0,0,40
47.46,4.3265,-1.1561,-2,0,0,40
47.48,4.3265,-1.1561,-2,0,0,40
47.5,4.3265,-1.1561,-2,0,0,40
47.52,4.3265,-1.1561,-2,0,0,40
47.54,4.3265,-1.1561,-2,0,0,40
47.56,4.3265,-1.1561,-2,0,0,40
47.58,4.3265,-1.1561,-2,0,0,40
47.6,4.3265,-1.1561,-2,0,0,40
47.62,4.3265,-1.1561,-2,0,0,40
47.64,4.3265,-1.1561,-2,0,0,40
47.66,4.3265,-1.1561,-2,0,0,40
47.68,4.3265,-1.1561,-2,0,0,40
47.7,4.3265,-1.1561,-2,0,0,40
47.72,4.3265,-1.1561,-2,0,0,40
47.74,4.3265,-1.1561,-2,0,0,40
47.76,4.3265,-1.1561,-2,0,0,40
47.78,4.3265,-1.1561,-2,0,0,40
47.8,4.3265,-1.1561,-2,0,0,40
47.82,4.3265,-1.1561,-2,0,0,40
47.84,4.3265,-1.1561,-2,0,0,40
47.86,4.3265,-1.1561,-2,0,0,40
47.88,4.3265,-1.1561,-2,0,0,40
47.9,4.3265,-1.1561,-2,0,0,40
47.92,4.3265,-1.1561,-2,0,0,40
47.94,4.3265,-1.1561,-2,0,0,40
47.96,4.3265,-1.1561,-2,0,0,40
47.98,4.3265,-1.1561,-2,0,0,40
48,4.3265,-1.1561,-2,0,0,40
48.02,4.3265,-1.1561,-2,0,0,40
48.04,4.3265,-1.1561,-2,0,0,40
48.06,4.3265,-1.1561,-2,0,0,40
48.08,4.3265,-1.1561,-2,0,0,40
48.1,4.3265,-1.1561,-2,0,0,40
48.12,4.3265,-1.1561,-2,0,0,40
48.14,4.3265,-1.1561,-2,0,0,40
48.16,4.3265,-1.1561,-2,0,0,40
48.18,4.3265,-1.1561,-2,0,0,40
48.2,4.3265,-1.1561,-2,0,0,40
48.22,4.3265,-1.1561,-2,0,0,40
48.24,4.3265,-1.1561,-2,0,0,40
48.26,4.3265,-1.1561,-2,0,0,40
48.28,4.3265,-1.1561,-2,0,0,40
48.3,4.3265,-1.1561,-2,0,0,40
48.32,4.3265,-1.1561,-2,0,0,40
48.34,4.3265,-1.1561,-2,0,0,40
48.36,4.3265,-1.1561,-2,0,0,40
48.38,4.3265,-1.1561,-2,0,0,40
48.4,4.3265,-1.1561,-2,0,0,40
48.42,4.3265,-1.1561,-2,0,0,40
48.44,4.3265,-1.1561,-2,0,0,40
48.46,4.3265,-1.1561,-2,0,0,40
48.48,4.3265,-1.1561,-2,0,0,40
48.5,4.3265,-1.1561,-2,0,0,40
48.52,4.3265,-1.1561,-2,0,0,40
48.54,4.3265,-1.1561,-2,0,0,40
48.56,4.3265,-1.1561,-2,0,0,40
48.58,4.3265,-1.1561,-2,0,0,40
48.6,4.3265,-1.1561,-2,0,0,40
48.62,4.3265,-1.1561,-2,0,0,40
48.64,4.3265,-1.1561,-2,0,0,40
48.66,4.3265,-1.1561,-2,0,0,40
48.68,4.3265,-1.1561,-2,0,0,40
48.7,4.3265,-1.1561,-2,0,0,40
48.72,4.3265,-1.1561,-2,0,0,40
48.74,4.3265,-1.1561,-2,0,0,40
48.76,4.3265,-1.1561,-2,0,0,40
48.78,4.3265,-1.1561,-2,0,0,40
48.8,4.3265,-1.1561,-2,0,0,40
48.82,4.3265,-1.1561,-2,0,0,40
48.84,4.3265,-1.1561,-2,0,0,40
48.86,4.3265,-1.1561,-2,0,0,40
48.88,4.3265,-1.1561,-2,0,0,40
48.9,4.3265,-1.1561,-2,0,0,40
48.92,4.3265,-1.1561,-2,0,0,40
48.94,4.3265,-1.1561,-2,0,0,40
48.96,4.3265,-1.1561,-2,0,0,40
48.98,4.3265,-1.1561,-2,0,0,40
49,4.3265,-1.1561,-2,0,0,40
49.02,4.3265,-1.1561,-2,0,0,40
49.04,4.3265,-1.1561,-2,0,0,40
49.06,4.3265,-1.1561,-2,0,0,40
49.08,4.3265,-1.1561,-2,0,0,40
49.1,4.3265,-1.1561,-2,0,0,40
49.12,4.3265,-1.1561,-2,0,0,40
49.14,4.3265,-1.1561,-2,0,0,40
49.16,4.3265,-1.1561,-2,0,0,40
49.18,4.3265,-1.1561,-2,0,0,40
49.2,4.3265,-1.1561,-2,0,0,40
49.22,4.3265,-1.1561,-2,0,0,40
49.24,4.3265,-1.1561,-2,0,0,40
49.26,4.3265,-1.1561,-2,0,0,40
49.28,4.3265,-1.1561,-2,0,0,40
49.3,4.3265,-1.1561,-2,0,0,40
49.32,4.3265,-1.1561,-2,0,0,40
49.34,4.3265,-1.1561,-2,0,0,40
49.36,4.3265,-1.1561,-2,0,0,40
49.38,4.3265,-1.1561,-2,0,0,40
49.4,4.3265,-1.1561,-2,0,0,40
49.42,4.3265,-1.1561,-2,0,0,40
49.44,4.3265,-1.1561,-2,0,0,40
49.46,4.3265,-1.1561,-2,0,0,40
49.48,4.3265,-1.1561,-2,0,0,40
49.5,4.3265,-1.1561,-2,0,0,40
49.52,4.3265,-1.1561,-2,0,0,40
49.54,4.3265,-1.1561,-2,0,0,40
49.56,4.3265,-1.1561,-2,0,0,40
49.58,4.3265,-1.1561,-2,0,0,40
49.6,4.3265,-1.1561,-2,0,0,40
49.62,4.3265,-1.1561,-2,0,0,40
49.64,4.3265,-1.1561,-2,0,0,40
49.66,4.3265,-1.1561,-2,0,0,40
49.68,4.3265,-1.1561,-2,0,0,40
49.7,4.3265,-1.1561,-2,0,0,40
49.72,4.3265,-1.1561,-2,0,0,40
49.74,4.3265,-1.1561,-2,0,0,40
49.76,4.3265,-1.1561,-2,0,0,40
49.78,4.3265,-1.1561,-2,0,0,40
49.8,4.3265,-1.1561,-2,0,0,40
49.82,4.3265,-1.1561,-2,0,0,40
49.84,4.3265,-1.1561,-2,0,0,40
49.86,4.3265,-1.1561,-2,0,0,40
49.88,4.3265,-1.1561,-2,0,0,40
49.9,4.3265,-1.1561,-2,0,0,40
49.92,4.3265,-1.1561,-2,0,0,40
49.94,4.3265,-1.1561,-2,0,0,40
49.96,4.3265,-1.1561,-2,0,0,40
49.98,4.3265,-1.1561,-2,0,0,40
50,4.3265,-1.1561,-2,0,0,40
50.02,4.3265,-1.1561,-2,0,0,40
50.04,4.3265,-1.1561,-2,0,0,40
50.06,4.3265,-1.1561,-2,0,0,40
50.08,4.3265,-1.1561,-2,0,0,40
50.1,4.3265,-1.1561,-2,0,0,40
50.12,4.3265,-1.1561,-2,0,0,40
50.14,4.3265,-1.1561,-2,0,0,40
50.16,4.3265,-1.1561,-2,0,0,40
50.18,4.3265,-1.1561,-2,0,0,40
50.2,4.3265,-1.1561,-2,0,0,40
50.22,4.3265,-1.1561,-2,0,0,40
50.24,4.3265,-1.1561,-2,0,0,40
50.26,4.3265,-1.1561,-2,0,0,40
50.28,4.3265,-1.1561,-2,0,0,40
50.3,4.3265,-1.1561,-2,0,0,40
50.32,4.3265,-1.1561,-2,0,0,40
50.34,4.3265,-1.1561,-2,0,0,40
50.36,4.3265,-1.1561,-2,0,0,40
50.38,4.3265,-1.1561,-2,0,0,40
50.4,4.3265,-1.1561,-2,0,0,40
50.42,4.3265,-1.1561,-2,0,0,40
50.44,4.3265,-1.1561,-2,0,0,40
50.46,4.3265,-1.1561,-2,0,0,40
50.48,4.3265,-1.1561,-2,0,0,40
50.5,4.3265,-1.1561,-2,0,0,40
50.52,4.3265,-1.1561,-2,0,0,40
50.54,4.3265,-1.1561,-2,0,0,40
50.56,4.3265,-1.1561,-2,0,0,40
50.58,4.3265,-1.1561,-2,0,0,40
50.6,4.3265,-1.1561,-2,0,0,40
50.62,4.3265,-1.1561,-2,0,0,40
50.64,4.3265,-1.1561,-2,0,0,40
50.66,4.3265,-1.1561,-2,0,0,40
50.68,4.3265,-1.1561,-2,0,0,40
50.7,4.3265,-1.1561,-2,0,0,40
50.72,4.3265,-1.1561,-2,0,0,40
50.74,4.3265,-1.1561,-2,0,0,40
50.76,4.3265,-1.1561,-2,0,0,40
50.78,4.3265,-1.1561,-2,0,0,40
50.8,4.3265,-1.1561,-2,0,0,40
50.82,4.3265,-1.1561,-2,0,0,40
50.84,4.3265,-1.1561,-2,0,0,40
50.86,4.3265,-1.1561,-2,0,0,40
50.88,4.3265,-1.1561,-2,0,0,40
50.9,4.3265,-1.1561,-2,0,0,40
50.92,4.3265,-1.1561,-2,0,0,40
50.94,4.3265,-1.1561,-2,0,0,40
50.96,4.3265,-1.1561,-2,0,0,40
50.98,4.3265,-1.1561,-2,0,0,40
51,4.3265,-1.1561,-2,0,0,40
51.02,4.3265,-1.1561,-2,0,0,40
51.04,4.3265,-1.1561,-2,0,0,40
51.06,4.3265,-1.1561,-2,0,0,40
51.08,4.3265,-1.1561,-2,0,0,40
51.1,4.3265,-1.1561,-2,0,0,40
51.12,4.3265,-1.1561,-2,0,0,40
51.14,4.3265,-1.1561,-2,0,0,40
51.16,4.3265,-1.1561,-2,0,0,40
51.18,4.3265,-1.1561,-2,0,0,40
51.2,4.3265,-1.1561,-2,0,0,40
51.22,4.3265,-1.1561,-2,0,0,40
51.24,4.3265,-1.1561,-2,0,0,40
51.26,4.3265,-1.1561,-2,0,0,40
51.28,4.3265,-1.1561,-2,0,0,40
51.3,4.3265,-1.1561,-2,0,0,40
51.32,4.3265,-1.1561,-2,0,0,40
51.34,4.3265,-1.1561,-2,0,0,40
51.36,4.3265,-1.1561,-2,0,0,40
51.38,4.3265,-1.1561,-2,0,0,40
51.4,4.3265,-1.1561,-2,0,0,40
51.42,4.3265,-1.1561,-2,0,0,40
51.44,4.3265,-1.1561,-2,0,0,40
51.46,4.3265,-1.1561,-2,0,0,40
51.48,4.3265,-1.1561,-2,0,0,40
51.5,4.3265,-1.1561,-2,0,0,40
51.52,4.3265,-1.1561,-2,0,0,40
51.54,4.3265,-1.1561,-2,0,0,40
51.56,4.3265,-1.1561,-2,0,0,40
51.58,4.3265,-1.1561,-2,0,0,40
51.6,4.3265,-1.1561,-2,0,0,40
51.62,4.3265,-1.1561,-2,0,0,40
51.64,4.3265,-1.1561,-2,0,0,40
51.66,4.3265,-1.1561,-2,0,0,40
51.68,4.3265,-1.1561,-2,0,0,40
51.7,4.3265,-1.1561,-2,0,0,40
51.72,4.3265,-1.1561,-2,0,0,40
51.74,4.3265,-1.1561,-2,0,0,40
51.76,4.3265,-1.1561,-2,0,0,40
51.78,4.3265,-1.1561,-2,0,0,40
51.8,4.3265,-1.1561,-2,0,0,40
51.82,4.3265,-1.1561,-2,0,0,40
51.84,4.3265,-1.1561,-2,0,0,40
51.86,4.3265,-1.1561,-2,0,0,40
51.88,4.3265,-1.1561,-2,0,0,40
51.9,4.3265,-1.1561,-2,0,0,40
51.92,4.3265,-1.1561,-2,0,0,40
51.94,4.3265,-1.1561,-2,0,0,40
51.96,4.3265,-1.1561,-2,0,0,40
51.98,4.3265,-1.1561,-2,0,0,40
52,4.3265,-1.1561,-2,0,0,40
52.02,4.3265,-1.1561,-2,0,0,40
52.04,4.3265,-1.1561,-2,0,0,40
52.06,4.3265,-1.1561,-2,0,0,40
52.08,4.3265,-1.1561,-2,0,0,40
52.1,4.3265,-1.1561,-2,0,0,40
52.12,4.3265,-1.1561,-2,0,0,40
52.14,4.3265,-1.1561,-2,0,0,40
52.16,4.3265,-1.1561,-2,0,0,40
52.18,4.3265,-1.1561,-2,0,0,40
52.2,4.3265,-1.1561,-2,0,0,40
52.22,4.3265,-1.1561,-2,0,0,40
52.24,4.3265,-1.1561,-2,0,0,40
52.26,4.3265,-1.1561,-2,0,0,40
52.28,4.3265,-1.1561,-2,0,0,40
52.3,4.3265,-1.1561,-2,0,0,40
52.32,4.3265,-1.1561,-2,0,0,40
52.34,4.3265,-1.1561,-2,0,0,40
52.36,4.3265,-1.1561,-2,0,0,40
52.38,4.3265,-1.1561,-2,0,0,40
52.4,4.3265,-1.1561,-2,0,0,40
52.42,4.3265,-1.1561,-2,0,0,40
52.44,4.3265,-1.1561,-2,0,0,40
52.46,4.3265,-1.1561,-2,0,0,40
52.48,4.3265,-1.1561,-2,0,0,40
52.5,4.3265,-1.1561,-2,0,0,40
52.52,4.3265,-1.1561,-2,0,0,40
52.54,4.3265,-1.1561,-2,0,0,40
52.56,4.3265,-1.1561,-2,0,0,40
52.58,4.3265,-1.1561,-2,0,0,40
52.6,4.3265,-1.1561,-2,0,0,40
52.62,4.3265,-1.1561,-2,0,0,40
52.64,4.3265,-1.1561,-2,0,0,40
52.66,4.3265,-1.1561,-2,0,0,40
52.68,4.3265,-1.1561,-2,0,0,40
52.7,4.3265,-1.1561,-2,0,0,40
52.72,4.3265,-1.1561,-2,0,0,40
52.74,4.3265,-1.1561,-2,0,0,40
52.76,4.3265,-1.1561,-2,0,0,40
52.78,4.3265,-1.1561,-2,0,0,40
52.8,4.3265,-1.1561,-2,0,0,40
52.82,4.3265,-1.1561,-2,0,0,40
52.84,4.3265,-1.1561,-2,0,0,40
52.86,4.3265,-1.1561,-2,0,0,40
52.88,4.3265,-1.1561,-2,0,0,40
52.9,4.3265,-1.1561,-2,0,0,40
52.92,4.3265,-1.1561,-2,0,0,40
52.94,4.3265,-1.1561,-2,0,0,40
52.96,4.3265,-1.1561,-2,0,0,40
52.98,4.3265,-1.1561,-2,0,0,40
53,4.3265,-1.1561,-2,0,0,40
53.02,4.3265,-1.1561,-2,0,0,40
53.04,4.3265,-1.1561,-2,0,0,40
53.06,4.3265,-1.1561,-2,0,0,40
53.08,4.3265,-1.1561,-2,0,0,40
53.1,4.3265,-1.1561,-2,0,0,40
53.12,4.3265,-1.1561,-2,0,0,40
53.14,4.3265,-1.1561,-2,0,0,40
53.16,4.3265,-1.1561,-2,0,0,40
53.18,4.3265,-1.1561,-2,0,0,40
53.2,4.3265,-1.1561,-2,0,0,40
53.22,4.3265,-1.1561,-2,0,0,40
53.24,4.3265,-1.1561,-2,0,0,40
53.26,4.3265,-1.1561,-2,0,0,40
53.28,4.3265,-1.1561,-2,0,0,40
53.3,4.3265,-1.1561,-2,0,0,40
53.32,4.3265,-1.1561,-2,0,0,40
53.34,4.3265,-1.1561,-2,0,0,40
53.36,4.3265,-1.1561,-2,0,0,40
53.38,4.3265,-1.1561,-2,0,0,40
53.4,4.3265,-1.1561,-2,0,0,40
53.42,4.3265,-1.1561,-2,0,0,40
53.44,4.3265,-1.1561,-2,0,0,40
53.46,4.3265,-1.1561,-2,0,0,40
53.48,4.3265,-1.1561,-2,0,0,40
53.5,4.3265,-1.1561,-2,0,0,40
53.52,4.3265,-1.1561,-2,0,0,40
53.54,4.3265,-1.1561,-2,0,0,40
53.56,4.3265,-1.1561,-2,0,0,40
53.58,4.3265,-1.1561,-2,0,0,40
53.6,4.3265,-1.1561,-2,0,0,40
53.62,4.3265,-1.1561,-2,0,0,40
53.64,4.3265,-1.1561,-2,0,0,40
53.66,4.3265,-1.1561,-2,0,0,40
53.68,4.3265,-1.1561,-2,0,0,40
53.7,4.3265,-1.1561,-2,0,0,40
53.72,4.3265,-1.1561,-2,0,0,40
53.74,4.3265,-1.1561,-2,0,0,40
53.76,4.3265,-1.1561,-2,0,0,40
53.78,4.3265,-1.1561,-2,0,0,40
53.8,4.3265,-1.1561,-2,0,0,40
53.82,4.3265,-1.1561,-2,0,0,40
53.84,4.3265,-1.1561,-2,0,0,40
53.86,4.3265,-1.1561,-2,0,0,40
53.88,4.3265,-1.1561,-2,0,0,40
53.9,4.3265,-1.1561,-2,0,0,40
53.92,4.3265,-1.1561,-2,0,0,40
53.94,4.3265,-1.1561,-2,0,0,40
53.96,4.3265,-1.1561,-2,0,0,40
53.98,4.3265,-1.1561,-2,0,0,40
54,4.3265,-1.1561,-2,0,0,40
54.02,4.3265,-1.1561,-2,0,0,40
54.04,4.3265,-1.1561,-2,0,0,40
54.06,4.3265,-1.1561,-2,0,0,40
54.08,4.3265,-1.1561,-2,0,0,40
54.1,4.3265,-1.1561,-2,0,0,40
54.12,4.3265,-1.1561,-2,0,0,40
54.14,4.3265,-1.1561,-2,0,0,40
54.16,4.3265,-1.1561,-2,0,0,40
54.18,4.3265,-1.1561,-2,0,0,40
54.2,4.3265,-1.1561,-2,0,0,40
54.22,4.3265,-1.1561,-2,0,0,40
54.24,4.3265,-1.1561,-2,0,0,40
54.26,4.3265,-1.1561,-2,0,0,40
54.28,4.3265,-1.1561,-2,0,0,40
54.3,4.3265,-1.1561,-2,0,0,40
54.32,4.3265,-1.1561,-2,0,0,40
54.34,4.3265,-1.1561,-2,0,0,40
54.36,4.3265,-1.1561,-2,0,0,40
54.38,4.3265,-1.1561,-2,0,0,40
54.4,4.3265,-1.1561,-2,0,0,40
54.42,4.3265,-1.1561,-2,0,0,40
54.44,4.3265,-1.1561,-2,0,0,40
54.46,4.3265,-1.1561,-2,0,0,40
54.48,4.3265,-1.1561,-2,0,0,40
54.5,4.3265,-1.1561,-2,0,0,40
54.52,4.3265,-1.1561,-2,0,0,40
54.54,4.3265,-1.1561,-2,0,0,40
54.56,4.3265,-1.1561,-2,0,0,40
54.58,4.3265,-1.1561,-2,0,0,40
54.6,4.3265,-1.1561,-2,0,0,40
54.62,4.3265,-1.1561,-2,0,0,40
54.64,4.3265,-1.1561,-2,0,0,40
54.66,4.3265,-1.1561,-2,0,0,40
54.68,4.3265,-1.1561,-2,0,0,40
54.7,4.3265,-1.1561,-2,0,0,40
54.72,4.3265,-1.1561,-2,0,0,40
54.74,4.3265,-1.1561,-2,0,0,40
54.76,4.3265,-1.1561,-2,0,0,40
54.78,4.3265,-1.1561,-2,0,0,40
54.8,4.3265,-1.1561,-2,0,0,40
54.82,4.3265,-1.1561,-2,0,0,40
54.84,4.3265,-1.1561,-2,0,0,40
54.86,4.3265,-1.1561,-2,0,0,40
54.88,4.3265,-1.1561,-2,0,0,40
54.9,4.3265,-1.1561,-2,0,0,40
54.92,4.3265,-1.1561,-2,0,0,40
54.94,4.3265,-1.1561,-2,0,0,40
54.96,4.3265,-1.1561,-2,0,0,40
54.98,4.3265,-1.1561,-2,0,0,40
55,4.3265,-1.1561,-2,0,0,40
55.02,4.3265,-1.1561,-2,0,0,40
55.04,4.3265,-1.1561,-2,0,0,40
55.06,4.3265,-1.1561,-2,0,0,40
55.08,4.3265,-1.1561,-2,0,0,40
55.1,4.3265,-1.1561,-2,0,0,40
55.12,4.3265,-1.1561,-2,0,0,40
55.14,4.3265,-1.1561,-2,0,0,40
55.16,4.3265,-1.1561,-2,0,0,40
55.18,4.3265,-1.1561,-2,0,0,40
55.2,4.3265,-1.1561,-2,0,0,40
55.22,4.3265,-1.1561,-2,0,0,40
55.24,4.3265,-1.1561,-2,0,0,40
55.26,4.3265,-1.1561,-2,0,0,40
55.28,4.3265,-1.1561,-2,0,0,40
55.3,4.3265,-1.1561,-2,0,0,40
55.32,4.3265,-1.1561,-2,0,0,40
55.34,4.3265,-1.1561,-2,0,0,40
55.36,4.3265,-1.1561,-2,0,0,40
55.38,4.3265,-1.1561,-2,0,0,40
55.4,4.3265,-1.1561,-2,0,0,40
55.42,4.3265,-1.1561,-2,0,0,40
55.44,4.3265,-1.1561,-2,0,0,40
55.46,4.3265,-1.1561,-2,0,0,40
55.48,4.3265,-1.1561,-2,0,0,40
55.5,4.3265,-1.1561,-2,0,0,40
55.52,4.3265,-1.1561,-2,0,0,40
55.54,4.3265,-1.1561,-2,0,0,40
55.56,4.3265,-1.1561,-2,0,0,40
55.58,4.3265,-1.1561,-2,0,0,40
55.6,4.3265,-1.1561,-2,0,0,40
55.62,4.3265,-1.1561,-2,0,0,40
55.64,4.3265,-1.1561,-2,0,0,40
55.66,4.3265,-1.1561,-2,0,0,40
55.68,4.3265,-1.1561,-2,0,0,40
55.7,4.3265,-1.1561,-2,0,0,40
55.72,4.3265,-1.1561,-2,0,0,40
55.74,4.3265,-1.1561,-2,0,0,40
55.76,4.3265,-1.1561,-2,0,0,40
55.78,4.3265,-1.1561,-2,0,0,40
55.8,4.3265,-1.1561,-2,0,0,40
55.82,4.3265,-1.1561,-2,0,0,40
55.84,4.3265,-1.1561,-2,0,0,40
55.86,4.3265,-1.1561,-2,0,0,40
55.88,4.3265,-1.1561,-2,0,0,40
55.9,4.3265,-1.1561,-2,0,0,40
55.92,4.3265,-1.1561,-2,0,0,40
55.94,4.3265,-1.1561,-2,0,0,40
55.96,4.3265,-1.1561,-2,0,0,40
55.98,4.3265,-1.1561,-2,0,0,40
56,4.3265,-1.1561,-2,0,0,40
56.02,4.3265,-1.1561,-2,0,0,40
56.04,4.3265,-1.1561,-2,0,0,40
56.06,4.3265,-1.1561,-2,0,0,40
56.08,4.3265,-1.1561,-2,0,0,40
56.1,4.3265,-1.1561,-2,0,0,40
56.12,4.3265,-1.1561,-2,0,0,40
56.14,4.3265,-1.1561,-2,0,0,40
56.16,4.3265,-1.1561,-2,0,0,40
56.18,4.3265,-1.1561,-2,0,0,40
56.2,4.3265,-1.1561,-2,0,0,40
56.22,4.3265,-1.1561,-2,0,0,40
56.24,4.3265,-1.1561,-2,0,0,40
56.26,4.3265,-1.1561,-2,0,0,40
56.28,4.3265,-1.1561,-2,0,0,40
56.3,4.3265,-1.1561,-2,0,0,40
56.32,4.3265,-1.1561,-2,0,0,40
56.34,4.3265,-1.1561,-2,0,0,40
56.36,4.3265,-1.1561,-2,0,0,40
56.38,4.3265,-1.1561,-2,0,0,40
56.4,4.3265,-1.1561,-2,0,0,40
56.42,4.3265,-1.1561,-2,0,0,40
56.44,4.3265,-1.1561,-2,0,0,40
56.46,4.3265,-1.1561,-2,0,0,40
56.48,4.3265,-1.1561,-2,0,0,40
56.5,4.3265,-1.1561,-2,0,0,40
56.52,4.3265,-1.1561,-2,0,0,40
56.54,4.3265,-1.1561,-2,0,0,40
56.56,4.3265,-1.1561,-2,0,0,40
56.58,4.3265,-1.1561,-2,0,0,40
56.6,4.3265,-1.1561,-2,0,0,40
56.62,4.3265,-1.1561,-2,0,0,40
56.64,4.3265,-1.1561,-2,0,0,40
56.66,4.3265,-1.1561,-2,0,0,40
56.68,4.3265,-1.1561,-2,0,0,40
56.7,4.3265,-1.1561,-2,0,0,40
56.72,4.3265,-1.1561,-2,0,0,40
56.74,4.3265,-1.1561,-2,0,0,40
56.76,4.3265,-1.1561,-2,0,0,40
56.78,4.3265,-1.1561,-2,0,0,40
56.8,4.3265,-1.1561,-2,0,0,40
56.82,4.3265,-1.1561,-2,0,0,40
56.84,4.3265,-1.1561,-2,0,0,40
56.86,4.3265,-1.1561,-2,0,0,40
56.88,4.3265,-1.1561,-2,0,0,40
56.9,4.3265,-1.1561,-2,0,0,40
56.92,4.3265,-1.1561,-2,0,0,40
56.94,4.3265,-1.1561,-2,0,0,40
56.96,4.3265,-1.1561,-2,0,0,40
56.98,4.3265,-1.1561,-2,0,0,40
57,4.3265,-1.1561,-2,0,0,40
57.02,4.3265,-1.1561,-2,0,0,40
57.04,4.3265,-1.1561,-2,0,0,40
57.06,4.3265,-1.1561,-2,0,0,40
57.08,4.3265,-1.1561,-2,0,0,40
57.1,4.3265,-1.1561,-2,0,0,40
57.12,4.3265,-1.1561,-2,0,0,40
57.14,4.3265,-1.1561,-2,0,0,40
57.16,4.3265,-1.1561,-2,0,0,40
57.18,4.3265,-1.1561,-2,0,0,40
57.2,4.3265,-1.1561,-2,0,0,40
57.22,4.3265,-1.1561,-2,0,0,40
57.24,4.3265,-1.1561,-2,0,0,40
57.26,4.3265,-1.1561,-2,0,0,40
57.28,4.3265,-1.1561,-2,0,0,40
57.3,4.3265,-1.1561,-2,0,0,40
57.32,4.3265,-1.1561,-2,0,0,40
57.34,4.3265,-1.1561,-2,0,0,40
57.36,4.3265,-1.1561,-2,0,0,40
57.38,4.3265,-1.1561,-2,0,0,40
57.4,4.3265,-1.1561,-2,0,0,40
57.42,4.3265,-1.1561,-2,0,0,40
57.44,4.3265,-1.1561,-2,0,0,40
57.46,4.3265,-1.1561,-2,0,0,40
57.48,4.3265,-1.1561,-2,0,0,40
57.5,4.3265,-1.1561,-2,0,0,40
57.52,4.3265,-1.1561,-2,0,0,40
57.54,4.3265,-1.1561,-2,0,0,40
57.56,4.3265,-1.1561,-2,0,0,40
57.58,4.3265,-1.1561,-2,0,0,40
57.6,4.3265,-1.1561,-2,0,0,40
57.62,4.3265,-1.1561,-2,0,0,40
57.64,4.3265,-1.1561,-2,0,0,40
57.66,4.3265,-1.1561,-2,0,0,40
57.68,4.3265,-1.1561,-2,0,0,40
57.7,4.3265,-1.1561,-2,0,0,40
57.72,4.3265,-1.1561,-2,0,0,40
57.74,4.3265,-1.1561,-2,0,0,40
57.76,4.3265,-1.1561,-2,0,0,40
57.78,4.3265,-1.1561,-2,0,0,40
57.8,4.3265,-1.1561,-2,0,0,40
57.82,4.3265,-1.1561,-2,0,0,40
57.84,4.3265,-1.1561,-2,0,0,40
57.86,4.3265,-1.1561,-2,0,0,40
57.88,4.3265,-1.1561,-2,0,0,40
57.9,4.3265,-1.1561,-2,0,0,40
57.92,4.3265,-1.1561,-2,0,0,40
57.94,4.3265,-1.1561,-2,0,0,40
57.96,4.3265,-1.1561,-2,0,0,40
57.98,4.3265,-1.1561,-2,0,0,40
58,4.3265,-1.1561,-2,0,0,40
58.02,4.3265,-1.1561,-2,0,0,40
58.04,4.3265,-1.1561,-2,0,0,40
58.06,4.3265,-1.1561,-2,0,0,40
58.08,4.3265,-1.1561,-2,0,0,40
58.1,4.3265,-1.1561,-2,0,0,40
58.12,4.3265,-1.1561,-2,0,0,40
58.14,4.3265,-1.1561,-2,0,0,40
58.16,4.3265,-1.1561,-2,0,0,40
58.18,4.3265,-1.1561,-2,0,0,40
58.2,4.3265,-1.1561,-2,0,0,40
58.22,4.3265,-1.1561,-2,0,0,40
58.24,4.3265,-1.1561,-2,0,0,40
58.26,4.3265,-1.1561,-2,0,0,40
58.28,4.3265,-1.1561,-2,0,0,40
58.3,4.3265,-1.1561,-2,0,0,40
58.32,4.3265,-1.1561,-2,0,0,40
58.34,4.3265,-1.1561,-2,0,0,40
58.36,4.3265,-1.1561,-2,0,0,40
58.38,4.3265,-1.1561,-2,0,0,40
58.4,4.3265,-1.1561,-2,0,0,40
58.42,4.3265,-1.1561,-2,0,0,40
58.44,4.3265,-1.1561,-2,0,0,40
58.46,4.3265,-1.1561,-2,0,0,40
58.48,4.3265,-1.1561,-2,0,0,40
58.5,4.3265,-1.1561,-2,0,0,40
58.52,4.3265,-1.1561,-2,0,0,40
58.54,4.3265,-1.1561,-2,0,0,40
58.56,4.3265,-1.1561,-2,0,0,40
58.58,4.3265,-1.1561,-2,0,0,40
58.6,4.3265,-1.1561,-2,0,0,40
58.62,4.3265,-1.1561,-2,0,0,40
58.64,4.3265,-1.1561,-2,0,0,40
58.66,4.3265,-1.1561,-2,0,0,40
58.68,4.3265,-1.1561,-2,0,0,40
58.7,4.3265,-1.1561,-2,0,0,40
58.72,4.3265,-1.1561,-2,0,0,40
58.74,4.3265,-1.1561,-2,0,0,40
58.76,4.3265,-1.1561,-2,0,0,40
58.78,4.3265,-1.1561,-2,0,0,40
58.8,4.3265,-1.1561,-2,0,0,40
58.82,4.3265,-1.1561,-2,0,0,40
58.84,4.3265,-1.1561,-2,0,0,40
58.86,4.3265,-1.1561,-2,0,0,40
58.88,4.3265,-1.1561,-2,0,0,40
58.9,4.3265,-1.1561,-2,0,0,40
58.92,4.3265,-1.1561,-2,0,0,40
58.94,4.3265,-1.1561,-2,0,0,40
58.96,4.3265,-1.1561,-2,0,0,40
58.98,4.3265,-1.1561,-2,0,0,40
59,4.3265,-1.1561,-2,0,0,40
59.02,4.3265,-1.1561,-2,0,0,40
59.04,4.3265,-1.1561,-2,0,0,40
59.06,4.3265,-1.1561,-2,0,0,40
59.08,4.3265,-1.1561,-2,0,0,40
59.1,4.3265,-1.1561,-2,0,0,40
59.12,4.3265,-1.1561,-2,0,0,40
59.14,4.3265,-1.1561,-2,0,0,40
59.16,4.3265,-1.1561,-2,0,0,40
59.18,4.3265,-1.1561,-2,0,0,40
59.2,4.3265,-1.1561,-2,0,0,40
59.22,4.3265,-1.1561,-2,0,0,40
59.24,4.3265,-1.1561,-2,0,0,40
59.26,4.3265,-1.1561,-2,0,0,40
59.28,4.3265,-1.1561,-2,0,0,40
59.3,4.3265,-1.1561,-2,0,0,40
59.32,4.3265,-1.1561,-2,0,0,40
59.34,4.3265,-1.1561,-2,0,0,40
59.36,4.3265,-1.1561,-2,0,0,40
59.38,4.3265,-1.1561,-2,0,0,40
59.4,4.3265,-1.1561,-2,0,0,40
59.42,4.3265,-1.1561,-2,0,0,40
59.44,4.3265,-1.1561,-2,0,0,40
59.46,4.3265,-1.1561,-2,0,0,40
59.48,4.3265,-1.1561,-2,0,0,40
59.5,4.3265,-1.1561,-2,0,0,40
59.52,4.3265,-1.1561,-2,0,0,40
59.54,4.3265,-1.1561,-2,0,0,40
59.56,4.3265,-1.1561,-2,0,0,40
59.58,4.3265,-1.1561,-2,0,0,40
59.6,4.3265,-1.1561,-2,0,0,40
59.62,4.3265,-1.1561,-2,0,0,40
59.64,4.3265,-1.1561,-2,0,0,40
59.66,4.3265,-1.1561,-2,0,0,40
59.68,4.3265,-1.1561,-2,0,0,40
59.7,4.3265,-1.1561,-2,0,0,40
59.72,4.3265,-1.1561,-2,0,0,40
59.74,4.3265,-1.1561,-2,0,0,40
59.76,4.3265,-1.1561,-2,0,0,40
59.78,4.3265,-1.1561,-2,0,0,40
59.8,4.3265,-1.1561,-2,0,0,40
59.82,4.3265,-1.1561,-2,0,0,40
59.84,4.3265,-1.1561,-2,0,0,40
59.86,4.3265,-1.1561,-2,0,0,40
59.88,4.3265,-1.1561,-2,0,0,40
59.9,4.3265,-1.1561,-2,0,0,40
59.92,4.3265,-1.1561,-2,0,0,40
59.94,4.3265,-1.1561,-2,0,0,40
59.96,4.3265,-1.1561,-2,0,0,40
59.98,4.3265,-1.1561,-2,0,0,40
60,4.3265,-1.1561,-2,0,0,40
60.02,4.3265,-1.1561,-2,0,0,40
60.04,4.3265,-1.1561,-2,0,0,40
60.06,4.3265,-1.1561,-2,0,0,40
60.08,4.3265,-1.1561,-2,0,0,40
60.1,4.3265,-1.1561,-2,0,0,40
60.12,4.3265,-1.1561,-2,0,0,40
60.14,4.3265,-1.1561,-2,0,0,40
60.16,4.3265,-1.1561,-2,0,0,40
60.18,4.3265,-1.1561,-2,0,0,40
60.2,4.3265,-1.1561,-2,0,0,40
60.22,4.3265,-1.1561,-2,0,0,40
60.24,4.3265,-1.1561,-2,0,0,40
60.26,4.3265,-1.1561,-2,0,0,40
60.28,4.3265,-1.1561,-2,0,0,40
60.3,4.3265,-1.1561,-2,0,0,40
60.32,4.3265,-1.1561,-2,0,0,40
60.34,4.3265,-1.1561,-2,0,0,40
60.36,4.3265,-1.1561,-2,0,0,40
60.38,4.3265,-1.1561,-2,0,0,40
60.4,4.3265,-1.1561,-2,0,0,40
60.42,4.3265,-1.1561,-2,0,0,40
60.44,4.3265,-1.1561,-2,0,0,40
60.46,4.3265,-1.1561,-2,0,0,40
60.48,4.3265,-1.1561,-2,0,0,40
60.5,4.3265,-1.1561,-2,0,0,40
60.52,4.3265,-1.1561,-2,0,0,40
60.54,4.3265,-1.1561,-2,0,0,40
60.56,4.3265,-1.1561,-2,0,0,40
60.58,4.3265,-1.1561,-2,0,0,40
60.6,4.3265,-1.1561,-2,0,0,40
60.62,4.3265,-1.1561,-2,0,0,40
60.64,4.3265,-1.1561,-2,0,0,40
60.66,4.3265,-1.1561,-2,0,0,40
60.68,4.3265,-1.1561,-2,0,0,40
60.7,4.3265,-1.1561,-2,0,0,40
60.72,4.3265,-1.1561,-2,0,0,40
60.74,4.3265,-1.1561,-2,0,0,40
60.76,4.3265,-1.1561,-2,0,0,40
60.78,4.3265,-1.1561,-2,0,0,40
60.8,4.3265,-1.1561,-2,0,0,40
60.82,4.3265,-1.1561,-2,0,0,40
60.84,4.3265,-1.1561,-2,0,0,40
60.86,4.3265,-1.1561,-2,0,0,40
60.88,4.3265,-1.1561,-2,0,0,40
60.9,4.3265,-1.1561,-2,0,0,40
60.92,4.3265,-1.1561,-2,0,0,40
60.94,4.3265,-1.1561,-2,0,0,40
60.96,4.3265,-1.1561,-2,0,0,40
60.98,4.3265,-1.1561,-2,0,0,40
61,4.3265,-1.1561,-2,0,0,40
61.02,4.3265,-1.1561,-2,0,0,40
61.04,4.3265,-1.1561,-2,0,0,40
61.06,4.3265,-1.1561,-2,0,0,40
61.08,4.3265,-1.1561,-2,0,0,40
61.1,4.3265,-1.1561,-2,0,0,40
61.12,4.3265,-1.1561,-2,0,0,40
61.14,4.3265,-1.1561,-2,0,0,40
61.16,4.3265,-1.1561,-2,0,0,40
61.18,4.3265,-1.1561,-2,0,0,40
61.2,4.3265,-1.1561,-2,0,0,40
61.22,4.3265,-1.1561,-2,0,0,40
61.24,4.3265,-1.1561,-2,0,0,40
61.26,4.3265,-1.1561,-2,0,0,40
61.28,4.3265,-1.1561,-2,0,0,40
61.3,4.3265,-1.1561,-2,0,0,40
61.32,4.3265,-1.1561,-2,0,0,40
61.34,4.3265,-1.1561,-2,0,0,40
61.36,4.3265,-1.1561,-2,0,0,40
61.38,4.3265,-1.1561,-2,0,0,40
61.4,4.3265,-1.1561,-2,0,0,40
61.42,4.3265,-1.1561,-2,0,0,40
61.44,4.3265,-1.1561,-2,0,0,40
61.46,4.3265,-1.1561,-2,0,0,40
61.48,4.3265,-1.1561,-2,0,0,40
61.5,4.3265,-1.1561,-2,0,0,40
61.52,4.3265,-1.1561,-2,0,0,40
61.54,4.3265,-1.1561,-2,0,0,40
61.56,4.3265,-1.1561,-2,0,0,40
61.58,4.3265,-1.1561,-2,0,0,40
61.6,4.3265,-1.1561,-2,0,0,40
61.62,4.3265,-1.1561,-2,0,0,40
61.64,4.3265,-1.1561,-2,0,0,40
61.66,4.3265,-1.1561,-2,0,0,40
61.68,4.3265,-1.1561,-2,0,0,40
61.7,4.3265,-1.1561,-2,0,0,40
61.72,4.3265,-1.1561,-2,0,0,40
61.74,4.3265,-1.1561,-2,0,0,40
61.76,4.3265,-1.1561,-2,0,0,40
61.78,4.3265,-1.1561,-2,0,0,40
61.8,4.3265,-1.1561,-2,0,0,40
61.82,4.3265,-1.1561,-2,0,0,40
61.84,4.3265,-1.1561,-2,0,0,40
61.86,4.3265,-1.1561,-2,0,0,40
61.88,4.3265,-1.1561,-2,0,0,40
61.9,4.3265,-1.1561,-2,0,0,40
61.92,4.3265,-1.1561,-2,0,0,40
61.94,4.3265,-1.1561,-2,0,0,40
61.96,4.3265,-1.1561,-2,0,0,40
61.98,4.3265,-1.1561,-2,0,0,40
62,4.3265,-1.1561,-2,0,0,40
62.02,4.3265,-1.1561,-2,0,0,40
62.04,4.3265,-1.1561,-2,0,0,40
62.06,4.3265,-1.1561,-2,0,0,40
62.08,4.3265,-1.1561,-2,0,0,40
62.1,4.3265,-1.1561,-2,0,0,40
62.12,4.3265,-1.1561,-2,0,0,40
62.14,4.3265,-1.1561,-2,0,0,40
62.16,4.3265,-1.1561,-2,0,0,40
62.18,4.3265,-1.1561,-2,0,0,40
62.2,4.3265,-1.1561,-2,0,0,40
62.22,4.3265,-1.1561,-2,0,0,40
62.24,4.3265,-1.1561,-2,0,0,40
62.26,4.3265,-1.1561,-2,0,0,40
62.28,4.3265,-1.1561,-2,0,0,40
62.3,4.3265,-1.1561,-2,0,0,40
62.32,4.3265,-1.1561,-2,0,0,40
62.34,4.3265,-1.1561,-2,0,0,40
62.36,4.3265,-1.1561,-2,0,0,40
62.38,4.3265,-1.1561,-2,0,0,40
62.4,4.3265,-1.1561,-2,0,0,40
62.42,4.3265,-1.1561,-2,0,0,40
62.44,4.3265,-1.1561,-2,0,0,40
62.46,4.3265,-1.1561,-2,0,0,40
62.48,4.3265,-1.1561,-2,0,0,40
62.5,4.3265,-1.1561,-2,0,0,40
62.52,4.3265,-1.1561,-2,0,0,40
62.54,4.3265,-1.1561,-2,0,0,40
62.56,4.3265,-1.1561,-2,0,0,40
