time,pos_x,pos_y,pos_z,rot_x,rot_y,rot_z
45.28,8.2794,-16.4968,6.4222,81.2894,162.658,38.9933
45.3,8.2903,-16.4418,6.6137,82.0052,161.8568,37.6532
45.32,8.3111,-16.4274,6.8774,82.9189,160.4549,35.4208
45.34,8.3758,-16.51,7.6566,85.384,150.7901,24.2805
45.36,8.4158,-16.5683,8.1689,86.8189,137.063,9.6876
45.38,8.4547,-16.6173,8.7464,87.8575,102.1132,333.8943
45.4,8.4979,-16.6233,9.376,87.4209,50.7336,281.6644
45.42,8.5382,-16.608,10.038,85.7447,26.6797,256.8945
45.44,8.6382,-16.481,11.3795,81.4945,12.6114,241.8857
45.46,8.6904,-16.3835,12.0256,79.3579,10.1077,239.0583
45.48,8.7317,-16.2706,12.6388,77.3029,8.4532,237.1909
45.5,8.7773,-16.1453,13.2063,75.3481,7.6209,236.2851
45.52,8.8504,-16.0053,13.7011,73.5422,7.4089,236.0819
45.54,9.0048,-15.7918,14.391,70.9547,7.803,236.5137
45.56,9.1075,-15.6751,14.7519,69.6045,8.1855,236.7716
45.58,9.1913,-15.5989,14.9575,68.7992,8.6882,237.1696
45.6,9.2634,-15.5532,15.0922,68.2446,9.247,237.7785
45.62,9.3233,-15.5431,15.1552,67.9916,9.8053,238.4739
45.64,9.4209,-15.6017,15.0633,68.2748,11.1221,240.0915
45.66,9.4577,-15.7036,14.8862,68.9532,12.0222,241.024
45.68,9.4845,-15.7952,14.6545,69.7941,13.0774,242.0193
45.7,9.4986,-15.9357,14.3521,70.9178,14.2774,243.1728
45.72,9.487,-16.1015,13.9855,72.2857,15.5425,244.5448
45.74,9.4477,-16.4268,13.0628,75.576,19.4029,248.825
45.76,9.423,-16.5904,12.4989,77.4816,22.601,252.338
45.78,9.3783,-16.7417,11.8775,79.4953,27.076,257.2884
45.8,9.3486,-16.8326,11.2113,81.3881,34.4326,265.3635
45.82,9.3031,-16.9045,10.4933,83.1618,46.1158,278.0297
45.84,9.2049,-16.9087,8.9416,84.857,92.0812,326.6196
45.86,9.1461,-16.8345,8.1279,84.0696,117.3431,353.2131
45.88,9.0867,-16.6918,7.3078,82.4383,133.7893,10.9702
45.9,9.0145,-16.5204,6.48,80.3913,144.3141,22.6454
45.92,8.9467,-16.303,5.661,78.1415,150.8439,30.1945
45.94,8.8016,-15.7783,4.1038,73.5347,158.4639,39.6758
45.96,8.7307,-15.4906,3.3837,71.2928,160.7894,42.9296
45.98,8.6589,-15.1998,2.7156,69.1538,162.6309,45.6503
46,8.5826,-14.9067,2.1119,67.1554,164.0985,47.8326
46.02,8.5084,-14.6279,1.5705,65.2874,165.3439,49.491
46.04,8.3683,-14.134,0.7047,62.2059,167.3508,51.831
46.06,8.3059,-13.9325,0.391,61.0653,168.0882,52.5886
46.08,8.2506,-13.7784,0.1542,60.1973,168.7521,53.2364
46.1,8.2013,-13.672,-0.0036,59.6249,169.285,53.6181
46.12,8.1621,-13.6233,-0.0858,59.3175,169.7608,53.8692
46.14,8.1088,-13.6795,-0.0149,59.5978,170.2853,54.0156
46.16,8.0972,-13.7885,0.1403,60.2167,170.3979,53.9701
46.18,8.0938,-13.9502,0.3702,61.0889,170.3965,53.7809
46.2,8.1042,-14.1417,0.6645,62.2008,170.2235,53.388
46.22,8.1194,-14.3667,1.0263,63.533,169.9206,52.8095
46.24,8.1705,-14.8901,1.9343,66.7789,168.8324,51.1739
46.26,8.2087,-15.1692,2.4736,68.6647,167.9455,50.1563
46.28,8.2456,-15.4592,3.0615,70.6572,166.8342,48.9686
46.3,8.2858,-15.7418,3.696,72.7196,165.2923,47.257
46.32,8.3339,-16.0087,4.3622,74.8463,163.2032,44.9209
46.34,8.4347,-16.4734,5.7688,79.1302,156.478,37.773
46.36,8.4773,-16.6557,6.4944,81.2015,150.9204,32.0452
46.38,8.5282,-16.7861,7.2219,83.1828,141.9646,22.938
46.4,8.5811,-16.8837,7.9423,84.8432,126.7823,7.6462
46.42,8.6254,-16.9471,8.6426,85.868,102.3383,342.7303
46.44,8.722,-16.9446,9.9623,84.9173,49.6748,287.9377
46.46,8.7704,-16.9078,10.5715,83.5616,35.8117,272.8457
46.48,8.8225,-16.8349,11.1427,82.0136,27.5662,263.3853
46.5,8.8632,-16.7693,11.6648,80.5196,22.0161,256.6118
46.52,8.9094,-16.6951,12.1357,79.0646,18.3502,251.8751
46.54,8.987,-16.5601,12.8377,76.8571,14.4013,246.1133
46.56,9.031,-16.4992,13.2361,75.6075,12.6245,243.4654
46.58,9.0634,-16.4341,13.5004,74.7273,11.5544,241.7266
46.6,9.1078,-16.416,13.6813,74.157,11.0647,240.6276
46.62,9.143,-16.3947,13.8129,73.7584,10.7684,239.778
46.64,9.1881,-16.4128,13.8935,73.5379,10.6889,239.5806
46.66,9.2081,-16.4388,13.8479,73.7214,10.9792,240.007
46.68,9.2079,-16.5055,13.7261,74.1894,11.3845,240.7525
46.7,9.2168,-16.557,13.5377,74.8176,12.1618,241.954
46.72,9.2118,-16.6124,13.2989,75.5788,13.1987,243.6669
46.74,9.1476,-16.7445,12.6462,77.6644,16.1906,248.8759
46.76,9.1056,-16.805,12.237,78.9104,18.6956,252.6046
46.78,9.0449,-16.8685,11.7795,80.2613,22.1696,257.4881
46.8,9.0034,-16.9193,11.2628,81.6522,27.6564,264.493
46.82,8.9257,-16.9757,10.7195,83.0806,35.448,274.0729
46.84,8.7665,-17.0415,9.5287,85.1933,66.3248,309.2771
46.86,8.6838,-17.0382,8.8958,85.3582,89.6334,334.978
46.88,8.6053,-16.9987,8.244,84.7249,111.2624,358.8673
46.9,8.5422,-16.9216,7.5717,83.4793,126.6079,16.2384
46.92,8.4628,-16.8137,6.9102,81.9533,136.6612,28.2479
46.94,8.3111,-16.522,5.5959,78.4829,148.6391,43.3799
46.96,8.2342,-16.3382,4.9673,76.6921,152.4059,48.1909
46.98,8.1615,-16.1396,4.3659,74.9323,155.337,51.8773
47,8.08,-15.9349,3.8098,73.2441,157.7864,54.8715
47.02,8.0082,-15.7263,3.293,71.6461,159.8536,57.2843
47.04,7.8547,-15.3376,2.4213,68.8099,163.2363,60.5912
47.06,7.7898,-15.17,2.0682,67.6149,164.4973,61.5808
47.08,7.7332,-15.0373,1.7771,66.6218,165.4857,62.4507
47.1,7.6914,-14.9413,1.5477,65.8666,166.2214,63.2735
47.12,7.6598,-14.8793,1.3804,65.2908,166.7279,63.813
47.14,7.6331,-14.8539,1.2279,64.6867,167.1646,63.9142
47.16,7.6411,-14.8849,1.2448,64.7182,167.1266,63.7779
47.18,7.659,-14.9349,1.3205,64.9515,166.9029,63.4092
47.2,7.6875,-15.0219,1.4823,65.447,166.4988,62.628
47.22,7.7269,-15.1311,1.6837,66.0754,166.096,61.6522
47.24,7.824,-15.4034,2.273,67.9646,164.8835,59.1883
47.26,7.8815,-15.5587,2.6558,69.2113,164.0112,57.695
47.28,7.9462,-15.7277,3.0874,70.6034,162.9539,55.9632
47.3,8.0119,-15.9017,3.5675,72.1172,161.6472,53.8531
47.32,8.0803,-16.0822,4.0827,73.6962,160.0337,51.2154
47.34,8.2347,-16.4288,5.1958,77.0001,155.3113,44.1127
47.36,8.3002,-16.5788,5.7992,78.7448,151.7523,39.508
47.38,8.3712,-16.7037,6.4162,80.4814,146.7971,33.6293
47.4,8.4554,-16.7896,7.0363,82.1673,139.413,25.4116
47.42,8.5214,-16.8296,7.6723,83.7224,127.9609,13.2118
47.44,8.6574,-16.8121,8.9015,85.36,87.3658,330.7123
47.46,8.7302,-16.7723,9.4834,85.0414,64.2658,306.4638
47.48,8.7866,-16.7146,10.0488,84.1059,46.7459,287.7724
47.5,8.8497,-16.6499,10.5797,82.868,35.4217,275.1744
47.52,8.9006,-16.5849,11.0795,81.551,27.862,266.2538
47.54,8.9707,-16.4774,11.8682,79.2914,19.7091,255.9124
47.56,9.0109,-16.3663,12.3627,77.7475,16.1175,250.8652
47.58,9.0292,-16.2916,12.712,76.6755,13.7635,247.3661
47.6,9.0556,-16.2289,13.0041,75.7735,12.1556,244.5736
47.62,9.0494,-16.1443,13.2776,74.8745,10.5768,242.0672
47.64,9.0495,-16.0467,13.6619,73.6181,8.2766,238.2266
47.66,9.0525,-16.0166,13.7746,73.2319,7.4462,236.7567
47.68,9.0387,-16.0087,13.8442,73.0366,6.7081,235.5401
47.7,9.0335,-16.0069,13.8551,73.0014,6.223,234.7573
47.72,9.0101,-16.0243,13.822,73.1517,5.7932,234.2656
47.74,8.9432,-16.1083,13.5735,74.0105,5.239,234.0704
47.76,8.9095,-16.1761,13.3619,74.7886,5.3392,234.4692
47.78,8.8658,-16.2548,13.1007,75.7238,5.5612,235.1382
47.8,8.827,-16.3512,12.7769,76.8849,6.0955,236.2078
47.82,8.7605,-16.4306,12.4178,78.1528,6.7897,237.5417
47.84,8.6305,-16.6161,11.5262,81.205,9.5294,241.603
47.86,8.5518,-16.6858,11.015,82.8916,12.2713,245.0598
47.88,8.4827,-16.7321,10.4492,84.6719,17.1828,250.4574
47.9,8.4002,-16.7471,9.846,86.4929,27.4526,260.8676
47.92,8.3282,-16.7185,9.1935,88.0296,58.5922,291.7881
47.94,8.1682,-16.5771,7.7992,86.1964,153.9416,27.1594
47.96,8.1004,-16.4449,7.0744,84.0915,163.8309,37.3919
47.98,8.0388,-16.2949,6.3362,81.8193,168.6005,42.599
48,7.9816,-16.1151,5.6033,79.5198,171.3185,45.8361
48.02,7.9303,-15.9218,4.8819,77.2033,172.9833,48.1262
48.04,7.8565,-15.4752,3.5265,72.7391,174.5815,51.2888
48.06,7.8405,-15.2224,2.9086,70.6397,174.7557,52.0483
48.08,7.8306,-14.9814,2.3383,68.6259,174.7814,52.669
48.1,7.8317,-14.7531,1.8259,66.7924,174.6249,53.3067
48.12,7.8485,-14.5409,1.3809,65.2099,174.2856,54.0715
48.14,7.908,-14.1776,0.6912,62.714,173.371,55.3367
48.16,7.9454,-14.0387,0.4433,61.761,172.9091,55.4851
48.18,7.9832,-13.932,0.2647,61.0537,172.4558,55.3683
48.2,8.025,-13.8695,0.1507,60.5828,172.043,55.1116
48.22,8.0706,-13.8462,0.1062,60.3765,171.6272,54.6964
48.24,8.1577,-13.9243,0.2067,60.6736,170.896,53.8602
48.26,8.2175,-14.0323,0.3761,61.2819,170.3955,53.3492
48.28,8.2726,-14.1747,0.5902,62.0634,169.9485,52.8442
48.3,8.3213,-14.3493,0.8673,63.0461,169.5044,52.2486
48.32,8.3736,-14.5452,1.1983,64.2348,169.04,51.4763
48.34,8.4644,-14.9771,2.0397,67.2133,167.8814,49.4863
48.36,8.5035,-15.2082,2.5404,68.9476,167.2006,48.3633
48.38,8.5443,-15.4387,3.0886,70.8132,166.3394,46.977
48.4,8.5848,-15.6584,3.6846,72.8188,165.1204,45.1774
48.42,8.6212,-15.8733,4.3213,74.9072,163.5324,43.1219
48.44,8.7074,-16.2507,5.6825,79.2605,158.1292,36.6958
48.46,8.7432,-16.3997,6.3969,81.4426,153.2705,31.1659
48.48,8.789,-16.5121,7.1172,83.5159,145.0022,22.0951
48.5,8.8303,-16.5812,7.8487,85.3731,129.1971,5.5313
48.52,8.8622,-16.6517,8.5596,86.5199,101.4951,337.1707
48.54,8.9362,-16.6726,9.7739,85.4597,44.7005,279.2412
48.56,8.9785,-16.6528,10.5933,83.4158,27.5271,261.1843
48.58,8.9975,-16.6108,11.2159,81.6549,20.2884,253.2401
48.6,9.028,-16.5412,11.7917,79.9038,15.9759,248.1122
48.62,9.052,-16.4694,12.3154,78.2575,13.1025,244.5222
48.64,9.1069,-16.2879,13.199,75.3354,9.9066,240.3606
48.66,9.1343,-16.1883,13.5539,74.0899,9.0029,239.1768
48.68,9.1486,-16.0835,13.8512,73.0061,8.2912,238.3015
48.7,9.1688,-15.9852,14.0819,72.1252,7.8204,237.6963
48.72,9.1631,-15.9226,14.2449,71.5261,7.4471,237.3416
48.74,9.165,-15.8116,14.3856,70.8703,7.2572,237.4426
48.76,9.1614,-15.8001,14.3646,70.9042,7.3617,237.7376
48.78,9.1469,-15.8226,14.2917,71.171,7.3991,238.0085
48.8,9.1308,-15.8899,14.1213,71.7822,7.6911,238.4825
48.82,9.1065,-15.9732,13.9085,72.5786,7.9445,238.8673
48.84,9.0433,-16.2049,13.3176,74.8322,8.9437,240.0774
48.86,9.0055,-16.3244,12.9349,76.211,9.8436,241.1076
48.88,8.9773,-16.4516,12.4886,77.8072,11.1011,242.4716
48.9,8.9354,-16.5742,11.9922,79.5557,12.8878,244.3575
48.92,8.9122,-16.6771,11.4407,81.4107,16.2139,247.8036
48.94,8.8525,-16.8401,10.2077,85.2232,31.8536,264.1006
48.96,8.8216,-16.8594,9.548,86.7489,54.4619,287.1331
48.98,8.8105,-16.8462,8.8469,87.1842,97.4246,330.4229
49,8.7965,-16.8022,8.1231,86.0034,132.2578,5.5312
49.02,8.7748,-16.7118,7.4004,84.1216,147.7853,21.2974
49.04,8.7504,-16.399,5.9397,79.7722,159.5247,33.0353
49.06,8.736,-16.1949,5.2225,77.5636,162.3747,35.7531
49.08,8.723,-15.9672,4.5211,75.3705,164.4781,37.7259
49.1,8.7105,-15.7068,3.8562,73.2599,165.9973,39.1849
49.12,8.7062,-15.4346,3.2221,71.2229,167.1019,40.4279
49.14,8.7061,-14.8843,2.0932,67.4506,168.4148,42.4036
49.16,8.7062,-14.6336,1.6088,65.747,168.7994,43.2323
49.18,8.7193,-14.4073,1.1765,64.1743,169.0539,43.8892
49.2,8.7364,-14.2108,0.809,62.8052,169.1161,44.4787
49.22,8.7598,-14.0492,0.5147,61.702,169.0362,45.2223
49.24,8.8139,-13.8376,0.1378,60.2074,168.5561,46.3285
49.26,8.8436,-13.7906,0.054,59.8367,168.1946,46.5616
49.28,8.8695,-13.7902,0.0389,59.7154,167.8487,46.6077
49.3,8.8955,-13.8246,0.087,59.8673,167.4605,46.4605
49.32,8.9186,-13.9099,0.2046,60.2338,167.0944,46.254
49.34,8.9528,-14.1969,0.6544,61.8616,166.2463,45.4726
49.36,8.9655,-14.3802,0.9671,62.9999,165.8056,44.9454
49.38,8.9704,-14.5865,1.3416,64.3472,165.3162,44.3128
49.4,8.9724,-14.8091,1.7724,65.8819,164.7451,43.5675
49.42,8.9634,-15.0456,2.2613,67.5939,164.1136,42.8281
49.44,8.9491,-15.5123,3.3826,71.4563,162.2607,40.6928
49.46,8.9339,-15.7397,4.0127,73.5639,160.8781,39.274
49.48,8.9202,-15.9466,4.6835,75.7546,158.8009,37.2678
49.5,8.9097,-16.1399,5.3804,77.959,155.7247,34.3961
49.52,8.8998,-16.3183,6.1011,80.1276,150.8652,29.9355
49.54,8.8982,-16.5866,7.3624,83.4758,134.7379,13.859
49.56,8.9002,-16.7133,8.2484,85.133,111.7615,350.2621
49.58,8.8978,-16.7828,8.9371,85.5801,85.651,323.4404
49.6,8.9158,-16.7921,9.5961,85.0451,60.4083,297.5114
49.62,8.9204,-16.7654,10.2366,83.8698,42.6267,279.0733
49.64,8.9364,-16.6234,11.4109,80.8047,24.3277,259.49
49.66,8.9541,-16.5328,11.9401,79.2039,19.6717,254.3499
49.68,8.954,-16.4565,12.4283,77.716,16.2127,250.4819
49.7,8.9816,-16.3649,12.8625,76.3077,14.0447,247.8502
49.72,8.993,-16.2925,13.2413,75.1082,12.3843,245.6727
49.74,9.0751,-16.171,13.8127,73.1798,10.8164,243.4612
49.76,9.0986,-16.1246,14.0219,72.5012,10.3517,242.8883
49.78,9.1311,-16.0946,14.1578,72.0148,10.1765,242.6718
49.8,9.1543,-16.0766,14.2402,71.729,10.1088,242.6664
49.82,9.1679,-16.064,14.2664,71.6024,10.2159,242.9031
49.84,9.163,-16.0916,14.1589,71.9873,10.7169,243.7551
49.86,9.16,-16.1298,13.9891,72.5104,11.3322,244.5234
49.88,9.1492,-16.1867,13.7749,73.2253,12.0094,245.3623
49.9,9.1302,-16.2597,13.5063,74.1464,12.8215,246.368
49.92,9.0956,-16.3553,13.1914,75.2718,13.7687,247.5475
49.94,9.0356,-16.5392,12.4019,77.9496,17.1225,251.2206
49.96,9.0133,-16.6295,11.9263,79.5094,19.9248,254.045
49.98,8.9777,-16.7227,11.4005,81.2281,23.917,257.9404
50,8.9574,-16.795,10.8222,82.9654,30.8157,264.6154
50.02,8.9364,-16.8492,10.203,84.6293,42.4005,276.0608
50.04,8.8959,-16.8698,8.8576,86.2574,97.0919,330.0365
50.06,8.8733,-16.8197,8.1495,85.3315,126.3093,359.0755
50.08,8.8608,-16.7287,7.4192,83.6169,143.326,15.9002
50.1,8.8412,-16.5951,6.69,81.5929,152.5515,24.9644
50.12,8.8278,-16.4151,5.9683,79.4858,157.8618,30.2854
50.14,8.8048,-15.9609,4.5916,75.2776,163.4938,36.243
50.16,8.8003,-15.7077,3.947,73.2362,165.0045,37.9936
50.18,8.8005,-15.4504,3.3437,71.2695,165.9818,39.2998
50.2,8.7996,-15.2008,2.7922,69.4086,166.5761,40.3329
50.22,8.8047,-14.9633,2.2916,67.6751,166.9576,41.1417
50.24,8.8232,-14.5558,1.4745,64.748,167.2861,42.6202
50.26,8.8337,-14.396,1.1705,63.6258,167.2765,43.3417
50.28,8.8489,-14.2674,0.9329,62.7364,167.2013,43.8675
50.3,8.8623,-14.1804,0.7597,62.0528,167.1375,44.0823
50.32,8.8728,-14.1319,0.6562,61.6137,167.0617,44.0451
50.34,8.8838,-14.1664,0.6621,61.5975,166.9345,44.1048
50.36,8.888,-14.2291,0.7632,61.9588,166.863,44.0025
50.38,8.8864,-14.3469,0.9516,62.6528,166.7867,43.7604
50.4,8.8848,-14.4906,1.1857,63.511,166.7134,43.4577
50.42,8.8776,-14.6648,1.4811,64.5704,166.6048,43.007
50.44,8.8567,-15.0768,2.2343,67.2025,166.2244,41.6728
50.46,8.8452,-15.3048,2.6801,68.7222,165.9188,40.8206
50.48,8.8255,-15.5483,3.1682,70.3166,165.5634,39.8279
50.5,8.8049,-15.7991,3.6898,71.9899,165.0364,38.6821
50.52,8.7812,-16.0455,4.2457,73.7648,164.305,37.5223
50.54,8.7458,-16.4395,5.2756,76.9769,162.0113,34.9773
50.56,8.7169,-16.6749,6.0399,79.3073,159.2183,32.2084
50.58,8.68,-16.8429,6.6509,81.1293,156.2439,29.3196
50.6,8.6512,-16.9643,7.2588,82.9209,151.407,24.5262
50.62,8.6198,-17.0406,7.8573,84.6197,143.303,16.3628
50.64,8.5529,-17.0643,8.9923,87.2012,103.0561,335.233
50.66,8.5198,-17.0087,9.5273,87.2904,64.3091,295.6833
50.68,8.4957,-16.9194,10.0302,86.3826,35.961,266.3592
50.7,8.4674,-16.7936,10.5218,84.9646,20.913,250.3566
50.72,8.4415,-16.6847,10.9767,83.4953,12.6028,241.2525
50.74,8.4452,-16.4507,11.8058,80.5299,5.6794,233.3494
50.76,8.4622,-16.3453,12.1702,79.1922,4.1751,231.4697
50.78,8.4756,-16.2894,12.4866,78.0938,3.1221,230.066
50.8,8.5156,-16.221,12.766,77.1019,2.7886,229.4988
50.82,8.5661,-16.1527,13.0021,76.2426,2.9382,229.5376
50.84,8.6998,-16.067,13.3223,75.0905,3.9986,230.5237
50.86,8.7708,-16.0687,13.4057,74.8501,4.7678,231.3079
50.88,8.8646,-16.0543,13.449,74.6702,5.9507,232.5419
50.9,8.948,-16.0677,13.4461,74.6713,7.1003,233.8085
50.92,9.0252,-16.1239,13.3954,74.908,8.2942,235.0995
50.94,9.1726,-16.244,13.1603,75.7554,11.0471,237.8634
50.96,9.2238,-16.3413,12.97,76.4765,12.5393,239.3972
50.98,9.2794,-16.3893,12.7446,77.1772,14.321,241.1704
51,9.3312,-16.4619,12.4584,78.1089,16.5172,243.3916
51.02,9.3689,-16.5406,12.1306,79.169,19.1371,246.0559
51.04,9.4232,-16.6931,11.3277,81.6288,27.4953,254.2783
51.06,9.4291,-16.7654,10.85,82.9969,34.6753,261.3997
51.08,9.4386,-16.7932,10.338,84.1961,45.4167,272.1086
51.1,9.4382,-16.7964,9.777,85.1595,61.9233,288.687
51.12,9.4355,-16.7656,9.174,85.5837,85.1047,311.9677
51.14,9.376,-16.6261,7.8641,84.0703,129.4938,356.5657
51.16,9.3401,-16.509,7.1646,82.4496,142.148,9.3403
51.18,9.2918,-16.3658,6.4546,80.5703,150.312,17.671
51.2,9.2241,-16.1961,5.7495,78.5664,155.9308,23.5229
51.22,9.1546,-16.0017,5.0479,76.4928,159.9575,27.7852
51.24,8.9876,-15.5801,3.7106,72.4103,165.6074,34.3279
51.26,8.8982,-15.3496,3.0931,70.4645,167.7038,36.7933
51.28,8.8013,-15.1092,2.5285,68.6284,169.4468,38.6397
51.3,8.6969,-14.8746,2.0269,66.9658,170.8619,40.1038
51.32,8.5952,-14.6495,1.589,65.4838,172.1303,41.109
51.34,8.4008,-14.2785,0.9279,63.2009,174.0465,42.4104
51.36,8.3118,-14.1475,0.7083,62.4146,174.8153,42.755
51.38,8.233,-14.0612,0.5618,61.891,175.456,43.0728
51.4,8.163,-14.0228,0.4957,61.6645,176.001,43.4451
51.42,8.1076,-14.0324,0.5026,61.7137,176.4427,43.8158
51.44,8.021,-14.1831,0.743,62.6448,177.2296,44.5067
51.46,7.9909,-14.3152,0.9776,63.5072,177.5483,44.7346
51.48,7.9737,-14.4745,1.2731,64.5822,177.8248,44.7996
51.5,7.9634,-14.6573,1.6325,65.8632,178.0605,44.8062
51.52,7.9652,-14.8611,2.0508,67.3344,178.2086,44.7587
51.54,7.9996,-15.2484,2.9071,70.2778,178.3021,44.6853
51.56,8.0507,-15.5299,3.6118,72.6591,178.0051,44.531
51.58,8.1006,-15.7487,4.2299,74.7289,177.5197,44.2496
51.6,8.1694,-15.9559,4.8786,76.8727,176.6419,43.5402
51.62,8.2445,-16.1404,5.5649,79.1036,175.2249,42.4002
51.64,8.4345,-16.4236,7.0013,83.6943,168.0382,35.7945
51.66,8.5404,-16.5256,7.7373,85.8982,157.9522,25.8909
51.68,8.6351,-16.5953,8.4847,87.7345,128.4139,356.5866
51.7,8.752,-16.6352,9.2187,87.7207,65.5229,293.7382
51.72,8.8634,-16.6603,9.9301,86.0246,35.9866,264.1833
51.74,9.0686,-16.6302,11.2843,81.9642,20.694,248.7589
51.76,9.1611,-16.5768,11.9128,79.9828,17.9536,245.9015
51.78,9.2465,-16.5133,12.4932,78.1459,16.1758,244.063
51.8,9.3277,-16.4363,13.0219,76.4056,15.0584,243.003
51.82,9.4028,-16.3523,13.4956,74.8567,14.387,242.3742
51.84,9.5584,-16.177,14.247,72.2434,13.4379,241.5789
51.86,9.6204,-16.1076,14.5344,71.2043,13.3314,241.9225
51.88,9.6665,-16.0606,14.757,70.4118,13.2913,242.204
51.9,9.7161,-16.0131,14.9112,69.809,13.4159,242.4562
51.92,9.7291,-15.9912,15.0134,69.4484,13.4219,242.5835
51.94,9.7359,-15.9994,15.0176,69.3847,13.4998,243.0925
51.96,9.7169,-16.0292,14.9382,69.7014,13.5578,243.4739
51.98,9.6748,-16.0863,14.7626,70.2641,13.6561,243.8795
52,9.6206,-16.1605,14.5468,71.0438,13.6638,244.1051
52.02,9.5434,-16.2483,14.2773,72.0364,13.7934,244.4426
52.04,9.3913,-16.4468,13.5434,74.6381,14.441,245.2736
52.06,9.3064,-16.5553,13.0854,76.2516,15.1353,246.0199
52.08,9.2135,-16.6432,12.5782,77.9663,16.2159,247.1928
52.1,9.1365,-16.7332,12.0023,79.8558,18.2154,249.2228
52.12,9.0492,-16.7987,11.3786,81.865,21.376,252.2919
52.14,8.899,-16.8472,9.9888,85.9238,40.7777,271.3734
52.16,8.8212,-16.8356,9.2395,87.3482,74.824,304.9629
52.18,8.7598,-16.7837,8.4474,86.8817,126.4972,355.8935
52.2,8.6919,-16.6975,7.6473,85.026,150.9961,20.4959
52.22,8.6401,-16.5491,6.8248,82.6779,160.8841,30.2794
52.24,8.5377,-16.1173,5.1843,77.6632,168.8497,38.2488
52.26,8.4986,-15.8476,4.3884,75.1506,170.5701,40.2263
52.28,8.469,-15.5521,3.6263,72.701,171.5795,41.6932
52.3,8.4438,-15.241,2.9121,70.347,172.1961,42.9073
52.32,8.4279,-14.9295,2.2495,68.0905,172.5358,43.8902
52.34,8.4188,-14.3381,1.1227,64.0689,172.6054,45.1963
52.36,8.4261,-14.0799,0.6718,62.4021,172.4685,45.6874
52.38,8.4431,-13.8671,0.3008,60.9899,172.3034,46.2352
52.4,8.4686,-13.6942,0.0195,59.9122,172.0213,46.731
52.42,8.5033,-13.5766,-0.1782,59.1323,171.6543,47.0916
52.44,8.5865,-13.5169,-0.3345,58.4679,170.8598,47.201
52.46,8.6316,-13.5612,-0.2989,58.5862,170.4466,46.9611
52.48,8.6831,-13.6495,-0.1884,58.9822,170.0141,46.6654
52.5,8.741,-13.7971,0.0149,59.7262,169.4949,46.1446
52.52,8.7955,-13.9707,0.2768,60.6701,168.9929,45.4956
52.54,8.8936,-14.3422,0.8975,62.8906,167.9304,44.094
52.56,8.9652,-14.6429,1.4583,64.8651,166.9396,42.7995
52.58,9.0273,-14.8939,1.9708,66.6278,165.9538,41.6123
52.6,9.087,-15.1635,2.5375,68.5113,164.6913,40.4997
52.62,9.1518,-15.4413,3.1547,70.5212,163.0309,39.3721
52.64,9.2925,-15.9821,4.5211,74.7451,157.3393,35.3575
52.66,9.3584,-16.2476,5.2511,76.8571,152.9427,31.7813
52.68,9.4224,-16.4709,6.0033,78.9226,146.8422,26.0431
52.7,9.4791,-16.6578,6.759,80.8329,138.572,17.6857
52.72,9.5158,-16.7962,7.525,82.4922,126.7947,5.5207
52.74,9.588,-16.9113,9.0148,84.1971,88.0167,325.4133
52.76,9.6158,-16.909,9.7337,83.8174,66.2658,303.0402
52.78,9.6478,-16.8819,10.4145,82.769,49.8499,285.9977
52.8,9.6849,-16.8275,11.0567,81.351,38.6641,274.247
52.82,9.7049,-16.7745,11.662,79.8387,31.2188,266.3336
52.84,9.7686,-16.6098,12.7212,76.7592,22.8864,257.2289
52.86,9.7937,-16.5184,13.175,75.3479,20.4455,254.5477
52.88,9.8118,-16.4444,13.5645,74.1192,18.6767,252.5942
52.9,9.839,-16.3605,13.894,73.0346,17.3843,251.1659
52.92,9.8391,-16.2832,14.1687,72.114,16.4396,250.1561
52.94,9.8671,-16.1836,14.5107,70.854,14.9294,248.9065
52.96,9.849,-16.1735,14.5959,70.5945,14.5282,248.5898
52.98,9.8199,-16.1657,14.6278,70.5013,14.1456,248.3766
53,9.7923,-16.1958,14.5957,70.6521,13.8012,248.174
53.02,9.734,-16.2409,14.5148,71,13.3687,248.0378
53.04,9.5866,-16.3929,14.1514,72.2976,12.6827,248.7352
53.06,9.5006,-16.4837,13.8846,73.2538,12.4926,249.2334
53.08,9.4092,-16.5459,13.5697,74.3272,12.4459,249.7973
53.1,9.3146,-16.6477,13.1754,75.6831,12.4759,250.3282
53.12,9.212,-16.7208,12.7356,77.1378,12.734,250.9126
53.14,8.9966,-16.8404,11.6918,80.538,14.369,252.7671
53.16,8.8892,-16.8758,11.0952,82.4658,16.3225,254.6607
53.18,8.7937,-16.8706,10.4608,84.389,20.2001,258.7061
53.2,8.702,-16.8328,9.7913,86.3122,29.491,268.0677
53.22,8.6205,-16.7764,9.0793,88.0272,60.1918,298.4445
53.24,8.4837,-16.5675,7.6036,85.9909,155.1749,32.6084
53.26,8.4379,-16.4137,6.8527,83.7771,163.6447,40.7816
53.28,8.4002,-16.236,6.1098,81.504,167.6064,44.579
53.3,8.3676,-16.0417,5.3816,79.204,169.7119,46.5946
53.32,8.3491,-15.8261,4.6735,76.9053,170.936,47.6802
53.34,8.3538,-15.3465,3.3672,72.5749,171.9801,48.5703
53.36,8.3618,-15.0991,2.7968,70.6147,172.1126,48.8506
53.38,8.3851,-14.8703,2.2718,68.7443,172.1616,49.1037
53.4,8.4108,-14.6632,1.8075,67.0022,172.0785,49.1421
53.42,8.4503,-14.4853,1.4008,65.4477,171.883,49.0282
53.44,8.5372,-14.2454,0.8089,63.1285,171.3023,49.0199
53.46,8.5917,-14.1672,0.6256,62.391,170.9041,48.8044
53.48,8.6421,-14.1197,0.5265,61.9561,170.4495,48.4843
53.5,8.6915,-14.1086,0.5048,61.8159,169.9635,48.0909
53.52,8.7388,-14.1328,0.5506,61.9443,169.461,47.6395
53.54,8.8298,-14.2786,0.8043,62.7797,168.4528,46.4578
53.56,8.8835,-14.453,1.0989,63.7928,167.734,45.4888
53.58,8.9223,-14.629,1.4,64.8385,167.1504,44.7432
53.6,8.9546,-14.8258,1.758,66.072,166.5462,43.9512
53.62,8.9826,-15.0378,2.1668,67.4622,165.914,43.0613
53.64,9.0221,-15.494,3.1241,70.6078,164.6379,41.2655
53.66,9.0335,-15.733,3.6648,72.3333,163.9588,40.411
53.68,9.0469,-15.9751,4.2422,74.1545,163.0219,39.3545
53.7,9.0543,-16.2166,4.8508,76.042,161.8316,37.9036
53.72,9.0674,-16.4433,5.4837,77.9722,160.0972,35.7778
53.74,9.0875,-16.7959,6.8155,81.9222,153.1253,27.7361
53.76,9.098,-16.9015,7.5046,83.8652,145.4203,19.5219
53.78,9.1212,-16.9784,8.1847,85.5522,130.9303,4.5796
53.8,9.1504,-17.0225,8.8602,86.6326,103.2524,336.4646
53.82,9.1734,-17.0317,9.5278,86.509,66.9625,299.7796
53.84,9.281,-16.9783,10.7716,83.6508,31.2953,263.4072
53.86,9.3099,-16.9238,11.3634,81.9262,24.6182,256.6354
53.88,9.3565,-16.8656,11.9061,80.2456,20.6906,252.7136
53.9,9.4113,-16.78,12.4072,78.6126,18.5791,250.6673
53.92,9.4638,-16.7021,12.8578,77.1146,17.1858,249.4336
53.94,9.5696,-16.5584,13.5925,74.6604,15.9183,248.6287
53.96,9.6062,-16.5098,13.8774,73.7149,15.5479,248.5936
53.98,9.6317,-16.4608,14.1105,72.9299,15.2216,248.6252
54,9.6552,-16.4444,14.2758,72.3501,15.0129,248.7934
54.02,9.6626,-16.461,14.3776,72.0416,14.7609,248.8177
54.04,9.6542,-16.5077,14.3848,72.0457,14.5363,248.5531
54.06,9.6381,-16.5408,14.2934,72.3854,14.4876,248.2146
54.08,9.5989,-16.5977,14.1081,73.0659,14.3749,247.7589
54.1,9.55,-16.6451,13.8825,73.8533,14.4109,247.5646
54.12,9.5018,-16.7128,13.5899,74.8686,14.6149,247.5973
54.14,9.3617,-16.8373,12.8713,77.2789,15.6057,248.5045
54.16,9.2872,-16.898,12.4338,78.7064,16.8032,249.5794
54.18,9.208,-16.9629,11.949,80.2955,18.6456,251.3366
54.2,9.1369,-16.9951,11.4256,81.8919,21.7857,254.6111
54.22,9.0595,-17.0174,10.861,83.5236,27.1644,260.5446
54.24,8.9698,-16.9401,9.6256,86.1384,56.3129,291.9928
54.26,8.9385,-16.8538,8.959,86.5509,86.6148,323.5614
54.28,8.9186,-16.7262,8.2778,85.8708,115.1431,353.2869
54.3,8.9102,-16.5918,7.5695,84.4268,133.5528,12.7915
54.32,8.9187,-16.4204,6.8581,82.6254,143.4427,23.4972
54.34,8.9538,-16.0643,5.4291,78.4762,153.9444,34.8039
54.36,8.9858,-15.8686,4.7401,76.3521,156.6656,37.8779
54.38,9.0104,-15.6688,4.0924,74.3072,158.6319,40.4146
54.4,9.0402,-15.4593,3.4891,72.385,160.0508,42.4867
54.42,9.0781,-15.2438,2.9326,70.5827,161.0526,44.214
54.44,9.1496,-14.8124,2.0102,67.5655,162.2776,47.0915
54.46,9.1735,-14.6189,1.6515,66.3483,162.6057,48.1059
54.48,9.2059,-14.4447,1.3542,65.342,162.7637,48.8524
54.5,9.2292,-14.3098,1.135,64.6312,162.7765,49.8447
54.52,9.252,-14.2188,0.9815,64.1428,162.7028,50.8739
54.54,9.2848,-14.1451,0.8611,63.7443,162.3172,51.837
54.56,9.2919,-14.1758,0.8861,63.8223,162.0224,52.0744
54.58,9.2949,-14.232,0.9654,64.1234,161.7015,51.9685
54.6,9.289,-14.34,1.1335,64.6943,161.2982,51.7774
54.62,9.2772,-14.4717,1.3406,65.4482,160.946,51.5131
54.64,9.2202,-14.7978,1.9259,67.5097,160.159,50.4167
54.66,9.1777,-14.9831,2.2964,68.8137,159.7542,49.6794
54.68,9.1268,-15.1818,2.7129,70.2603,159.3848,48.871
54.7,9.0612,-15.3753,3.1846,71.8749,158.9125,47.887
54.72,8.9968,-15.5611,3.6961,73.6273,158.3616,46.5172
54.74,8.8623,-15.8896,4.856,77.5202,156.3534,42.8174
54.76,8.7954,-16.0137,5.5027,79.6389,154.2051,39.6814
54.78,8.7387,-16.1092,6.1812,81.8182,150.3552,34.7238
54.8,8.6763,-16.1957,6.8883,83.9819,143.616,27.0184
54.82,8.6527,-16.2208,7.6228,86.0006,126.539,9.0063
54.84,8.6167,-16.2451,9.126,86.402,43.8658,285.3269
54.86,8.6375,-16.2153,9.8771,84.3948,23.9425,265.2564
54.88,8.6646,-16.1883,10.6037,82.1819,16.3011,257.5722
54.9,8.7236,-16.1343,11.2958,79.9807,12.943,254.1327
54.92,8.7538,-16.0815,11.9664,77.8983,10.7339,251.8095
54.94,8.8909,-15.9385,13.15,74.1215,9.3143,250.0796
54.96,8.9838,-15.8599,13.6511,72.4727,9.2267,249.7345
54.98,9.0906,-15.8031,14.0706,71.1141,9.4644,249.6817
55,9.211,-15.7022,14.4396,69.7739,9.9905,250.0977
55.02,9.3335,-15.6436,14.7229,68.7433,10.5247,250.6863
55.04,9.5413,-15.4875,15.1251,67.208,11.5355,251.6058
55.06,9.613,-15.4298,15.243,66.7644,11.876,251.7184
55.08,9.6885,-15.4144,15.2874,66.5963,12.3797,251.9242
55.1,9.7454,-15.4431,15.2731,66.6799,12.8577,252.0797
55.12,9.7844,-15.5078,15.2087,67.0227,13.408,252.2676
55.14,9.8675,-15.7393,14.8497,68.4116,14.8792,253.0203
55.16,9.8704,-15.8802,14.5985,69.443,15.6688,253.6009
55.18,9.8638,-16.0239,14.27,70.6586,16.7201,254.5633
55.2,9.8503,-16.173,13.8732,72.0695,18.1162,255.8873
55.22,9.8227,-16.3005,13.4194,73.5925,19.8331,257.7906
55.24,9.7587,-16.508,12.3083,76.9867,25.1565,263.8559
55.26,9.7305,-16.5507,11.6587,78.7729,29.4471,268.5783
55.28,9.6768,-16.5854,10.9595,80.6366,35.7691,275.4156
55.3,9.6221,-16.5929,10.2138,82.4155,45.586,285.6161
55.32,9.5794,-16.5604,9.4196,83.8766,61.9534,302.294
55.34,9.4555,-16.4144,7.7617,84.281,113.0129,353.8777
55.36,9.3884,-16.2748,6.9247,82.8871,132.9423,14.1031
55.38,9.3267,-16.1019,6.0835,80.9105,145.5249,26.9434
55.4,9.265,-15.8965,5.2608,78.6983,153.3493,35.0272
55.42,9.2103,-15.6448,4.4626,76.3632,158.3053,40.0116
55.44,9.08,-15.1215,2.9849,71.589,164.6898,45.67
55.46,9.0135,-14.8696,2.3228,69.2973,166.7765,47.3354
55.48,8.9508,-14.6506,1.7294,67.2585,168.3902,49.0419
55.5,8.8979,-14.4471,1.209,65.4481,169.6338,50.5872
55.52,8.8406,-14.2579,0.7749,63.8867,170.6088,51.6805
55.54,8.7572,-13.9709,0.2192,61.7953,171.7939,52.8697
55.56,8.7096,-13.8268,-0.0085,60.9193,172.2514,53.5898
55.58,8.6848,-13.764,-0.0975,60.5816,172.4236,54.184
55.6,8.6679,-13.7551,-0.1101,60.5193,172.4426,54.6488
55.62,8.6577,-13.7911,-0.052,60.7204,172.3261,54.9433
55.64,8.6597,-14.0212,0.2811,61.935,171.862,55.0084
55.66,8.6671,-14.1929,0.5467,62.8967,171.568,54.6838
55.68,8.6721,-14.3947,0.8811,64.0989,171.2459,54.1792
55.7,8.6802,-14.616,1.2827,65.5357,170.8869,53.5653
55.72,8.6931,-14.8494,1.7491,67.2062,170.4673,52.86
55.74,8.7129,-15.3369,2.8722,71.0897,169.3787,51.2155
55.76,8.7334,-15.569,3.5124,73.2614,168.4709,49.9593
55.78,8.7505,-15.7989,4.1989,75.5272,167.3097,48.4111
55.8,8.77,-16.003,4.9282,77.8856,165.4631,46.0918
55.82,8.7976,-16.1853,5.679,80.2535,162.6233,42.6157
55.84,8.8746,-16.4638,7.2074,84.7671,149.4619,27.4845
55.86,8.9235,-16.5487,7.9739,86.6812,129.5806,6.5821
55.88,8.9807,-16.6098,8.7241,87.5319,84.7748,321.0027
55.9,9.0487,-16.642,9.4561,86.5106,43.5151,279.207
55.92,9.1244,-16.6464,10.1589,84.6606,26.6574,262.0659
55.94,9.2712,-16.6109,11.4412,80.8586,15.7118,250.6405
55.96,9.3616,-16.564,12.0004,79.1078,13.891,248.4583
55.98,9.4446,-16.5129,12.5051,77.5309,12.7775,246.9691
56,9.5223,-16.4558,12.9584,76.0699,12.1944,246.0874
56.02,9.5948,-16.4094,13.3481,74.7915,11.6738,245.4615
56.04,9.7242,-16.3055,13.9472,72.7115,11.4001,245.1867
56.06,9.769,-16.2733,14.1482,72.0461,11.3583,245.0265
56.08,9.8021,-16.237,14.2864,71.555,11.3868,244.9496
56.1,9.812,-16.2189,14.3633,71.318,11.3883,244.8935
56.12,9.7928,-16.2193,14.3806,71.2984,11.2594,244.8082
56.14,9.743,-16.2445,14.2219,71.8497,11.2656,244.8225
56.16,9.702,-16.2935,14.0186,72.5496,11.3785,244.9254
56.18,9.6302,-16.3614,13.7757,73.4211,11.3726,245.0025
56.2,9.5669,-16.4431,13.4631,74.5222,11.5966,245.2816
56.22,9.4838,-16.5361,13.0946,75.815,11.8335,245.6094
56.24,9.3255,-16.6961,12.1892,78.824,13.207,247.1656
56.26,9.2432,-16.7634,11.6489,80.5607,14.6809,248.7548
56.28,9.1655,-16.7908,11.0657,82.3624,16.9611,251.0578
56.3,9.0889,-16.7955,10.4423,84.2347,21.2051,255.3254
56.32,9.0241,-16.7529,9.7874,86.0377,30.3873,264.6189
56.34,8.9053,-16.6275,8.3917,87.8974,113.6949,348.1603
56.36,8.8612,-16.5245,7.6775,86.3726,146.6419,21.3594
56.38,8.84,-16.3899,6.9596,84.3662,157.8658,32.8324
56.4,8.8204,-16.243,6.2492,82.2321,162.9049,38.1855
56.42,8.8115,-16.068,5.5604,80.1091,165.3837,41.0597
56.44,8.818,-15.7192,4.2367,75.7921,168.0394,45.0546
56.46,8.8371,-15.5388,3.6256,73.6627,168.523,46.5425
56.48,8.8643,-15.3865,3.0483,71.5891,168.7949,48.0196
56.5,8.8997,-15.2588,2.5208,69.6778,168.8127,49.4349
56.52,8.933,-15.151,2.0477,67.9264,168.7939,50.7071
56.54,8.9987,-14.9492,1.3816,65.4255,168.4834,51.7256
56.56,9.0345,-14.8274,1.039,64.1168,168.2251,51.9757
56.58,9.0572,-14.7474,0.8512,63.3998,168.0392,52.1674
56.6,9.0756,-14.6843,0.7347,62.9629,167.8448,52.2153
56.62,9.0851,-14.6509,0.6872,62.7733,167.6971,52.1528
56.64,9.0904,-14.6731,0.7806,63.0954,167.3858,51.7439
56.66,9.0837,-14.749,0.9402,63.6555,167.2016,51.4534
56.68,9.0747,-14.8579,1.1468,64.3949,167.0756,51.1009
56.7,9.0654,-14.9896,1.4119,65.362,166.9316,50.697
56.72,9.0472,-15.1479,1.7425,66.5545,166.8074,50.3068
56.74,8.9943,-15.4944,2.5896,69.5769,166.5495,49.2333
56.76,8.9627,-15.663,3.1073,71.4142,166.3269,48.5403
56.78,8.922,-15.8547,3.6701,73.3483,166.2951,48.0239
56.8,8.8898,-16.0233,4.2766,75.4285,165.9724,46.7553
56.82,8.8536,-16.1894,4.9218,77.5818,165.5573,45.1111
56.84,8.8021,-16.4557,6.3194,82.2061,162.9697,40.2595
56.86,8.7898,-16.5438,7.0519,84.5982,159.0069,35.2976
56.88,8.7762,-16.6216,7.7939,86.8767,149.4833,24.828
56.9,8.7802,-16.6739,8.53,88.7687,103.3118,337.867
56.92,8.7932,-16.7202,9.251,87.7984,26.6517,260.6899
56.94,8.8709,-16.6766,10.6453,83.4456,7.893,241.1811
56.96,8.9109,-16.6487,11.2869,81.4359,6.1651,239.2433
56.98,8.9691,-16.5919,11.8831,79.4997,5.4631,238.3544
57,9.0269,-16.5227,12.4348,77.7113,5.2831,238.054
57.02,9.0763,-16.4314,12.9481,76.0357,5.2636,237.9542
57.04,9.2027,-16.2705,13.7625,73.313,5.7057,238.0511
57.06,9.2413,-16.1896,14.0826,72.2501,5.9044,238.0506
57.08,9.2816,-16.1145,14.328,71.3921,5.912,237.7687
57.1,9.2876,-16.0428,14.5147,70.7774,5.8871,237.4911
57.12,9.289,-15.9716,14.6216,70.3838,5.8614,237.3149
57.14,9.2634,-15.9026,14.622,70.2801,5.6744,237.4647
57.16,9.2335,-15.8929,14.5396,70.536,5.5895,237.7727
57.18,9.1988,-15.9409,14.3404,71.1977,5.4638,237.9622
57.2,9.1523,-16.0007,14.1075,71.9997,5.4136,238.1203
57.22,9.1011,-16.1006,13.8139,73.0615,5.3235,238.1661
57.24,8.987,-16.3496,13.0519,75.7476,5.5056,238.7529
57.26,8.9381,-16.4834,12.5764,77.376,5.975,239.3531
57.28,8.8848,-16.5892,12.051,79.1479,6.6205,240.0106
57.3,8.8215,-16.6869,11.4636,81.106,7.758,241.0556
57.32,8.7683,-16.7346,10.8342,83.117,10.1154,243.3715
57.34,8.6783,-16.7402,9.4383,87.2725,29.1261,262.6139
57.36,8.6534,-16.6815,8.6929,88.5313,85.9555,319.6754
57.38,8.6405,-16.5953,7.9183,87.1719,144.357,18.2324
57.4,8.6305,-16.4738,7.1379,84.9342,158.6293,32.6332
57.42,8.6255,-16.3225,6.3541,82.5228,163.8433,38.0036
57.44,8.6589,-15.9227,4.83,77.7132,167.6593,42.2625
57.46,8.6826,-15.6906,4.1102,75.3774,168.5572,43.4135
57.48,8.7163,-15.4448,3.4284,73.1188,169.1382,44.1754
57.5,8.752,-15.1942,2.8018,70.9944,169.4956,44.6805
57.52,8.7904,-14.9487,2.2358,69.0294,169.7147,44.9876
57.54,8.8715,-14.5523,1.4096,66.089,169.793,45.1674
57.56,8.9379,-14.3141,0.9586,64.4266,169.6792,44.9206
57.58,8.9915,-14.1688,0.6891,63.3969,169.5122,44.6689
57.6,9.0485,-14.0694,0.5036,62.6503,169.2263,44.3819
57.62,9.1164,-14.0118,0.3936,62.1898,168.8444,44.0061
57.64,9.2428,-14.0506,0.4092,62.0991,167.883,43.1837
57.66,9.3093,-14.1388,0.5276,62.4201,167.3311,42.6815
57.68,9.3737,-14.2793,0.7264,63.0504,166.6742,42.0772
57.7,9.4353,-14.4471,0.9823,63.9134,165.9604,41.5491
57.72,9.486,-14.6395,1.3063,65.013,165.2023,40.9376
57.74,9.5588,-15.0786,2.1198,67.6952,163.5365,38.8865
57.76,9.5825,-15.3175,2.5947,69.2098,162.5626,37.4763
57.78,9.5892,-15.565,3.1137,70.8311,161.5204,35.9992
57.8,9.5901,-15.8197,3.6647,72.5264,160.2908,34.4923
57.82,9.5823,-16.0741,4.2455,74.2899,158.7827,32.9438
57.84,9.5416,-16.5382,5.4623,77.8742,154.2924,28.4618
57.86,9.4978,-16.7295,6.094,79.699,151.1058,25.2036
57.88,9.4554,-16.8878,6.7186,81.5047,146.8724,20.77
57.9,9.4015,-16.9917,7.3476,83.305,140.3709,14.0528
57.92,9.3452,-17.0513,7.9695,84.9739,129.3492,2.7962
57.94,9.2222,-17.0516,9.1868,86.8078,76.0696,308.9992
57.96,9.1675,-17.0122,9.7667,86.1592,45.0971,277.9012
57.98,9.1153,-16.9603,10.3304,84.8299,27.1047,259.9862
58,9.0715,-16.8821,10.8665,83.2281,17.8539,250.8101
58.02,9.0368,-16.8248,11.3619,81.7031,12.53,245.4302
58.04,8.9836,-16.6743,12.2458,78.8194,7.2134,239.7332
58.06,8.956,-16.6039,12.6239,77.577,5.8169,238.2092
58.08,8.9558,-16.5216,12.9443,76.4505,5.044,237.2711
58.1,8.9349,-16.4714,13.2189,75.5607,4.4168,236.581
58.12,8.928,-16.4285,13.4312,74.8667,4.1285,236.2511
58.14,8.9086,-16.392,13.6862,74.0468,3.879,236.1226
58.16,8.9074,-16.3952,13.7197,73.9574,3.9035,236.2428
58.18,8.8951,-16.4182,13.7029,74.054,3.9965,236.4683
58.2,8.8905,-16.4496,13.6317,74.3448,4.1484,236.7766
58.22,8.8868,-16.5013,13.4726,74.89,4.5344,237.3694
58.24,8.8641,-16.633,13.0125,76.495,5.5421,238.8099
58.26,8.8589,-16.7076,12.6998,77.5474,6.3687,239.869
58.28,8.8406,-16.7949,12.3308,78.8033,7.4198,241.2244
58.3,8.8393,-16.8414,11.9104,80.1124,9.1107,243.14
58.32,8.826,-16.8677,11.4455,81.5333,11.5748,245.7892
58.34,8.8195,-16.8482,10.3911,84.5022,21.5641,256.5775
58.36,8.8287,-16.8219,9.8012,86.0046,33.4443,268.8722
58.38,8.826,-16.7879,9.1851,87.2353,58.6807,294.5227
58.4,8.8506,-16.7015,8.561,87.3363,98.5425,334.8235
58.42,8.8799,-16.6208,7.9059,86.2464,129.4,6.0747
58.44,8.936,-16.4084,6.5882,82.6898,151.8702,29.1576
58.46,8.9761,-16.262,5.9371,80.7277,156.108,33.6182
58.48,9.0215,-16.0885,5.3078,78.8039,158.7096,36.5048
58.5,9.0639,-15.9017,4.7055,76.9252,160.5104,38.7049
58.52,9.1062,-15.7048,4.1397,75.1118,161.7041,40.286
58.54,9.1912,-15.3491,3.2463,72.1516,162.9892,41.9806
58.56,9.2559,-15.1156,2.6987,70.2761,163.5005,42.7725
58.58,9.298,-14.9657,2.3283,68.9599,163.8446,43.4463
58.6,9.349,-14.8311,2.0196,67.8285,163.931,43.8273
58.62,9.3964,-14.7283,1.7741,66.9096,163.9597,44.0912
58.64,9.4837,-14.6276,1.4857,65.7456,163.7859,44.3903
58.66,9.5272,-14.6235,1.4429,65.54,163.5558,44.3209
58.68,9.5631,-14.6488,1.4653,65.5788,163.2586,44.0665
58.7,9.5944,-14.7042,1.5451,65.8005,162.9361,43.7033
58.72,9.6255,-14.799,1.7132,66.337,162.4947,43.1782
58.74,9.6613,-15.0494,2.2029,67.9979,161.4112,41.8243
58.76,9.6696,-15.2101,2.5273,69.0731,160.8123,41.0235
58.78,9.6675,-15.3831,2.9064,70.345,160.0671,40.0367
58.8,9.6577,-15.5597,3.3317,71.7691,159.2027,38.823
58.82,9.6377,-15.7429,3.8,73.3181,158.2182,37.3363
58.84,9.5624,-16.0729,4.8608,76.7648,155.6904,33.1161
58.86,9.5204,-16.2068,5.4435,78.6644,153.6636,30.1022
58.88,9.474,-16.3186,6.0613,80.6483,150.6184,26.0702
58.9,9.4246,-16.4315,6.6905,82.6154,146.3318,20.7705
58.92,9.3797,-16.5054,7.3413,84.5635,138.1064,11.55
58.94,9.3104,-16.597,8.6545,87.207,87.1426,318.9625
58.96,9.2883,-16.6291,9.3039,86.7164,48.0849,279.5855
58.98,9.2908,-16.634,9.9297,85.2671,27.8206,258.913
59,9.2947,-16.6288,10.538,83.5897,18.336,249.2166
59.02,9.3037,-16.62,11.1229,81.8821,13.4831,244.2459
59.04,9.3849,-16.5434,12.1534,78.6614,9.8488,240.6428
59.06,9.4231,-16.5021,12.6076,77.2336,9.341,240.4263
59.08,9.4788,-16.451,13.0063,75.9323,9.2339,240.6134
59.1,9.5498,-16.4076,13.338,74.8237,9.4867,241.1282
59.12,9.5989,-16.3562,13.6334,73.842,9.8231,241.8004
59.14,9.7124,-16.2825,14.0239,72.4579,10.7433,243.3486
59.16,9.737,-16.2783,14.1306,72.121,11.0375,243.9261
59.18,9.7592,-16.2635,14.186,71.9038,11.3829,244.5055
59.2,9.7488,-16.275,14.1894,71.9388,11.6124,244.9733
59.22,9.7564,-16.2968,14.1247,72.1384,11.9622,245.4847
59.24,9.7292,-16.4044,13.7947,73.246,12.6668,246.6599
59.26,9.6983,-16.467,13.5544,74.0576,13.1349,247.3003
59.28,9.6429,-16.5443,13.2542,75.1159,13.6283,247.7894
59.3,9.594,-16.6135,12.8894,76.3324,14.4134,248.3119
59.32,9.55,-16.6628,12.464,77.6744,15.5375,248.9801
59.34,9.4289,-16.7197,11.4544,80.7847,19.6864,252.2546
59.36,9.3725,-16.7176,10.8747,82.5034,23.9068,255.9785
59.38,9.3206,-16.7071,10.2526,84.2103,30.9038,263.1277
59.4,9.2676,-16.6699,9.5981,85.8075,44.7596,277.0281
59.42,9.2214,-16.6153,8.9131,86.9219,73.2721,305.5539
59.44,9.1455,-16.4342,7.4831,85.3545,139.1015,11.4503
59.46,9.1268,-16.299,6.753,83.4389,151.23,23.6512
59.48,9.1035,-16.1355,6.0424,81.3888,157.568,30.1219
59.5,9.0938,-15.9502,5.3426,79.2807,161.3092,33.9514
59.52,9.089,-15.7513,4.6734,77.1835,163.6868,36.3938
59.54,9.1029,-15.3769,3.5963,73.6953,165.9708,38.8052
59.56,9.1242,-15.1229,2.9195,71.4,166.8913,39.9293
59.58,9.1462,-14.9393,2.4418,69.7283,167.4335,40.5953
59.6,9.1766,-14.7729,2.0254,68.2109,167.6805,40.8598
59.62,9.2074,-14.6333,1.6788,66.926,167.804,40.9613
59.64,9.2757,-14.4305,1.2034,65.0783,167.8155,40.3643
59.66,9.3129,-14.3692,1.0791,64.5625,167.6572,39.7871
59.68,9.351,-14.3505,1.0249,64.2949,167.49,39.2416
59.7,9.3903,-14.3656,1.0422,64.3194,167.2198,38.7293
59.72,9.4268,-14.4162,1.1205,64.5706,166.9101,38.3616
59.74,9.5132,-14.6318,1.5047,65.8757,165.968,37.5484
59.76,9.5511,-14.776,1.7781,66.8083,165.3836,37.0885
59.78,9.5839,-14.9405,2.1115,67.9505,164.6915,36.5747
59.8,9.6089,-15.1186,2.498,69.2655,163.8916,35.9274
59.82,9.6268,-15.2977,2.9383,70.7376,162.9361,35.152
59.84,9.6545,-15.6598,3.965,74.1232,160.2321,33.5222
59.86,9.6599,-15.8398,4.5417,75.9478,158.224,31.7958
59.88,9.6627,-16.0204,5.1476,77.8234,155.7633,29.388
59.9,9.6556,-16.188,5.7916,79.7675,152.2359,25.7613
59.92,9.6538,-16.337,6.4559,81.7318,146.9988,20.2089
59.94,9.6385,-16.5605,7.8372,85.2278,123.0145,355.6444
59.96,9.6404,-16.6189,8.54,86.1602,95.0615,327.6403
59.98,9.643,-16.6667,9.2258,85.926,63.1181,295.6302
60,9.636,-16.7004,9.8972,84.7742,41.4196,273.937
60.02,9.6487,-16.7,10.5367,83.1636,29.4183,261.8818
60.04,9.6825,-16.6342,11.7157,79.7836,18.6198,250.9317
60.06,9.6834,-16.6094,12.2317,78.2763,15.9519,248.2897
60.08,9.7015,-16.5654,12.6906,76.8826,14.1964,246.501
60.1,9.7156,-16.5006,13.1016,75.5771,12.9697,245.2076
60.12,9.7267,-16.4487,13.4423,74.5206,12.0797,244.2403
60.14,9.7165,-16.3558,13.9216,73.011,10.8935,242.8545
60.16,9.7017,-16.279,14.0636,72.5153,10.5255,242.3056
60.18,9.6799,-16.2269,14.1345,72.2039,10.0233,241.7684
60.2,9.6419,-16.2196,14.1312,72.2035,9.511,241.378
60.22,9.6033,-16.2005,14.0844,72.3034,9.186,241.0761
60.24,9.464,-16.2635,13.7624,73.4207,8.3178,239.9719
60.26,9.3811,-16.3456,13.5056,74.376,7.8846,239.3901
60.28,9.2974,-16.4256,13.1875,75.4839,7.534,238.8922
60.3,9.1951,-16.498,12.8252,76.736,7.1889,238.5103
60.32,9.1135,-16.5933,12.3791,78.2412,7.0404,238.3001
60.34,8.9137,-16.7442,11.3702,81.5699,7.6503,239.5575
60.36,8.8341,-16.7855,10.7892,83.3882,9.2216,241.7079
60.38,8.7682,-16.8065,10.1539,85.3486,12.8895,245.8594
60.4,8.7189,-16.7794,9.4836,87.2783,23.8402,257.2473
60.42,8.6642,-16.7402,8.7816,88.7687,75.4198,309.5
60.44,8.6092,-16.5345,7.3357,85.6821,157.81,33.9346
60.46,8.5867,-16.3907,6.5954,83.4674,163.343,40.3536
60.48,8.5827,-16.2063,5.8571,81.2213,165.7904,43.4298
60.5,8.5739,-16.0031,5.137,78.97,167.2879,45.4898
60.52,8.5788,-15.7775,4.4439,76.7959,168.2273,46.9853
60.54,8.5881,-15.3651,3.3255,73.1763,169.2018,48.6322
60.56,8.6036,-15.0695,2.6184,70.8133,169.718,49.3913
60.58,8.6127,-14.8523,2.1265,69.1176,170.0759,49.9215
60.6,8.6321,-14.6492,1.7033,67.6362,170.2595,50.2941
60.62,8.6523,-14.4806,1.3537,66.3721,170.3709,50.5854
60.64,8.7095,-14.2653,0.8919,64.6476,170.3487,51.0098
60.66,8.7466,-14.2204,0.7825,64.2163,170.1896,50.9482
60.68,8.7833,-14.213,0.7604,64.1046,169.8946,50.704
60.7,8.824,-14.2485,0.8007,64.2264,169.6321,50.3165
60.72,8.8654,-14.3243,0.9195,64.5939,169.2744,49.8016
60.74,8.9547,-14.5972,1.3782,66.1293,168.3692,48.3316
60.76,8.9935,-14.7752,1.6956,67.2027,167.8609,47.631
60.78,9.0346,-14.9729,2.0656,68.4348,167.2761,46.8023
60.8,9.0627,-15.1922,2.4911,69.8262,166.6268,45.8898
60.82,9.103,-15.407,2.9582,71.3856,165.7744,44.6403
60.84,9.1469,-15.8247,4.0331,74.8289,163.5764,41.3313
60.86,9.1625,-16.0119,4.627,76.7218,161.9326,39.1959
60.88,9.1819,-16.1754,5.2502,78.6774,159.6033,36.5311
60.9,9.1983,-16.3189,5.8962,80.6571,156.1389,32.8779
60.92,9.2096,-16.4492,6.5531,82.6222,150.9835,27.6666
60.94,9.2439,-16.6512,7.8917,86.0107,124.4035,1.6687
60.96,9.261,-16.722,8.5574,86.8098,93.5237,331.1967
60.98,9.2694,-16.7759,9.219,86.4238,59.5714,297.411
61,9.2818,-16.8248,9.8604,85.1826,38.7113,276.5635
61.02,9.3138,-16.8259,10.4841,83.5445,27.9207,265.5122
61.04,9.35,-16.7627,11.6565,80.141,18.1353,254.9832
61.06,9.3853,-16.6752,12.1943,78.4063,16.0475,252.6876
61.08,9.4102,-16.5853,12.7026,76.7449,14.478,251.2189
61.1,9.4381,-16.4973,13.1647,75.22,13.5505,250.5378
61.12,9.481,-16.4019,13.5703,73.8058,13.0761,250.3307
61.14,9.5466,-16.2535,14.2237,71.5541,12.6593,250.5827
61.16,9.5987,-16.2048,14.4497,70.7516,12.7718,251.0274
61.18,9.619,-16.154,14.6345,70.0881,12.8805,251.5494
61.2,9.6494,-16.1359,14.7387,69.6986,13.0707,252.1181
61.22,9.6664,-16.1216,14.7921,69.4838,13.349,252.8722
61.24,9.7099,-16.1776,14.6933,69.7938,14.2644,254.7646
61.26,9.7211,-16.2351,14.5306,70.2778,14.8573,255.6997
61.28,9.7342,-16.3075,14.3012,70.9957,15.707,256.7692
61.3,9.7051,-16.3975,14.0303,71.9465,16.3936,257.6735
61.32,9.7064,-16.4947,13.6824,73.0795,17.6398,258.938
61.34,9.6558,-16.6761,12.8217,75.8536,20.9861,262.0628
61.36,9.6294,-16.7792,12.3038,77.5024,23.7615,264.6161
61.38,9.5854,-16.8547,11.7451,79.1928,27.4182,268.1646
61.4,9.5422,-16.9424,11.1298,81.0032,32.955,273.5755
61.42,9.5012,-16.9735,10.4776,82.6864,41.5434,282.0692
61.44,9.426,-16.9509,9.0578,85.115,77.8914,318.3002
61.46,9.3835,-16.8857,8.3204,85.0886,104.5119,345.2538
61.48,9.3524,-16.7868,7.5712,84.0735,126.1636,7.6028
61.5,9.3277,-16.6561,6.824,82.4572,139.5963,22.1323
61.52,9.303,-16.4911,6.0941,80.5689,147.358,31.2586
61.54,9.2801,-16.1421,4.859,77.0445,154.4882,40.7869
61.56,9.2578,-15.8579,4.0445,74.5579,157.1827,44.9665
61.58,9.2426,-15.622,3.4399,72.6388,158.5771,47.3729
61.6,9.2284,-15.3835,2.8863,70.8442,159.5706,49.2021
61.62,9.2074,-15.1505,2.3935,69.2288,160.3459,50.6805
61.64,9.1644,-14.7343,1.5809,66.4798,161.6299,52.7224
61.66,9.1372,-14.5699,1.2697,65.3949,162.2249,53.4104
61.68,9.1073,-14.4501,1.0227,64.5271,162.8324,54.0137
61.7,9.0784,-14.3643,0.8487,63.9337,163.3436,54.455
61.72,9.0457,-14.3209,0.7485,63.5865,163.7965,54.7732
61.74,8.9898,-14.3546,0.7506,63.6225,164.5397,55.005
61.76,8.9642,-14.4252,0.8475,64.0123,164.8467,54.929
61.78,8.9366,-14.5458,1.0314,64.6658,165.0487,54.783
61.8,8.912,-14.6903,1.2696,65.5239,165.1882,54.6062
61.82,8.8884,-14.8571,1.5694,66.581,165.18,54.2004
61.84,8.8478,-15.2454,2.3331,69.1979,164.8433,52.6912
61.86,8.8318,-15.4503,2.7971,70.7775,164.4131,51.6257
61.88,8.8062,-15.6576,3.3247,72.548,163.8651,50.4956
61.9,8.7905,-15.8454,3.896,74.4554,163.0386,48.8322
61.92,8.7752,-16.0144,4.5161,76.4938,161.8682,46.5947
61.94,8.747,-16.2903,5.8953,80.951,157.3096,39.9701
61.96,8.7382,-16.4145,6.6289,83.2583,152.6402,34.3047
61.98,8.7419,-16.5019,7.3958,85.5474,141.9825,22.6383
62,8.7628,-16.5528,8.1697,87.3862,111.7335,351.1877
62.02,8.7788,-16.593,8.9488,87.4287,53.9241,292.1979
62.04,8.8705,-16.542,10.486,83.2485,14.6494,251.6272
62.06,8.9378,-16.4735,11.2242,80.8803,10.4874,247.4194
62.08,9.022,-16.4175,11.9093,78.715,8.5572,245.3984
62.1,9.0971,-16.3409,12.5575,76.66,7.6045,244.3282
62.12,9.1851,-16.261,13.1519,74.768,7.2621,243.8868
62.14,9.3917,-16.0969,14.1468,71.5526,7.6659,243.9439
62.16,9.5024,-16.0336,14.5404,70.2772,8.1534,244.2318
62.18,9.6024,-15.9743,14.8678,69.2079,8.6931,244.6168
62.2,9.7093,-15.9183,15.1223,68.3274,9.3869,245.2069
62.22,9.8019,-15.9067,15.2976,67.7657,10.0254,245.7398
62.24,9.9435,-15.8647,15.4705,67.1119,11.1095,246.8021
62.26,9.9819,-15.8926,15.4444,67.2225,11.5802,247.2698
62.28,10.0324,-15.897,15.3697,67.3907,12.041,247.6348
62.3,10.0431,-15.9623,15.2158,67.9445,12.4088,248.0757
62.32,10.0398,-16.0403,15.0012,68.681,12.7259,248.5298
62.34,9.9823,-16.2536,14.4091,70.7806,13.4885,249.8169
62.36,9.9384,-16.3692,14.0264,72.1028,13.9304,250.5597
62.38,9.9004,-16.4947,13.5741,73.6176,14.7096,251.5865
62.4,9.8467,-16.6021,13.0746,75.2732,15.7729,252.8218
62.42,9.8011,-16.7008,12.5109,77.1013,17.5158,254.6367
62.44,9.7037,-16.8368,11.2401,80.9773,24.159,261.0034
62.46,9.6392,-16.8583,10.5518,82.9618,30.5997,266.944
62.48,9.5839,-16.8411,9.8193,84.8311,42.7957,278.2885
62.5,9.5242,-16.7932,9.0639,86.3139,66.4691,301.1742
62.52,9.4758,-16.6942,8.3015,86.6282,103.7815,337.835
62.54,9.3752,-16.4993,6.9536,84.1953,148.2517,21.5765
62.56,9.3187,-16.3011,6.019,81.6345,159.1837,32.3364
62.58,9.2863,-16.1259,5.2944,79.5076,163.6295,36.8632
62.6,9.2661,-15.933,4.6043,77.3893,166.3353,39.794
62.62,9.2463,-15.7391,3.9551,75.2966,168.0257,41.7358
62.64,9.2425,-15.3428,2.7925,71.271,169.5817,43.4358
62.66,9.2502,-15.1822,2.2858,69.3908,169.9678,44.2256
62.68,9.2762,-15.0377,1.8463,67.7969,169.9454,45.2449
62.7,9.3024,-14.9193,1.4752,66.4529,169.8923,46.4294
62.72,9.3279,-14.8189,1.1645,65.296,169.8478,47.3297
62.74,9.3556,-14.6512,0.7667,63.7048,169.62,47.7005
62.76,9.3621,-14.6186,0.6767,63.3421,169.5359,48.0014
62.78,9.3647,-14.6094,0.6655,63.2846,169.3704,48.2595
62.8,9.3686,-14.6319,0.7108,63.4207,169.1769,48.3513
62.82,9.3693,-14.6926,0.817,63.7835,168.9881,48.4531
62.84,9.3613,-14.9344,1.2371,65.2103,168.4567,48.4605
62.86,9.349,-15.0925,1.5332,66.2344,168.224,48.2863
62.88,9.3324,-15.2644,1.888,67.46,167.9665,47.8354
62.9,9.3062,-15.4598,2.297,68.8574,167.7826,47.3894
62.92,9.2756,-15.6573,2.7678,70.4691,167.534,46.9635
62.94,9.2046,-16.0536,3.8564,74.1367,166.9247,45.5914
62.96,9.1655,-16.2366,4.4663,76.1415,166.502,44.4549
62.98,9.1254,-16.4018,5.123,78.2886,165.7353,43.0843
63,9.0891,-16.5411,5.818,80.5652,164.4411,41.2495
63.02,9.0608,-16.6439,6.546,82.9164,161.6401,37.953
63.04,9.0415,-16.7638,8.046,87.4106,136.5931,12.1611
63.06,9.0446,-16.7718,8.8176,88.2265,69.5202,305.1104
63.08,9.064,-16.7552,9.5822,86.4943,27.8833,263.6216
63.1,9.1083,-16.7282,10.3216,84.2499,17.2917,253.2251
63.12,9.1591,-16.6958,11.0342,82.0207,13.1419,249.2315
63.14,9.2694,-16.5824,12.3577,77.8968,10.2165,246.1046
63.16,9.3257,-16.5273,12.9478,76.078,9.6267,245.3538
63.18,9.3938,-16.4689,13.4706,74.4341,9.4338,244.9814
63.2,9.4834,-16.379,13.9249,72.9251,9.6641,244.8896
63.22,9.5541,-16.2666,14.3301,71.5618,9.8592,244.9291
63.24,9.6936,-16.0666,14.9297,69.4429,10.3208,245.4496
63.26,9.7533,-15.9859,15.1396,68.6644,10.6025,245.8691
63.28,9.8045,-15.9407,15.2846,68.1283,10.8757,246.2535
63.3,9.8414,-15.931,15.3764,67.7891,10.9254,246.5368
63.32,9.8733,-15.9536,15.399,67.7209,11.1829,247.0162
63.34,9.9079,-16.0521,15.2794,68.1921,11.8791,248.1368
63.36,9.9223,-16.1427,15.0997,68.7949,12.418,248.9312
63.38,9.9193,-16.2402,14.8773,69.5909,12.9992,249.9139
63.4,9.8939,-16.3623,14.5971,70.5957,13.5932,251.1327
63.42,9.8866,-16.4811,14.2509,71.7521,14.6005,252.7952
63.44,9.8383,-16.739,13.3904,74.6116,17.4217,256.9425
63.46,9.8193,-16.8623,12.8794,76.2132,19.7453,260.0559
63.48,9.7929,-16.9731,12.3142,77.911,23.0927,264.2206
63.5,9.7611,-17.0709,11.7015,79.6878,27.7549,269.6783
63.52,9.7289,-17.1412,11.0481,81.4293,34.8611,277.5634
63.54,9.6825,-17.1747,9.8162,83.9681,57.9598,302.0123
63.56,9.6396,-17.133,8.8932,84.7049,85.9209,330.7758
63.58,9.5957,-17.0612,8.1373,84.2467,109.5457,354.8782
63.6,9.5661,-16.9307,7.3743,82.9875,126.7802,12.3655
63.62,9.5169,-16.7791,6.6161,81.2963,138.3904,24.1533
63.64,9.4131,-16.3674,5.1362,77.4476,151.2909,37.5062
63.66,9.3588,-16.1192,4.4313,75.471,155.0825,41.6093
63.68,9.2896,-15.8663,3.7616,73.5038,158.1367,44.9546
63.7,9.2277,-15.5912,3.1343,71.6027,160.3706,47.4128
63.72,9.1636,-15.3308,2.5496,69.7741,162.22,49.5591
63.74,9.0344,-14.8466,1.5599,66.5652,164.839,52.9615
63.76,8.9712,-14.6371,1.16,65.2114,165.8013,54.2347
63.78,8.9138,-14.4522,0.8265,64.0448,166.5701,55.2288
63.8,8.8611,-14.3038,0.5635,63.1033,167.1615,55.9746
63.82,8.8152,-14.2018,0.3721,62.434,167.621,56.7166
63.84,8.7436,-14.1217,0.2208,61.9427,168.1354,57.7913
63.86,8.7171,-14.1469,0.2512,62.0705,168.2698,57.9905
63.88,8.6959,-14.2064,0.3474,62.4302,168.2967,57.9668
63.9,8.6782,-14.3212,0.5423,63.1583,168.2416,57.7805
63.92,8.6689,-14.4639,0.7916,64.08,168.0942,57.5393
63.94,8.6677,-14.8435,1.4891,66.5985,167.4231,56.8697
63.96,8.6755,-15.0675,1.9296,68.1428,166.8501,56.3496
63.98,8.6874,-15.3018,2.4293,69.8557,166.023,55.5932
64,8.7014,-15.5352,2.9912,71.7563,164.8806,54.566
64.02,8.7239,-15.7617,3.6022,73.7737,163.2803,53.0908
64.04,8.7816,-16.1672,4.9517,78.0369,157.7607,47.4935
64.06,8.8156,-16.334,5.6828,80.2055,152.6601,42.2928
64.08,8.8446,-16.4952,6.432,82.2843,144.9665,34.6317
64.1,8.9036,-16.5977,7.1951,84.1128,130.664,20.2489
64.12,8.9496,-16.6971,7.9591,85.2989,107.8444,357.2585
64.14,9.0566,-16.8002,9.4432,84.4592,54.9378,303.4911
64.16,9.1074,-16.8219,10.1574,82.9382,40.1407,288.4602
64.18,9.1612,-16.8116,10.8338,81.1903,31.4959,279.5218
64.2,9.196,-16.7816,11.4861,79.4417,26.0345,273.7272
64.22,9.2572,-16.7086,12.0875,77.6452,22.4504,269.737
64.24,9.3474,-16.5683,13.1338,74.453,18.3024,265.1445
64.26,9.3917,-16.4813,13.569,73.0692,17.0778,263.6516
64.28,9.4374,-16.3927,13.9484,71.8446,16.087,262.6762
64.3,9.4632,-16.3341,14.2698,70.8127,15.281,262.1513
64.32,9.4905,-16.2716,14.5317,69.9217,14.7198,261.7868
64.34,9.5122,-16.2505,14.8431,68.9827,14.1362,261.2239
64.36,9.5238,-16.2459,14.8954,68.8083,14.024,260.9866
64.38,9.5281,-16.25,14.8861,68.8089,13.9694,260.9593
64.4,9.4873,-16.2946,14.8273,69.0931,13.8599,260.7465
64.42,9.4628,-16.3508,14.6675,69.6969,13.9321,260.7634
64.43999,9.3782,-16.4982,14.1853,71.3939,14.3269,261.3136
64.46,9.3042,-16.592,13.8699,72.5248,14.6766,261.8948
64.48,9.2522,-16.7044,13.482,73.8451,15.332,262.7698
64.5,9.1736,-16.8115,13.0557,75.2812,16.2056,264.0063
64.52,9.1064,-16.9227,12.5703,76.8927,17.6161,265.8069
64.54,8.9926,-17.0688,11.6093,79.8673,22.2464,271.1159
64.56,8.9102,-17.1415,10.837,82.0869,28.8723,278.183
64.58,8.8566,-17.1367,10.1762,83.7252,38.2304,287.6662
64.6,8.8111,-17.0835,9.4799,85.0874,54.4924,303.8366
64.62,8.7656,-16.9953,8.7647,85.8104,79.8911,329.377
64.64,8.6961,-16.7358,7.2946,84.2972,128.9097,19.4071
64.66,8.681,-16.5711,6.5454,82.5768,141.4547,32.5201
64.68,8.6769,-16.3823,5.8037,80.6142,148.7848,40.4815
64.7,8.6672,-16.1813,5.0872,78.5936,153.6172,46.0156
64.72,8.6677,-15.9612,4.3902,76.5176,156.7859,49.7734
64.74,8.6794,-15.4988,3.1105,72.4832,160.7066,54.7279
64.76,8.688,-15.2649,2.5476,70.6361,161.9091,56.4194
64.78,8.6988,-15.0366,2.045,68.9388,162.7617,57.6709
64.8,8.7129,-14.8221,1.6063,67.4124,163.3992,58.5873
64.82,8.7293,-14.6339,1.235,66.0905,163.8942,59.2052
64.84,8.7614,-14.3536,0.7242,64.2226,164.471,59.9284
64.86,8.7833,-14.2787,0.5764,63.6765,164.6569,60.102
64.88,8.801,-14.2513,0.5071,63.4022,164.7802,60.1232
64.9,8.8229,-14.2702,0.5037,63.3679,164.8354,59.9894
64.92,8.8431,-14.3268,0.5676,63.5798,164.8342,59.7976
64.93999,8.8939,-14.5667,0.9333,64.8564,164.4467,58.787
64.96,8.9192,-14.7298,1.2146,65.8286,164.0572,58.1172
64.98,8.9475,-14.9129,1.5598,67.0015,163.4423,57.2087
65,8.9742,-15.1182,1.966,68.3524,162.616,56.1344
65.02,9.001,-15.3379,2.4273,69.8688,161.5487,54.8159
65.04,9.0452,-15.7996,3.5009,73.2617,158.5184,51.2952
65.06,9.0668,-16.0187,4.106,75.1248,156.2311,48.6857
65.08,9.0803,-16.2279,4.7513,77.0258,153.1573,45.2903
65.1,9.0963,-16.4158,5.4273,78.962,148.8551,40.6731
65.12,9.1145,-16.5788,6.1269,80.8555,142.4788,33.9593
65.14,9.1393,-16.8209,7.5643,84.0503,118.0486,8.5279
65.16,9.1524,-16.8977,8.2846,84.8928,96.6085,346.4583
65.18,9.1595,-16.9469,9.0005,84.8732,71.7859,321.0295
65.2,9.1753,-16.9579,9.697,83.9744,51.2296,299.8955
65.22,9.1862,-16.9596,10.3692,82.6227,37.4698,285.7242
65.24,9.2142,-16.8894,11.611,79.3527,22.7797,270.3549
65.26,9.2254,-16.8286,12.1708,77.7443,18.9497,266.1866
65.28,9.2405,-16.7603,12.6737,76.2299,16.3297,263.2018
65.3,9.2647,-16.6684,13.1269,74.7994,14.4943,260.9285
65.32,9.2841,-16.5968,13.5176,73.5874,13.2339,259.2574
65.34,9.3258,-16.4376,14.1295,71.5948,11.6794,256.8148
65.36,9.3407,-16.3905,14.3456,70.9401,11.2668,256.1047
65.38,9.3676,-16.3501,14.491,70.4468,11.1241,255.7057
65.4,9.3805,-16.3305,14.584,70.1378,11.0492,255.5329
65.42,9.3865,-16.332,14.6143,70.0727,10.947,255.4404
65.43999,9.3769,-16.4054,14.4953,70.5807,11.2021,255.8283
65.46,9.3833,-16.4293,14.3283,71.0709,11.7095,256.39
65.48,9.3504,-16.5294,14.1028,71.9293,12.0841,256.9245
65.5,9.3248,-16.621,13.8203,72.9134,12.7325,257.7863
65.52,9.3023,-16.6921,13.4949,73.9494,13.6743,258.9779
65.54,9.239,-16.8591,12.784,76.2642,15.8364,261.6619
65.56,9.2027,-16.9455,12.1757,78.1043,18.5008,264.3875
65.58,9.1656,-16.9928,11.6384,79.6844,21.9254,267.3235
65.6,9.1469,-16.9949,11.0549,81.2447,27.1011,272.1259
65.62,9.1072,-17.0176,10.4304,82.903,34.5276,279.6113
65.64,9.0611,-16.9554,9.0947,85.3929,67.1668,312.1891
65.66,9.0361,-16.8932,8.3905,85.6028,94.9751,339.8093
65.68,9.0298,-16.7948,7.6717,84.7791,119.5167,4.2246
65.7,9.0187,-16.6641,6.9559,83.3168,135.3705,20.0585
65.72,9.0119,-16.5078,6.2419,81.5104,144.9551,29.6257
65.74,9.0161,-16.1265,4.8538,77.5858,154.947,39.5785
65.76,9.0272,-15.9045,4.2032,75.6373,157.6592,42.3732
65.78,9.0432,-15.6665,3.5862,73.7238,159.5139,44.1377
65.8,9.0609,-15.4317,3.0112,71.8736,160.9167,45.4394
65.82,9.0844,-15.1954,2.4893,70.1607,161.8169,46.3548
65.84,9.1275,-14.7913,1.6215,67.1616,162.9775,47.7083
65.86,9.153,-14.6246,1.2863,65.9469,163.2351,48.0391
65.88,9.186,-14.4947,1.0126,64.932,163.4065,48.2686
65.9,9.2178,-14.4086,0.8107,64.1556,163.4895,48.3988
65.92,9.2524,-14.3558,0.6871,63.6593,163.4066,48.3639
65.93999,9.3149,-14.3667,0.6639,63.4882,162.9859,48.103
65.96,9.3385,-14.4212,0.7536,63.7538,162.6525,47.8416
65.98,9.3685,-14.5218,0.9293,64.331,162.1696,47.3649
66,9.3918,-14.6424,1.157,65.0941,161.6194,46.8068
66.02,9.4113,-14.7913,1.4432,66.0666,160.9759,46.2182
66.04,9.4358,-15.1558,2.1835,68.5453,159.3031,44.7818
66.06,9.4302,-15.3622,2.6341,70.0166,158.2538,43.8926
66.08,9.4284,-15.5693,3.1223,71.6174,157.0065,42.7528
66.1,9.4097,-15.7718,3.6658,73.3526,155.4175,41.2639
66.12,9.392,-15.9596,4.2434,75.1787,153.3211,39.1703
66.14,9.327,-16.2807,5.5258,79.0527,146.4056,32.3955
66.16,9.3005,-16.4103,6.2074,81.0066,140.0524,26.3449
66.18,9.259,-16.5174,6.9173,82.8218,129.9854,16.6103
66.2,9.2284,-16.6058,7.626,84.2717,114.1299,0.8685
66.22,9.193,-16.6634,8.3449,85.017,90.5817,337.384
66.24,9.1201,-16.7156,9.756,83.7082,45.3178,292.2596
66.26,9.0876,-16.7087,10.4299,82.1802,32.7412,279.7758
66.28,9.0567,-16.6749,11.0765,80.4688,25.0914,272.1273
66.3,9.0341,-16.634,11.6757,78.784,20.0694,267.0773
66.32,9.0153,-16.5712,12.2326,77.1375,16.5824,263.5655
66.34,8.9813,-16.4099,13.2009,74.1657,12.2232,259.0425
66.36,8.9546,-16.3365,13.6071,72.9126,10.5109,257.2907
66.38,8.9585,-16.2694,13.9425,71.8121,9.5008,256.2763
66.4,8.9641,-16.187,14.2267,70.8931,8.8102,255.3383
66.42,8.9749,-16.1399,14.4389,70.2306,8.3943,254.5307
66.43999,8.9684,-16.1001,14.6994,69.4833,7.6427,253.116
66.46,8.9689,-16.1027,14.7335,69.4079,7.4832,252.6346
66.48,8.9724,-16.1192,14.7099,69.5271,7.4444,252.2816
66.5,8.9494,-16.1488,14.646,69.8281,7.3531,251.9518
66.52,8.948,-16.1965,14.4888,70.3576,7.5118,251.8378
66.54,8.9323,-16.3042,14.0985,71.6695,8.1,252.2756
66.56,8.9167,-16.4125,13.7167,72.973,8.8565,253.0189
66.58,8.9031,-16.4905,13.3542,74.1581,9.7797,253.8848
66.6,8.9018,-16.562,12.9326,75.5009,11.2448,255.2372
66.62,8.8911,-16.634,12.4624,76.9862,13.1418,257.1038
66.64,8.9076,-16.7408,11.3688,80.1897,19.9881,264.3165
66.66,8.9297,-16.7554,10.7601,81.7934,26.226,270.8239
66.68,8.9507,-16.7676,10.1092,83.3744,35.8758,280.7471
66.7,8.9801,-16.7384,9.4334,84.6524,51.6762,296.8452
66.72,9.0166,-16.6794,8.7293,85.3181,75.2413,320.6684
66.74,9.1019,-16.5037,7.2744,83.8302,121.8201,7.6948
66.76,9.1507,-16.3797,6.5392,82.1298,134.5703,20.5573
66.78,9.2002,-16.2263,5.8172,80.154,142.501,28.4735
66.8,9.2508,-16.0611,5.1039,78.0218,147.9364,33.7578
66.82,9.2961,-15.8968,4.4143,75.7945,151.7708,37.4309
66.84,9.3911,-15.5697,3.141,71.4697,156.2811,41.7837
66.86,9.433,-15.4099,2.5749,69.4515,157.7596,43.0924
66.88,9.4663,-15.2397,2.0793,67.6562,158.7693,43.9458
66.9,9.4958,-15.0752,1.6457,66.0616,159.5954,44.5179
66.92,9.515,-14.9132,1.2874,64.7335,160.2232,44.8692
66.93999,9.5317,-14.6445,0.7984,62.9398,161.0244,45.4052
66.96,9.529,-14.555,0.6601,62.4112,161.2677,45.4776
66.98,9.5197,-14.5048,0.5885,62.1206,161.4431,45.4881
67,9.5093,-14.4986,0.5793,62.0647,161.5366,45.4645
67.02,9.4971,-14.5304,0.6284,62.25,161.5409,45.4564
67.04,9.4603,-14.7379,0.9204,63.3283,161.4404,45.5792
67.06,9.4319,-14.8876,1.1598,64.2128,161.2836,45.5924
67.08,9.3964,-15.0575,1.4601,65.3032,161.0528,45.4758
67.1,9.3542,-15.2433,1.8147,66.5751,160.7499,45.159
67.12,9.3017,-15.4403,2.2251,68.0263,160.3517,44.7457
67.14,9.1819,-15.8407,3.2105,71.4818,159.1223,43.7002
67.16,9.1192,-16.0142,3.7814,73.4807,158.0276,42.6004
67.18,9.0394,-16.1965,4.3844,75.4695,156.9404,41.1337
67.2,8.9615,-16.349,5.0303,77.6043,155.3294,38.9013
67.22,8.8888,-16.4591,5.7247,79.892,152.5089,35.5087
67.24,8.739,-16.6602,7.1831,84.4466,140.2717,22.3089
67.26,8.6797,-16.719,7.9424,86.4409,121.2598,2.6779
67.28,8.626,-16.7754,8.7038,87.4022,78.109,318.9314
67.3,8.5959,-16.7973,9.4599,86.3722,35.8926,276.1716
67.32,8.5776,-16.8064,10.1959,84.4772,18.667,258.3733
67.34,8.5889,-16.7438,11.5846,80.3425,7.3756,246.1268
67.36,8.6134,-16.6677,12.2267,78.3039,5.3544,243.9034
67.38,8.648,-16.61,12.8076,76.5147,4.3134,242.7925
67.4,8.6945,-16.4994,13.3389,74.7757,3.9385,242.3468
67.42,8.7526,-16.4169,13.7949,73.3064,3.8895,242.2782
67.43999,8.8962,-16.2214,14.5305,70.8407,4.6008,243.0499
67.46,8.9658,-16.1482,14.8014,69.9164,5.1065,243.8054
67.48,9.0473,-16.0875,15.0064,69.1325,5.6354,244.5472
67.5,9.097,-16.0681,15.1559,68.6216,6.128,245.4458
67.52,9.1421,-16.0912,15.2218,68.4356,6.6184,246.183
67.54,9.2234,-16.0974,15.2306,68.3326,7.7094,247.7466
67.56,9.2644,-16.2123,15.0918,68.8608,8.456,248.753
67.58,9.2982,-16.2989,14.9129,69.4846,9.221,249.7518
67.6,9.3102,-16.396,14.6823,70.2841,10.0906,250.7733
67.62,9.3253,-16.5321,14.3691,71.3979,10.9997,251.804
67.64,9.3193,-16.7697,13.5818,74.0782,13.4337,254.3892
67.66,9.3149,-16.89,13.0921,75.6651,15.1225,256.1603
67.68,9.3078,-16.9809,12.5516,77.3509,17.5907,258.6947
67.7,9.3104,-17.0619,11.9488,79.1493,21.2464,262.2854
67.72,9.3181,-17.1236,11.2893,81.0139,26.6505,267.4402
67.74,9.3122,-17.1808,9.8525,84.5257,50.0305,290.3489
67.76,9.3193,-17.1552,9.0867,85.5118,74.7169,314.8697
67.78,9.3242,-17.0914,8.3015,85.363,105.0514,345.0791
67.8,9.3279,-17.0054,7.5023,84.1145,128.3988,8.2347
67.82,9.3348,-16.8802,6.6999,82.2209,142.0097,21.667
67.84,9.3456,-16.5722,5.0978,77.5622,155.3327,34.3895
67.86,9.355,-16.4073,4.3261,75.1142,158.5178,37.7658
67.88,9.3652,-16.2342,3.5937,72.7714,160.5834,40.6687
67.9,9.3797,-16.0418,2.9069,70.5524,161.9564,43.1519
67.92,9.3817,-15.8302,2.2782,68.4677,163.04,45.2167
67.93999,9.346,-15.3377,1.2376,64.9515,164.5183,47.8759
67.96,9.3142,-15.0896,0.829,63.5644,165.1032,48.8241
67.98,9.2776,-14.8596,0.4912,62.4007,165.5682,49.556
68,9.2374,-14.6591,0.2219,61.4582,165.9366,50.2084
68.02,9.1957,-14.5067,0.0147,60.7316,166.2367,50.9416
68.04,9.1129,-14.3636,-0.2069,60.0041,166.6807,52.537
68.06,9.067,-14.3685,-0.2175,60.0119,166.8895,53.1475
68.08,9.0204,-14.4043,-0.1617,60.2781,167.0496,53.4471
68.1,8.9634,-14.4914,-0.0273,60.7896,167.2846,53.6221
68.12,8.9024,-14.6123,0.186,61.6751,167.5356,53.6348
68.14,8.7789,-14.9301,0.8243,64.1175,168.0031,53.2769
68.16,8.7209,-15.1258,1.2459,65.6799,168.2188,53.0449
68.18,8.6632,-15.3428,1.7343,67.4507,168.4007,52.843
68.2,8.6107,-15.5739,2.2859,69.4012,168.4732,52.6156
68.22,8.5614,-15.8181,2.8961,71.5013,168.4984,52.3825
68.24,8.4921,-16.2766,4.2709,76.1065,167.8791,50.8699
68.26,8.4691,-16.4698,5.0318,78.5759,166.8778,49.4593
68.28,8.4557,-16.648,5.8209,81.0855,165.2303,47.3571
68.3,8.4516,-16.7876,6.6406,83.6148,161.4057,43.0777
68.32,8.4713,-16.8973,7.4619,86.081,152.1145,33.2845
68.34,8.5397,-17.0105,9.1135,87.6401,44.0791,284.6294
68.36,8.5938,-17.0129,9.9167,85.4928,21.2894,261.6994
68.38,8.657,-16.9945,10.6852,83.1959,14.4012,254.7364
68.4,8.7381,-16.9348,11.4253,80.8748,11.7057,252.0393
68.42,8.8151,-16.8718,12.1177,78.7132,10.3419,250.7947
68.43999,9.0109,-16.6956,13.3313,74.8138,9.7889,250.3022
68.46,9.104,-16.5956,13.8533,73.0978,9.8381,250.3665
68.48,9.1923,-16.5191,14.3017,71.6589,9.9802,250.4844
68.5,9.2742,-16.4097,14.7116,70.2613,10.0201,250.6137
68.52,9.3647,-16.3334,15.0315,69.1549,10.1601,250.7025
68.54,9.4686,-16.2063,15.4486,67.6568,10.5377,251.2021
68.56,9.5169,-16.1362,15.5891,67.1013,10.7262,251.2458
68.58,9.5315,-16.0785,15.6044,67.0547,10.7521,250.707
68.6,9.526,-16.0572,15.5367,67.2908,10.6255,250.1749
68.62,9.4891,-16.0629,15.3973,67.792,10.3666,249.8954
68.64,9.3641,-16.1466,14.8583,69.6431,9.5872,249.3636
68.66,9.2957,-16.2597,14.4817,70.9512,9.3072,249.0771
68.68,9.1954,-16.4027,14.0535,72.4523,8.9429,248.7808
68.7,9.117,-16.5618,13.55,74.1611,8.8963,248.7834
68.72,9.0085,-16.7371,12.9944,76.0674,8.9058,248.9653
68.74,8.8425,-17.0711,11.6695,80.3873,10.7448,251.3125
68.76,8.7605,-17.1725,10.9315,82.6698,13.7233,254.777
68.78,8.7034,-17.2191,10.132,85.0244,20.625,262.013
68.8,8.6502,-17.2046,9.2912,87.1996,41.2779,283.0413
68.82,8.636,-17.1079,8.4164,87.8855,102.7619,344.9108
68.84,8.6402,-16.7704,6.6264,83.6432,155.3699,38.6237
68.86,8.6659,-16.5468,5.7328,81.0147,160.3233,44.2203
68.88,8.7017,-16.2995,4.8606,78.3526,162.9035,47.5135
68.9,8.746,-16.0291,4.0246,75.7292,164.2917,49.5607
68.92,8.7948,-15.7437,3.2363,73.1852,165.1949,51.0811
68.93999,8.915,-15.139,1.8356,68.4288,166.0359,52.5096
68.96,8.9795,-14.8476,1.2489,66.3414,166.1595,52.8686
68.98,9.0548,-14.5698,0.7482,64.5435,166.0943,53.0245
69,9.1241,-14.3356,0.3331,62.9585,165.9578,52.9044
69.02,9.205,-14.1416,0.0016,61.6475,165.7496,52.7415
69.04,9.3729,-13.9171,-0.3887,59.9861,164.9946,52.1493
69.06,9.465,-13.8919,-0.4542,59.6596,164.4944,51.8041
69.08,9.5495,-13.9182,-0.4337,59.645,163.9352,51.3033
69.1,9.6308,-13.9962,-0.3455,59.8733,163.3845,50.6993
69.12,9.7164,-14.1298,-0.1491,60.4731,162.6183,49.7714
69.14,9.8511,-14.5038,0.4394,62.4376,160.9899,47.957
69.16,9.9148,-14.7348,0.8322,63.7698,159.9556,46.9376
69.18,9.9647,-14.9913,1.29,65.2871,158.7801,45.8541
69.2,10.006,-15.2597,1.8017,66.9773,157.4064,44.5235
69.22,10.0258,-15.5461,2.3658,68.7561,155.854,42.91
69.24,10.015,-16.1074,3.6359,72.6946,152.0154,38.8738
69.26,9.9875,-16.3675,4.3293,74.7841,149.4592,36.099
69.28,9.9391,-16.5977,5.059,76.9208,146.1243,32.3564
69.3,9.8931,-16.7915,5.8039,79.0711,141.496,27.1481
69.32,9.8178,-16.9617,6.5802,81.1962,134.7347,19.8867
69.34,9.6658,-17.1784,8.1588,84.828,104.9079,349.3793
69.36,9.5888,-17.2364,8.9442,85.4019,76.5205,320.9016
69.38,9.5217,-17.2603,9.711,84.7247,49.0212,293.2718
69.4,9.4554,-17.2332,10.4695,83.138,31.5775,275.6966
69.42,9.3984,-17.1854,11.186,81.2515,21.7217,265.6453
69.43999,9.3087,-17.0319,12.4931,77.3988,12.5866,256.0282
69.46,9.268,-16.9251,13.0798,75.5546,10.3673,253.6437
69.48,9.2368,-16.8189,13.6068,73.8645,8.8451,252.0243
69.5,9.2218,-16.7059,14.0617,72.351,7.8823,250.9393
69.52,9.2058,-16.5874,14.4578,71.0074,7.2251,250.2878
69.54,9.187,-16.4087,14.98,69.1784,6.516,249.8527
69.56,9.1628,-16.2944,15.2325,68.2842,6.2418,249.8448
69.58,9.1475,-16.2518,15.3433,67.9173,6.0648,249.7675
69.6,9.1161,-16.2329,15.3909,67.7689,5.8357,249.7407
69.62,9.1088,-16.2359,15.3618,67.8642,5.8467,249.8865
69.64,9.0428,-16.3251,15.098,68.838,5.7093,249.9678
69.66,9.0347,-16.4227,14.8436,69.7379,5.8473,250.0693
69.68,8.9968,-16.5355,14.5474,70.8467,5.9362,250.1808
69.7,8.9728,-16.6617,14.1818,72.1342,6.2959,250.5211
69.72,8.9524,-16.7893,13.7565,73.6111,6.9189,251.0858
69.74,8.9215,-17.0565,12.7216,77.0857,9.2558,253.4683
69.76,8.9341,-17.1724,12.1159,79.0021,11.6852,256.0016
69.78,8.9492,-17.2604,11.4638,80.9657,15.4012,260.0121
69.8,8.9754,-17.3164,10.7675,82.9198,21.8823,266.9852
69.82,9.0187,-17.3411,10.0304,84.7571,34.1079,279.8066
69.84,9.137,-17.2933,8.4618,86.275,96.6963,343.3991
69.86,9.2175,-17.1941,7.6511,84.9298,124.4072,11.3276
69.88,9.2943,-17.0595,6.839,82.9176,138.7792,25.847
69.9,9.3806,-16.8846,6.0324,80.6601,146.321,33.5355
69.92,9.4734,-16.6667,5.2458,78.3567,150.6083,37.8991
69.93999,9.6526,-16.1524,3.7681,73.8177,155.3394,42.7959
69.96,9.7378,-15.8772,3.0934,71.6605,156.775,44.318
69.98,9.8153,-15.6051,2.4744,69.611,157.8461,45.3968
70,9.8894,-15.3401,1.9152,67.7202,158.621,46.1192
70.02,9.9518,-15.0939,1.4265,66.0197,159.237,46.6867
70.04,10.0447,-14.6849,0.6808,63.2972,160.8122,48.8268
70.06,9.9644,-14.604,0.4777,64.1476,164.3849,52.8304
70.08,9.8254,-14.5452,0.3571,62.7619,165.0956,51.1642
70.1,9.6986,-14.5458,0.3363,62.8341,166.297,52.3983
70.12,9.5744,-14.5812,0.3844,63.1682,167.2182,53.2971
70.14,9.3131,-14.7794,0.727,64.6835,168.4055,54.775
70.16,9.1918,-14.9308,1.0013,65.7802,169.1142,55.6393
70.18,9.0769,-15.1081,1.3432,67.0453,169.6597,56.3546
70.2,8.9672,-15.3002,1.751,68.5247,170.1466,57.0127
70.22,8.8679,-15.5065,2.219,70.1927,170.554,57.6755
70.24,8.6854,-15.9431,3.3155,73.9612,171.2,58.6081
70.26,8.6105,-16.148,3.9332,76.0529,171.4802,58.9193
70.28,8.5404,-16.3411,4.5936,78.2097,171.8278,59.1576
70.3,8.4796,-16.5155,5.2861,80.4168,172.0365,59.2873
70.32,8.4273,-16.6706,6.0097,82.7196,172.1093,59.4612
70.34,8.3671,-16.9207,7.4883,87.3121,170.2281,57.8229
70.36,8.3575,-17.0003,8.2344,89.555,139.1927,26.883
70.38,8.3444,-17.0563,8.9735,88.0746,4.5595,252.1199
70.4,8.3483,-17.0811,9.695,85.8747,0.9035,248.2021
70.42,8.3507,-17.0839,10.3824,83.7811,359.9395,246.9897
70.43999,8.3826,-16.9879,11.6635,79.7533,359.7541,246.6725
70.46,8.4118,-16.8782,12.2467,77.8478,359.9476,246.799
70.48,8.4297,-16.7746,12.777,76.1374,359.9829,246.7665
70.5,8.4431,-16.6512,13.2587,74.5437,359.9557,246.6892
70.52,8.4553,-16.527,13.683,73.1054,0.0134,246.7453
70.54,8.4746,-16.3651,14.2793,71.1366,359.9778,246.5354
70.56,8.481,-16.2602,14.597,70.0517,359.9557,246.2135
70.58,8.4809,-16.1958,14.7874,69.419,359.9832,246.0282
70.6,8.4677,-16.1758,14.9125,69.034,359.8113,245.7119
70.62,8.4798,-16.1406,14.9865,68.7671,359.9332,245.6748
70.64,8.4726,-16.1777,14.9592,68.8738,359.9796,245.8559
70.66,8.4445,-16.2397,14.8621,69.2965,359.945,246.0057
70.68,8.4356,-16.2963,14.6917,69.8413,0.0928,246.4007
70.7,8.4216,-16.3638,14.478,70.5634,0.2238,246.9403
70.72,8.4014,-16.4568,14.2101,71.5033,0.2774,247.438
70.74,8.3476,-16.6451,13.537,73.7424,0.7426,249.0508
70.76,8.3488,-16.7394,13.1075,75.1058,1.3646,250.2142
70.78,8.3379,-16.8218,12.6527,76.5712,2.1892,251.4901
70.8,8.3098,-16.92,12.1533,78.2139,3.0711,252.9539
70.82,8.318,-16.983,11.6124,79.8716,4.9033,255.4481
70.84,8.3491,-17.0627,10.4307,83.3543,11.6743,263.6519
70.86,8.3746,-17.0466,9.8225,85.0195,19.4635,272.1279
70.88,8.3941,-17.0182,9.2027,86.5789,34.802,288.1959
70.9,8.4328,-16.9556,8.5828,87.4916,67.425,321.5513
70.92,8.4986,-16.8694,7.9565,87.156,107.2916,1.9151
70.93999,8.5919,-16.6631,6.7815,84.4586,141.9839,37.1995
70.96,8.644,-16.5516,6.235,82.9096,148.1207,43.4429
70.98,8.6913,-16.4446,5.7213,81.4015,152.148,47.4839
71,8.7385,-16.3391,5.2474,79.98,154.7837,49.9513
71.02,8.7836,-16.2343,4.8136,78.6698,156.7678,51.6175
71.04,8.8326,-16.0222,4.1006,76.5107,159.525,53.5375
71.06,8.8499,-15.9196,3.8164,75.6756,160.4892,54.0839
71.08,8.8535,-15.8192,3.5869,74.9837,161.2775,54.4134
71.1,8.8542,-15.7291,3.3998,74.4366,162.0619,54.6123
71.12,8.8393,-15.656,3.2713,74.0518,162.7603,54.8368
71.14,8.7988,-15.5734,3.1886,73.916,163.7676,55.6737
71.16,8.7743,-15.5646,3.2302,74.1201,164.0441,56.0886
71.18,8.7465,-15.5745,3.3361,74.6055,164.1846,56.6017
71.2,8.7113,-15.6087,3.5239,75.3154,164.1425,57.0596
71.22,8.6701,-15.6568,3.778,76.2692,163.8247,57.3126
71.24,8.5762,-15.7869,4.4837,78.7763,162.3475,56.1813
71.26,8.5229,-15.8623,4.9365,80.3094,160.9493,54.6562
71.28,8.4726,-15.9509,5.4399,81.9775,158.9083,52.4793
71.3,8.4216,-16.0371,5.9938,83.7667,155.3436,48.7846
71.32,8.3688,-16.129,6.5797,85.5601,148.9452,42.2055
71.34,8.2679,-16.2781,7.8103,88.2979,88.585,341.6559
71.36,8.2334,-16.3299,8.4249,87.5763,36.2043,289.4439
71.38,8.1891,-16.3665,9.0374,85.9885,16.6132,270.4004
71.4,8.1595,-16.3855,9.6228,84.2896,9.0826,263.5643
71.42,8.1312,-16.3821,10.1786,82.6084,5.1824,260.5712
71.43999,8.108,-16.3222,11.1715,79.5527,0.4681,257.8079
71.46,8.1136,-16.2736,11.6279,77.929,351.5956,250.854
71.48,8.1214,-16.2278,12.042,76.3944,348.4132,250.3664
71.5,8.1298,-16.1724,12.4189,75.0694,347.3536,251.8738
71.52,8.1567,-16.1279,12.7362,74.1315,348.1432,254.3248
71.54,8.2225,-16.067,13.1637,72.7473,348.5264,256.4
71.56,8.2784,-16.0485,13.3616,72.0918,349.4964,257.7949
71.58,8.332,-16.0318,13.4575,71.8523,349.5559,257.4806
71.6,8.3786,-16.0253,13.5041,71.7735,350.0137,257.9937
71.62,8.4097,-16.0414,13.5029,71.8736,350.0033,258.4208
71.64,8.4685,-16.0892,13.3406,72.5991,349.9514,258.6602
71.66,8.4944,-16.1406,13.1639,73.2096,350.0631,258.3024
71.68,8.5219,-16.182,12.9378,73.9587,350.4829,257.9004
71.7,8.534,-16.239,12.6591,74.831,350.7018,257.0125
71.72,8.5284,-16.3245,12.31,75.9757,350.6962,255.4301
71.74,8.5121,-16.386,11.4379,78.2366,5.2708,266.6362
71.76,8.4851,-16.4038,10.9205,79.7169,8.6524,268.668
71.78,8.4368,-16.4133,10.355,81.5088,11.5825,270.7223
71.8,8.3909,-16.4088,9.7337,83.3213,15.7902,274.3654
71.82,8.3395,-16.3929,9.0699,85.2817,23.6195,281.8723
71.84,8.2451,-16.2998,7.6505,87.9318,91.1628,349.3471
71.86,8.1922,-16.2348,6.9167,86.8339,137.4772,36.0003
71.88,8.15,-16.1466,6.1768,84.8678,154.7054,53.8178
71.9,8.113,-16.0205,5.4504,82.7352,161.6338,61.256
71.92,8.0777,-15.8748,4.7471,80.5904,165.3613,65.2523
71.93999,8.0292,-15.5101,3.4699,76.5335,168.8531,68.723
71.96,8.012,-15.3199,2.9331,74.7704,169.8295,69.9043
71.98,8.0095,-15.1387,2.4703,73.2233,170.4409,70.8236
72,8.015,-14.9817,2.0947,71.938,170.7616,71.4867
72.02,8.0319,-14.8564,1.8045,70.9159,170.8736,71.7842
72.04,8.0896,-14.7439,1.4851,69.6712,170.6232,71.5975
72.06,8.1256,-14.7639,1.4536,69.4738,170.4028,71.4489
72.08,8.176,-14.8005,1.5008,69.6172,169.9196,70.9272
72.1,8.2259,-14.8789,1.6286,69.9629,169.3543,70.2964
72.12,8.2882,-14.9921,1.838,70.6421,168.5024,69.3277
72.14,8.4025,-15.2731,2.4339,72.5085,166.469,67.2534
72.16,8.4613,-15.4373,2.8122,73.6804,165.1492,65.9637
72.18,8.5108,-15.601,3.2525,75.0478,163.3941,64.2896
72.2,8.5667,-15.7672,3.7255,76.4949,161.2389,62.0859
72.22,8.6076,-15.9413,4.241,78.0267,158.7559,59.4389
72.24,8.6847,-16.2405,5.3898,81.3987,150.2365,50.7442
72.26,8.713,-16.3671,6.0128,83.1149,142.7433,43.2391
72.28,8.7432,-16.4596,6.6654,84.7417,129.7111,30.2984
72.3,8.7571,-16.5303,7.3519,85.9596,106.474,7.4694
72.32,8.773,-16.573,8.0493,86.1401,73.47,335.0371
72.34,8.7972,-16.5749,9.4535,83.4263,31.7928,294.0521
72.36,8.8224,-16.5565,10.129,81.5526,23.6149,286.1982
72.38,8.8283,-16.5239,10.796,79.6294,18.6026,281.5028
72.4,8.8293,-16.4712,11.4322,77.7199,15.3418,278.4229
72.42,8.8254,-16.4145,12.0254,75.9486,13.2557,276.266
72.43999,8.8399,-16.2963,13.0476,72.8298,10.5359,273.0469
72.46,8.829,-16.2204,13.4964,71.4343,9.5667,271.9656
72.48,8.8232,-16.1617,13.8715,70.2572,8.7285,271.0511
72.5,8.8023,-16.0865,14.1958,69.2199,7.989,270.1886
72.52,8.7679,-16.0282,14.4529,68.4146,7.1388,269.1916
72.54,8.7401,-15.912,14.7294,67.5208,6.3222,267.3022
72.56,8.6641,-15.8872,14.8226,67.3136,5.5708,266.1796
72.58,8.6186,-15.8798,14.828,67.3053,5.0745,265.4796
72.6,8.5634,-15.8716,14.7937,67.4101,4.6475,264.8758
72.62,8.4811,-15.9087,14.6914,67.796,4.0362,264.0837
72.64,8.3424,-16.0359,14.2897,69.135,3.2536,262.7432
72.66,8.261,-16.1257,14.0177,70.0938,2.876,262.1687
72.68,8.1933,-16.2314,13.6797,71.2515,2.6183,261.7693
72.7,8.1199,-16.3401,13.2921,72.5718,2.372,261.5433
72.72,8.057,-16.4496,12.8498,74.0461,2.2882,261.5341
72.74,7.9603,-16.6427,11.8046,77.4551,2.9997,262.2192
72.76,7.9247,-16.7264,11.2076,79.3925,3.9085,263.1158
72.78,7.9005,-16.7828,10.5709,81.3969,5.6981,264.9725
72.8,7.8939,-16.8248,9.8938,83.4984,9.0795,268.5555
72.82,7.893,-16.8318,9.1924,85.5744,16.3364,276.1339
72.84,7.9379,-16.7406,7.7327,88.14,97.6374,358.2372
72.86,7.9877,-16.6547,6.9809,86.6123,139.3185,40.2771
72.88,8.0404,-16.5282,6.2464,84.4903,151.4623,52.7369
72.9,8.1013,-16.386,5.5244,82.2644,156.7701,58.2816
72.92,8.1721,-16.217,4.8277,80.047,159.3721,61.0635
72.93999,8.3265,-15.8257,3.5575,75.892,161.7553,63.8002
72.96,8.4101,-15.6219,2.9934,73.9822,162.3136,64.5041
72.98,8.4942,-15.4213,2.4916,72.2482,162.6364,64.9559
73,8.5736,-15.2334,2.0592,70.732,162.7781,65.2436
73.02,8.6533,-15.0631,1.6967,69.4134,162.7623,65.317
73.04,8.8107,-14.8139,1.1873,67.4733,162.4649,64.9904
73.06,8.8856,-14.7467,1.048,66.9051,162.1718,64.7084
73.08,8.9561,-14.7229,0.9849,66.5921,161.7884,64.3019
73.1,9.018,-14.7384,0.9963,66.5578,161.3477,63.821
73.12,9.073,-14.7864,1.0728,66.7582,160.815,63.2252
73.14,9.1722,-15.0073,1.4712,67.9936,159.3531,61.5895
73.16,9.2051,-15.151,1.7664,68.9486,158.4539,60.6855
73.18,9.2244,-15.3148,2.1278,70.1252,157.3948,59.7146
73.2,9.235,-15.4899,2.5537,71.5296,156.0333,58.529
73.22,9.2331,-15.6677,3.0427,73.1351,154.3067,57.0043
73.24,9.1862,-16.0137,4.1866,76.7816,149.2936,51.9734
73.26,9.1406,-16.1567,4.8397,78.7869,145.1406,47.5148
73.28,9.0836,-16.2883,5.5314,80.8227,139.159,41.1137
73.3,9.0228,-16.397,6.256,82.7895,129.5311,30.9674
73.32,8.9549,-16.4803,7.0021,84.4188,113.3379,14.0055
73.34,8.8035,-16.602,8.5161,85.1866,59.1268,318.4835
73.36,8.7304,-16.6197,9.2719,83.933,37.2269,296.2939
73.38,8.6572,-16.6099,10.0105,82.1595,24.0689,283.118
73.4,8.5967,-16.5954,10.7058,80.2581,16.294,275.486
73.42,8.5326,-16.5519,11.3715,78.3229,11.5145,270.8673
73.43999,8.4467,-16.3911,12.5512,74.6633,6.3502,266.1139
73.46,8.4082,-16.3095,13.0529,73.1043,4.9622,265.0261
73.48,8.377,-16.215,13.5046,71.6714,3.8515,264.3931
73.5,8.3418,-16.1298,13.898,70.3837,3.0869,264.1837
73.52,8.3134,-16.0554,14.2329,69.2899,2.619,264.2124
73.54,8.272,-15.9537,14.6542,67.8904,2.1918,264.0918
73.56,8.2285,-15.917,14.836,67.3705,2.1244,263.5248
73.58,8.2051,-15.888,14.916,67.0912,2.1246,263.1182
73.6,8.1502,-15.921,14.9327,67.1233,1.928,262.6366
73.62,8.1116,-15.948,14.9009,67.2589,1.7587,262.3502
73.64,8.0194,-16.0318,14.6439,68.108,1.4668,261.9108
73.66,7.9639,-16.1032,14.4406,68.8412,1.233,261.7882
73.68,7.9265,-16.1587,14.1812,69.6744,1.2243,261.9118
73.7,7.8647,-16.2842,13.8565,70.8456,1.0217,261.9282
73.72,7.8406,-16.3936,13.4782,72.1112,1.0829,262.2045
73.74,7.8057,-16.6017,12.5731,75.0385,1.7144,263.4265
73.76,7.7952,-16.7096,12.0491,76.7479,2.4916,264.6487
73.78,7.8083,-16.8027,11.4694,78.5837,3.9427,266.4708
73.8,7.8261,-16.8606,10.8681,80.4352,6.3238,269.2329
73.82,7.8592,-16.9187,10.2184,82.4152,10.3427,273.7906
73.84,7.9746,-16.9446,8.8429,86.1195,33.677,298.4994
73.86,8.0462,-16.921,8.1292,87.1799,69.6323,334.8991
73.88,8.133,-16.8718,7.4039,86.5505,112.5458,17.9484
73.9,8.2218,-16.8202,6.6758,84.7829,134.4332,39.9666
73.92,8.3108,-16.7362,5.9707,82.7186,144.1638,49.9179
73.93999,8.5143,-16.4579,4.6476,78.5706,151.9561,58.2871
73.96,8.6156,-16.2781,4.0433,76.5877,153.8191,60.2945
73.98,8.709,-16.0855,3.4936,74.7696,155.1199,61.7159
74,8.8025,-15.8898,2.9913,73.0745,156.0222,62.6306
74.02,8.8843,-15.7003,2.5507,71.5672,156.7137,63.2104
74.04,9.0283,-15.3678,1.8491,69.0747,157.6643,63.6009
74.06,9.0915,-15.2421,1.587,68.1242,158.0206,63.542
74.08,9.1451,-15.1497,1.3972,67.4212,158.2448,63.4452
74.1,9.1911,-15.0922,1.2756,66.9617,158.3706,63.274
74.12,9.2284,-15.0779,1.2165,66.7145,158.4883,63.0595
74.14,9.2807,-15.1405,1.287,66.8909,158.3575,62.1476
74.16,9.2955,-15.2318,1.435,67.3371,158.1343,61.6253
74.18,9.2999,-15.3495,1.6373,67.9979,157.8323,61.0704
74.2,9.2949,-15.4883,1.8974,68.8549,157.3845,60.3764
74.22,9.2813,-15.6486,2.2146,69.8962,156.7763,59.4879
74.24,9.2125,-15.9958,3.0259,72.5514,154.9996,57.1793
74.26,9.1629,-16.1656,3.5157,74.1455,153.6942,55.596
74.28,9.1059,-16.3114,4.0593,75.9067,151.8528,53.2904
74.3,9.0322,-16.4438,4.6554,77.7894,149.3495,50.087
74.32,8.9458,-16.5608,5.2991,79.7936,145.7738,45.7837
74.34,8.7635,-16.7239,6.7015,83.8269,129.9394,28.133
74.36,8.6651,-16.7772,7.4565,85.5113,110.6503,8.0155
74.38,8.5743,-16.8112,8.2379,86.2243,76.4319,333.1813
74.4,8.482,-16.8304,9.0358,85.3836,42.6645,298.8077
74.42,8.41,-16.8285,9.8284,83.5628,24.249,279.7055
74.43999,8.2969,-16.7602,11.3803,79.1341,9.7874,264.248
74.46,8.2753,-16.6942,12.0991,76.9458,7.0217,260.9946
74.48,8.2585,-16.6095,12.7801,74.8512,5.2945,258.8821
74.5,8.2576,-16.5167,13.4037,72.9333,4.3016,257.5682
74.52,8.2691,-16.407,13.9678,71.1556,3.7941,256.7334
74.54,8.314,-16.1971,14.7975,68.459,3.5948,256.1136
74.56,8.358,-16.0593,15.2578,66.9652,3.6982,255.9934
74.58,8.3844,-15.9622,15.5553,65.9684,3.7263,256.0772
74.6,8.4178,-15.882,15.7781,65.2105,3.8754,256.3192
74.62,8.4561,-15.8262,15.9301,64.6682,4.0852,256.6403
74.64,8.5124,-15.7816,16.0423,64.247,4.5654,257.5173
74.66,8.5239,-15.8096,16.0052,64.421,4.791,257.8821
74.68,8.5286,-15.8774,15.9002,64.8534,5.0108,258.2328
74.7,8.5316,-15.9929,15.7065,65.5959,5.3354,258.5795
74.72,8.5225,-16.108,15.4779,66.4558,5.6363,258.9764
74.74,8.5096,-16.3937,14.8158,68.8029,6.5928,260.2065
74.76,8.4877,-16.5708,14.3915,70.3134,7.1443,261.0517
74.78,8.4722,-16.734,13.9065,71.9469,7.9708,262.269
74.8,8.4586,-16.8821,13.369,73.6915,9.0669,263.8493
74.82,8.4479,-17.0241,12.7723,75.5961,10.6374,266.037
74.84,8.4487,-17.2091,11.4359,79.5984,16.5945,273.3304
74.86,8.4675,-17.2595,10.696,81.6469,22.3779,279.7562
74.88,8.4871,-17.2693,9.9305,83.6087,32.4587,290.5209
74.9,8.5228,-17.2439,9.134,85.2005,51.0538,309.797
74.92,8.5668,-17.1703,8.3372,85.8478,80.7996,340.1463
74.93999,8.6731,-16.9341,6.7312,83.6275,129.7997,30.0325
74.96,8.7309,-16.7705,5.9422,81.6505,140.72,41.1926
74.98,8.7955,-16.5707,5.1799,79.5523,147.0131,47.695
75,8.8541,-16.3517,4.457,77.4536,151.0988,51.9719
75.02,8.9157,-16.1099,3.7829,75.4298,153.7132,54.6916
75.04,9.0344,-15.616,2.5951,71.673,156.9786,57.8123
75.06,9.0881,-15.3778,2.0975,70.0256,157.9141,58.5372
75.08,9.1438,-15.1676,1.6622,68.5516,158.6715,59.0124
75.1,9.1979,-14.9787,1.3052,67.302,159.1326,59.2395
75.12,9.2453,-14.8349,1.0219,66.2675,159.4782,59.4551
75.14,9.3428,-14.6768,0.6838,64.9552,159.6525,59.4638
75.16,9.3943,-14.6631,0.631,64.705,159.4795,59.2738
75.18,9.4376,-14.6872,0.6593,64.7467,159.1413,58.9596
75.2,9.4792,-14.7416,0.7523,65.0243,158.6603,58.4595
75.22,9.5192,-14.8552,0.9479,65.612,157.9598,57.71
75.24,9.5743,-15.1588,1.5208,67.437,156.1483,55.9455
75.25999,9.5986,-15.3378,1.9088,68.6986,154.8387,54.8181
75.28,9.6012,-15.5506,2.3654,70.1512,153.3373,53.6169
75.3,9.5945,-15.7744,2.8779,71.7568,151.5092,51.9971
75.32,9.5789,-15.9837,3.4534,73.537,149.0325,49.6049
75.34,9.4932,-16.3853,4.7613,77.3999,141.8946,42.1317
75.36,9.4362,-16.5378,5.4851,79.3841,135.7784,35.2065
75.38,9.3628,-16.6662,6.2435,81.2954,126.8842,25.1503
75.4,9.2759,-16.731,7.0461,82.9755,112.4289,9.5024
75.42,9.193,-16.7625,7.8665,84.0232,90.7634,346.7644
75.43999,9.0192,-16.7755,9.5476,82.8919,43.0315,298.335
75.46,8.9531,-16.7311,10.3881,80.9838,29.1399,284.4485
75.48,8.8976,-16.6953,11.1844,78.8917,20.871,276.13
75.5,8.8609,-16.6525,11.9402,76.7862,15.8135,271.0321
75.52,8.8445,-16.5763,12.6503,74.6554,12.6427,267.8942
75.54,8.8112,-16.3972,13.7787,71.2093,9.4518,264.8918
75.56,8.8227,-16.2484,14.4522,69.0786,8.3742,263.8704
75.58,8.8347,-16.1207,14.9158,67.5626,7.9319,263.5795
75.6,8.859,-15.9982,15.3051,66.2454,7.7705,263.5549
75.62,8.8999,-15.8648,15.6312,65.0861,7.7681,263.7034
75.64,8.9208,-15.7076,16.0799,63.6312,7.8332,263.749
75.66,8.9411,-15.6535,16.1959,63.2174,7.9858,263.7853
75.68,8.9437,-15.6236,16.2593,63.0153,8.0722,263.764
75.7,8.9515,-15.6345,16.2422,63.0637,8.1665,263.8152
75.72,8.9462,-15.6752,16.1765,63.2997,8.2965,263.9597
75.74,8.8879,-15.8295,15.8373,64.5277,8.3731,264.1956
75.75999,8.8724,-15.9458,15.5624,65.5065,8.6269,264.4413
75.78,8.8343,-16.0634,15.24,66.6185,8.7718,264.6489
75.8,8.7797,-16.1973,14.8634,67.9267,8.9366,265.0218
75.82,8.7689,-16.3395,14.4073,69.4247,9.4855,265.7454
75.84,8.7043,-16.5692,13.351,72.6736,10.8814,267.9847
75.86,8.6818,-16.6366,12.7447,74.4429,12.1006,269.6515
75.88,8.6784,-16.6775,12.0739,76.3599,13.9321,271.5271
75.9,8.682,-16.7048,11.3514,78.4701,16.6053,273.9721
75.92,8.6851,-16.7093,10.6054,80.5769,20.6094,277.8027
75.93999,8.7206,-16.6845,9.0404,84.5656,40.2721,297.0972
75.96,8.746,-16.6396,8.2403,85.9321,65.0515,321.5806
75.98,8.792,-16.5623,7.4231,85.9843,101.3308,357.4497
76,8.839,-16.4487,6.614,84.6868,128.1635,23.9907
76.02,8.889,-16.294,5.8331,82.7861,141.9482,37.8288
76.04,8.9949,-15.8987,4.3786,78.5976,153.672,50.2027
76.06,9.0476,-15.6788,3.724,76.5227,156.3379,53.2437
76.08,9.0948,-15.458,3.1283,74.5692,158.1237,55.3172
76.1,9.1369,-15.26,2.6005,72.7579,159.3966,56.944
76.12,9.1761,-15.085,2.1555,71.2478,160.2383,58.4403
76.14,9.2333,-14.8297,1.5073,68.9394,161.1798,60.2936
76.16,9.2494,-14.7597,1.31,68.2063,161.4299,60.84
76.18,9.2577,-14.7271,1.2036,67.8049,161.4583,61.1743
76.2,9.2547,-14.7353,1.1862,67.7363,161.4087,61.4591
76.22,9.2475,-14.7762,1.2432,67.9322,161.2746,61.6284
76.24,9.1955,-14.9593,1.6242,69.2578,160.5715,61.3725
76.25999,9.1562,-15.0895,1.9204,70.2829,160.0535,60.8377
76.28,9.106,-15.2368,2.2939,71.5738,159.3833,60.173
76.3,9.05,-15.404,2.7341,73.0847,158.5958,59.3938
76.32,8.9836,-15.5777,3.2426,74.8244,157.5333,58.2283
76.34,8.8284,-15.9222,4.4471,78.8252,153.9551,53.917
76.36,8.7491,-16.0759,5.1383,81.0401,150.4643,50.0246
76.38,8.6658,-16.2179,5.88,83.3228,143.9978,43.3088
76.4,8.5889,-16.3292,6.6659,85.5057,129.8477,29.1974
76.42,8.5208,-16.4206,7.4764,86.9858,95.8467,355.4184
76.43999,8.4197,-16.5177,9.1254,84.6075,25.0525,285.4086
76.46,8.3891,-16.5199,9.9345,82.279,15.3962,276.322
76.48,8.372,-16.4884,10.7178,79.894,10.448,272.063
76.5,8.3669,-16.4176,11.4653,77.5479,7.815,270.2599
76.52,8.3615,-16.3433,12.1575,75.3752,6.2311,269.6379
76.54,8.3794,-16.144,13.2125,71.9245,4.8013,269.4386
76.56,8.4124,-15.9572,13.8428,69.7799,4.6499,269.6948
76.58,8.4296,-15.8552,14.2537,68.4571,4.3874,269.6765
76.6,8.4498,-15.76,14.6044,67.2624,4.3704,269.8191
76.62,8.4702,-15.6772,14.8979,66.2416,4.3052,270.1209
76.64,8.4832,-15.6291,15.2532,65.0915,4.1922,270.2449
76.66,8.4867,-15.622,15.3327,64.8566,4.2252,270.0446
76.68,8.4958,-15.6556,15.3262,64.9426,4.3074,269.7933
76.7,8.4835,-15.7194,15.2656,65.2982,4.3769,269.4366
76.72,8.4837,-15.7996,15.1123,65.9103,4.6444,269.033
76.74,8.4573,-16.0166,14.6371,67.6931,5.2036,269.1
76.75999,8.4407,-16.1292,14.3242,68.7848,5.6031,269.5924
76.78,8.4388,-16.2775,13.9274,70.1892,6.3395,270.3198
76.8,8.4407,-16.4114,13.4797,71.6843,7.2932,271.3948
76.82,8.433,-16.5653,12.9782,73.42,8.4075,272.4609
76.84,8.4773,-16.8131,11.8105,77.2324,12.8439,276.5434
76.86,8.4929,-16.9226,11.1787,79.2066,16.3522,280.2115
76.88,8.5372,-17.0035,10.51,81.1019,21.7323,286.1288
76.9,8.5815,-17.0485,9.8281,82.8612,30.1346,295.3691
76.92,8.6273,-17.0758,9.1195,84.4215,44.485,310.489
76.93999,8.7486,-17.0259,7.6591,85.2663,96.7792,3.604
76.96,8.8082,-16.9748,6.9221,84.1184,119.6575,26.6102
76.98,8.87,-16.9042,6.1897,82.3465,133.4909,40.3461
77,8.9299,-16.8094,5.472,80.3232,141.7758,48.3856
77.02,8.9857,-16.6979,4.7736,78.2015,147.1606,53.3555
77.04,9.0803,-16.3845,3.5078,74.2351,153.1197,58.8544
77.06,9.1166,-16.1917,2.9578,72.4873,154.9162,60.6938
77.08,9.142,-15.9881,2.4668,70.9274,156.2766,62.1529
77.1,9.1592,-15.7776,2.0388,69.5203,157.3362,63.1903
77.12,9.1679,-15.5934,1.661,68.2463,158.2936,63.912
77.14,9.1617,-15.2959,1.0991,66.3318,159.7231,64.959
77.16,9.1522,-15.1962,0.9143,65.721,160.2882,65.4911
77.18,9.1336,-15.1334,0.7963,65.3394,160.7516,65.9302
77.2,9.1103,-15.1077,0.7465,65.1954,161.1248,66.2692
77.22,9.0803,-15.1222,0.7662,65.3166,161.3961,66.5613
77.24,9.0051,-15.2471,1.0048,66.2688,161.7409,66.5534
77.25999,8.9564,-15.3519,1.2323,67.1339,161.7473,66.2584
77.28,8.9005,-15.481,1.5305,68.2465,161.6614,66.032
77.3,8.8387,-15.6316,1.8953,69.5652,161.4857,65.8368
77.32,8.7724,-15.7965,2.3274,71.1181,161.0837,65.5639
77.34,8.6348,-16.1544,3.3661,74.7295,159.4644,64.8329
77.36,8.5617,-16.3355,3.962,76.7059,157.9684,63.6134
77.38,8.4903,-16.5109,4.6004,78.7892,155.7841,61.7475
77.4,8.4178,-16.6624,5.2839,80.9626,151.9962,58.3201
77.42,8.3495,-16.7945,5.9947,83.0985,145.4608,52.068
77.43999,8.2244,-16.9836,7.4557,86.508,107.791,14.2758
77.46,8.1738,-17.0398,8.1832,86.704,68.3237,334.4713
77.48,8.1195,-17.077,8.9071,85.5587,38.8736,304.676
77.5,8.0749,-17.0814,9.6139,83.8145,24.0501,289.4921
77.52,8.0216,-17.0622,10.3057,81.8918,16.0551,281.2025
77.54,7.9594,-16.9523,11.4317,78.5265,9.3845,273.5691
77.56,7.9274,-16.865,12.1478,76.375,6.7484,270.0949
77.58,7.8959,-16.7751,12.6762,74.7592,5.2452,267.8052
77.6,7.8774,-16.6885,13.1507,73.2895,4.2115,266.0533
77.62,7.8752,-16.5877,13.5775,71.8989,3.4778,264.8788
77.64,7.8598,-16.3978,14.2757,69.6257,2.3917,263.1572
77.66,7.8746,-16.3157,14.5313,68.7736,2.1441,262.6302
77.68,7.8673,-16.2331,14.7453,68.0344,1.9285,262.3723
77.7,7.8653,-16.166,14.9004,67.4537,1.8182,262.4046
77.72,7.8696,-16.1264,14.9937,67.0891,1.8169,262.726
77.74,7.8652,-16.0928,15.0144,66.8886,1.9902,263.5761
77.75999,7.8665,-16.1137,14.9394,67.1491,2.1502,263.7715
77.78,7.8622,-16.1549,14.7857,67.6411,2.3184,264.0244
77.8,7.8689,-16.2353,14.5736,68.3707,2.5941,264.3971
77.82,7.8564,-16.3282,14.3223,69.2539,2.7961,264.888
77.84,7.8796,-16.5652,13.6348,71.5308,3.7394,266.7479
77.86,7.888,-16.6916,13.2105,72.9486,4.4277,267.852
77.88,7.9159,-16.8064,12.7301,74.5046,5.4464,269.2952
77.9,7.9589,-16.8996,12.2019,76.1376,6.9255,271.2595
77.92,8.0039,-16.9803,11.6366,77.8774,9.0976,274.1771
77.93999,8.1476,-17.0665,10.3871,81.432,17.202,283.8674
77.96,8.2458,-17.0675,9.713,83.1659,25.4315,292.6458
77.98,8.3368,-17.0585,9.0186,84.7302,39.1692,306.8803
78,8.4551,-17.0055,8.3004,85.7086,63.1347,331.0695
78.02,8.5589,-16.9251,7.5845,85.6684,92.9645,1.0604
78.04,8.7686,-16.6741,6.1717,83.0962,130.1125,38.6888
78.06,8.867,-16.5031,5.4966,81.3479,138.3833,47.1858
78.08,8.9541,-16.3257,4.8413,79.5082,144.1381,53.0251
78.1,9.04,-16.1167,4.2289,77.7066,147.7716,56.6088
78.12,9.1131,-15.9111,3.658,75.9547,150.453,59.2852
78.14,9.2326,-15.5366,2.6764,72.8317,154.0801,63.2589
78.16,9.2781,-15.3731,2.273,71.4854,155.266,64.492
78.18,9.3129,-15.2351,1.9358,70.3304,156.2172,65.3617
78.2,9.3416,-15.1192,1.6693,69.4062,156.8394,65.8285
78.22,9.3532,-15.0438,1.4806,68.7352,157.36,66.2192
78.24,9.3591,-14.9864,1.3281,68.1901,157.8088,66.3806
78.25999,9.3477,-15.0117,1.3608,68.2909,157.8309,66.294
78.28,9.3326,-15.0584,1.4551,68.6196,157.6705,65.9827
78.3,9.2979,-15.1635,1.6436,69.2575,157.4518,65.6386
78.32,9.2608,-15.2741,1.8879,70.101,156.9849,65.1158
78.34,9.1564,-15.5694,2.5563,72.3936,155.7078,64.0466
78.36,9.0898,-15.7358,2.9804,73.8503,154.6896,63.369
78.38,9.0184,-15.898,3.465,75.5026,153.2535,62.4011
78.4,8.9337,-16.0576,3.9966,77.2717,151.3727,60.763
78.42,8.8388,-16.2006,4.5791,79.1514,148.6032,57.9683
78.43999,8.636,-16.4241,5.8823,83.1781,137.1228,46.3734
78.46,8.5259,-16.4988,6.6039,85.1267,122.9224,32.3678
78.48,8.4214,-16.5442,7.3564,86.4649,93.2146,2.8176
78.5,8.3208,-16.5603,8.1353,86.1772,52.5511,321.9441
78.52,8.2253,-16.5535,8.9369,84.4806,27.597,296.8902
78.54,8.0956,-16.4935,10.3463,80.402,11.18,280.3551
78.56,8.0314,-16.4224,11.3257,77.3783,6.6952,275.9102
78.58,8.0014,-16.323,12.0849,74.942,4.8508,274.3484
78.6,7.9921,-16.2125,12.7909,72.6662,3.8543,273.7692
78.62,7.9979,-16.0827,13.4462,70.5522,3.4114,273.6494
78.64,8.0617,-15.7719,14.5816,66.7774,3.6232,274.0798
78.66,8.1074,-15.6325,15.0497,65.2389,3.9822,274.1927
78.68,8.1603,-15.5081,15.45,63.9188,4.4685,274.4213
78.7,8.2302,-15.4159,15.7818,62.7929,4.9641,274.9621
78.72,8.276,-15.3464,16.055,61.8973,5.4188,275.3562
78.74,8.3704,-15.2574,16.4026,60.7611,6.289,276.2781
78.75999,8.4065,-15.2578,16.4664,60.5777,6.6165,276.7112
78.78,8.4478,-15.2631,16.4638,60.5914,7.0125,277.1123
78.8,8.4452,-15.3095,16.4168,60.8429,7.1939,277.3111
78.82,8.4541,-15.3719,16.2816,61.343,7.4944,277.5046
78.84,8.4379,-15.6191,15.8166,63.1177,7.8713,277.7559
78.86,8.4302,-15.7562,15.4966,64.245,8.1107,277.9764
78.88,8.3984,-15.9289,15.116,65.6651,8.2893,278.1646
78.9,8.3696,-16.0975,14.6804,67.2265,8.5309,278.5137
78.92,8.3478,-16.2799,14.1808,68.9968,8.9224,279.0167
78.93999,8.3106,-16.6208,13.0159,72.9239,10.5516,280.7894
78.96,8.2813,-16.7677,12.3616,75.0783,11.935,281.9301
78.98,8.2732,-16.894,11.646,77.3688,14.3751,283.7113
79,8.2837,-16.9925,10.8775,79.738,18.6049,286.9987
79.02,8.2823,-17.0509,10.0876,82.0545,25.5686,292.942
79.04,8.3057,-17.044,8.4214,85.7795,64.2796,329.1919
79.06,8.3319,-16.9747,7.5721,85.9168,102.1633,6.1255
79.08,8.3516,-16.876,6.7349,84.5697,130.2191,33.6551
79.1,8.3725,-16.7449,5.92,82.5502,144.6735,48.1112
79.12,8.4191,-16.5882,5.1179,80.3121,152.2998,56.0961
79.14,8.504,-16.1836,3.6451,75.8315,159.2196,63.9508
79.16,8.5485,-15.9481,2.9843,73.7109,160.91,65.9709
79.18,8.5913,-15.7002,2.3859,71.7311,162.0145,67.2708
79.2,8.6318,-15.4554,1.8542,69.9373,162.7336,68.1315
79.22,8.6705,-15.2243,1.3943,68.3661,163.2051,68.8159
79.24,8.7331,-14.8467,0.6985,65.9048,163.7241,69.8375
79.25999,8.7655,-14.7145,0.4542,65.0188,163.8395,70.0754
79.28,8.7871,-14.6326,0.2866,64.388,163.8958,70.2361
79.3,8.8095,-14.596,0.1874,64.0173,163.9172,70.2662
79.32,8.8219,-14.6035,0.1698,63.9467,163.9085,70.222
79.34,8.8261,-14.7357,0.3561,64.6074,163.8225,69.8256
79.36,8.821,-14.8545,0.5793,65.4213,163.6007,69.391
79.38,8.8091,-15.0078,0.8633,66.449,163.3852,68.9748
79.4,8.7929,-15.1824,1.2162,67.6956,163.009,68.3024
79.42,8.7681,-15.3851,1.6332,69.1393,162.5524,67.5237
79.43999,8.6978,-15.8274,2.6629,72.6024,161.131,65.6705
79.46,8.6618,-16.0479,3.2636,74.5984,159.9563,64.2617
79.48,8.6133,-16.2606,3.9227,76.7221,158.2342,62.1905
79.5,8.5656,-16.4593,4.6223,78.912,155.7483,59.2716
79.52,8.5122,-16.6316,5.3654,81.1962,151.6872,54.7399
79.54,8.4197,-16.8863,6.7186,85.0129,135.3964,37.5373
79.56,8.3598,-17.0103,7.708,86.8964,98.9693,0.5454
79.58,8.3212,-17.0727,8.4948,86.621,54.4224,315.7396
79.6,8.2705,-17.0988,9.276,84.9782,28.6541,290.0005
79.62,8.2443,-17.0806,10.0306,82.8712,17.4997,278.9484
79.64,8.1876,-16.9126,11.4606,78.4335,8.5842,270.4671
79.66,8.1645,-16.8052,12.1025,76.3935,6.7667,268.7825
79.68,8.1481,-16.6676,12.71,74.3933,5.6245,267.8083
79.7,8.1326,-16.5633,13.2472,72.6698,4.8435,267.098
79.72,8.1181,-16.4233,13.7479,71.0022,4.4253,266.5423
79.74,8.101,-16.245,14.533,68.4706,3.7957,265.0765
79.75999,8.0966,-16.1568,14.8267,67.5095,3.6035,264.0987
79.78,8.0756,-16.1146,15.0477,66.8704,3.2912,262.9487
79.8,8.0565,-16.0952,15.196,66.4575,2.9345,261.9329
79.82,8.031,-16.053,15.3002,66.0881,2.4119,261.1479
79.84,7.995,-16.0512,15.2729,66.1996,1.588,259.6582
79.86,7.9673,-16.0754,15.1708,66.5714,1.2134,259.0756
79.88,7.941,-16.1512,14.9713,67.2801,0.8431,258.4944
79.9,7.9106,-16.2266,14.7393,68.0874,0.5774,258.1722
79.92,7.8979,-16.3609,14.4278,69.2247,0.3969,258.0013
79.93999,7.8526,-16.6364,13.6645,71.9395,0.3777,258.3477
79.96,7.8452,-16.7876,13.1947,73.5662,0.573,258.8389
79.98,7.8502,-16.9388,12.665,75.3398,1.2114,259.91
80,7.8642,-17.0476,12.0918,77.1559,2.533,261.8921
80.02,7.8774,-17.1591,11.4652,79.1341,4.4592,264.5844
80.04,7.9606,-17.2413,10.0734,83.1404,13.8509,275.5737
80.06,8.0176,-17.2301,9.3106,85.1498,25.2646,287.7026
80.08,8.0799,-17.151,8.5288,86.6787,50.1372,313.1207
80.1,8.16,-17.0249,7.7227,86.9407,93.7217,357.0071
80.12,8.2281,-16.8915,6.9034,85.6196,127.395,30.9117
80.14,8.3915,-16.5151,5.2848,81.2958,149.8487,53.8457
80.16,8.48,-16.2908,4.5037,78.9749,154.1671,58.3764
80.18,8.5543,-16.0581,3.7636,76.6524,157.0039,61.3735
80.2,8.6249,-15.8325,3.0574,74.3301,159.153,63.511
80.22,8.6929,-15.6025,2.4005,72.0719,160.6368,64.8002
80.24,8.8185,-15.1931,1.254,67.8886,162.6589,66.1422
80.25999,8.8758,-15.0179,0.7944,66.1772,163.2278,66.8184
80.28,8.9275,-14.8774,0.4025,64.707,163.7335,67.5763
80.3,8.9708,-14.7611,0.0883,63.4743,164.1148,68.0534
80.32,9.0097,-14.6714,-0.1506,62.5071,164.3873,68.178
80.34,9.0596,-14.6059,-0.3772,61.5422,164.676,68.1356
80.36,9.0763,-14.6279,-0.3708,61.5306,164.6943,68.0223
80.38,9.0837,-14.6804,-0.2907,61.8008,164.5793,67.8128
80.4,9.0888,-14.7909,-0.1244,62.3679,164.3896,67.5044
80.42,9.0884,-14.9321,0.1052,63.1965,164.0817,67.0882
80.43999,9.0671,-15.3129,0.7633,65.4938,163.2372,66.0072
80.46,9.0472,-15.54,1.1888,66.9782,162.6948,65.3539
80.48,9.0156,-15.7783,1.6803,68.6501,162.0015,64.4429
80.5,8.9725,-16.0189,2.2327,70.5041,161.2207,63.3066
80.52,8.9255,-16.2466,2.8457,72.5428,160.2136,61.897
80.54,8.8112,-16.6206,4.0509,76.4626,157.7839,58.6105
80.56,8.7308,-16.8307,4.9866,79.4734,154.6324,54.1987
80.58,8.6489,-16.955,5.781,81.9308,150.448,48.4944
80.6,8.5711,-17.0314,6.5999,84.3894,142.6718,39.0197
80.62,8.5052,-17.0716,7.436,86.6485,123.1843,17.9916
80.64,8.3936,-17.0982,9.1372,86.1135,25.1397,278.3967
80.66,8.3634,-17.0908,9.9597,83.8091,10.8127,263.5806
80.68,8.3521,-17.0609,10.7526,81.4198,5.1499,257.4171
80.7,8.3554,-17.0032,11.5079,79.0695,2.5281,254.3221
80.72,8.3772,-16.9241,12.2152,76.869,1.2866,252.596
80.74,8.4827,-16.7162,13.4479,72.9976,0.908,251.6496
80.75999,8.557,-16.593,13.9739,71.2879,1.3113,252.1455
80.78,8.6289,-16.4792,14.438,69.8081,1.8516,252.7563
80.8,8.7137,-16.3726,14.8255,68.5501,2.5296,253.3603
80.82,8.7962,-16.2835,15.1423,67.5646,3.2097,253.7266
80.84,8.9435,-16.1692,15.5899,66.1299,4.6412,255.2409
80.86,8.9999,-16.1337,15.7253,65.6508,5.1988,256.0945
80.88,9.0637,-16.1513,15.7767,65.4943,5.8625,256.9307
80.9,9.0854,-16.176,15.7868,65.4916,6.3363,257.7222
80.92,9.1122,-16.2173,15.7324,65.7061,6.899,258.5931
80.93999,9.1228,-16.4176,15.3855,66.9323,7.8754,260.4139
80.96,9.1117,-16.5373,15.1252,67.8619,8.351,261.3629
80.98,9.0837,-16.6948,14.7974,69.0466,8.8948,262.3474
81,9.0585,-16.8332,14.4137,70.3581,9.5569,263.4623
81.02,9.0294,-16.9878,13.9657,71.8642,10.3307,264.7416
81.04,8.9461,-17.3303,12.8932,75.4643,12.8575,268.3703
81.06,8.9147,-17.4705,12.2781,77.4039,15.1151,271.1499
81.08,8.8723,-17.603,11.6108,79.4474,18.3018,274.873
81.1,8.8467,-17.6985,10.8915,81.5112,23.6371,280.7285
81.12,8.8022,-17.7538,10.1358,83.548,32.8425,290.2424
81.14,8.7351,-17.7343,8.5223,86.1712,81.9971,340.2144
81.16,8.7075,-17.6562,7.6811,85.5757,115.9501,14.791
81.18,8.6801,-17.5155,6.8285,83.8858,136.4231,35.7318
81.2,8.6428,-17.3284,5.9851,81.8027,147.465,47.5208
81.22,8.6028,-17.107,5.1501,79.5341,154.1371,54.9996
81.24,8.5374,-16.5686,3.5537,74.8988,160.9335,63.2982
81.25999,8.5088,-16.2804,2.813,72.6179,162.7936,65.9822
81.28,8.4777,-16.0011,2.1192,70.4096,164.2389,68.2323
81.3,8.454,-15.7204,1.4795,68.3039,165.2339,69.8762
81.32,8.4309,-15.4532,0.9048,66.3478,166.0078,71.1591
81.34,8.3872,-14.9724,-0.0344,62.997,167.1117,72.6219
81.36,8.3676,-14.7687,-0.3873,61.6755,167.5024,72.908
81.38,8.351,-14.6075,-0.6645,60.6109,167.8358,73.0682
81.4,8.3367,-14.4945,-0.8631,59.8377,168.1412,73.2204
81.42,8.3288,-14.4241,-0.9819,59.3821,168.3581,73.2687
81.43999,8.3161,-14.4515,-1.001,59.2666,168.7411,73.1675
81.46,8.3193,-14.5269,-0.9097,59.6097,168.7884,72.9031
81.48,8.3234,-14.6851,-0.7253,60.2565,168.8531,72.6325
81.5,8.3313,-14.8753,-0.4835,61.1262,168.8114,72.2932
81.52,8.3448,-15.1072,-0.1724,62.2442,168.6725,71.9581
81.54,8.3741,-15.5866,0.5458,64.7583,168.0961,71.2232
81.56,8.4014,-15.9612,1.1812,66.912,167.3439,70.1519
81.58,8.4238,-16.269,1.7638,68.8319,166.5952,69.0427
81.6,8.4395,-16.5597,2.4199,70.9281,165.5772,67.637
81.62,8.4573,-16.8357,3.1285,73.1526,164.3541,65.8847
81.64,8.4853,-17.2977,4.6969,77.9202,160.2621,60.3848
81.66,8.4997,-17.4915,5.533,80.3963,156.7638,56.2139
81.68,8.5126,-17.6486,6.3924,82.8782,150.6418,49.5275
81.7,8.5252,-17.7681,7.2714,85.2065,137.8622,36.1996
81.72,8.542,-17.8555,8.1474,86.8927,107.3034,4.9916
81.74,8.6248,-17.8811,9.8566,84.9049,32.5856,289.1716
81.75999,8.6782,-17.8251,10.6815,82.6127,21.7861,278.1017
81.78,8.7354,-17.734,11.4625,80.2742,16.7765,272.8735
81.8,8.7919,-17.5867,12.2167,77.9229,14.0897,269.9296
81.82,8.868,-17.4433,12.9021,75.7317,12.6757,268.2271
81.84,8.9904,-17.1314,14.1162,71.7187,11.1068,266.4432
81.86,9.0164,-16.9768,14.646,69.9474,10.4972,265.8487
81.88,9.0525,-16.8219,15.0969,68.3677,10.134,265.401
81.9,9.081,-16.6798,15.4813,66.9836,9.5711,264.9701
81.92,9.1069,-16.5536,15.7856,65.8447,9.2874,264.669
81.93999,9.089,-16.4061,16.1913,64.4117,8.5845,264.1197
81.96,9.0618,-16.3719,16.2763,64.104,8.2698,263.9629
81.98,9.0196,-16.372,16.2872,64.0837,7.8998,263.7076
82,8.9787,-16.3871,16.2305,64.2809,7.6388,263.5112
82.02,8.9088,-16.4734,16.0789,64.8763,7.2075,263.1452
82.04,8.736,-16.6999,15.5746,66.7584,6.5343,262.8029
82.06,8.64,-16.8528,15.2211,68.0405,6.1674,262.7723
82.08,8.537,-17.0198,14.7988,69.5403,5.8672,262.867
82.1,8.436,-17.1814,14.3099,71.2002,5.6911,263.2216
82.12,8.3165,-17.3668,13.7503,73.1135,5.451,263.696
82.14,8.1214,-17.6765,12.424,77.4273,6.2405,265.9662
82.16,8.0382,-17.8165,11.6626,79.84,7.6954,267.9927
82.18,7.9566,-17.9485,10.8437,82.4374,10.9291,271.5641
82.2,7.8864,-18.0532,9.984,84.9827,18.9628,280.0302
82.22,7.8369,-18.1131,9.0717,87.2708,43.5382,305.2445
82.24,7.7703,-18.03,7.1495,85.3551,147.4047,50.0452
82.25999,7.7675,-17.8906,6.1631,82.4857,157.415,60.2261
82.28,7.7587,-17.7039,5.2042,79.6339,161.7591,65.3824
82.3,7.7585,-17.4566,4.284,76.8783,163.9932,68.767
82.32,7.7668,-17.1615,3.4002,74.181,165.3819,71.1741
82.34,7.7934,-16.4712,1.7691,68.9358,167.371,73.7442
82.36,7.8092,-16.099,1.0542,66.5243,168.0674,74.4048
82.38,7.8255,-15.7321,0.4164,64.317,168.6557,74.97
82.4,7.8483,-15.3712,-0.1364,62.3589,169.0763,75.4038
82.42,7.8706,-15.0406,-0.6065,60.6314,169.4323,75.7164
82.43999,7.9326,-14.5009,-1.313,57.9287,169.8184,75.7045
82.46,7.9711,-14.3145,-1.5542,56.9579,169.8983,75.4632
82.48,8.0144,-14.185,-1.7144,56.3087,169.8597,75.1811
82.5,8.0634,-14.123,-1.7989,55.9553,169.7515,74.9542
82.52,8.1184,-14.1243,-1.8067,55.9026,169.5382,74.6443
82.54,8.2247,-14.2701,-1.6415,56.5033,168.9268,73.9143
82.56,8.314,-14.495,-1.3602,57.5772,168.2428,73.2417
82.58,8.3841,-14.724,-1.0579,58.6995,167.6149,72.6404
82.6,8.4537,-14.996,-0.6774,60.0841,166.8706,71.9919
82.62,8.5178,-15.3004,-0.217,61.7105,165.9606,71.2171
82.64,8.6307,-15.9839,0.9114,65.5596,163.7153,68.987
82.66,8.6737,-16.3366,1.5758,67.7384,162.3584,67.4625
82.68,8.7042,-16.6797,2.3036,70.0422,160.7251,65.4631
82.7,8.7191,-17.001,3.0896,72.4572,158.7872,63.0512
82.72,8.7252,-17.2926,3.9197,74.9565,156.3569,60.0139
82.74,8.6997,-17.7701,5.6799,79.995,148.3986,50.2073
82.75999,8.673,-17.9422,6.5898,82.433,140.8111,41.4456
82.78,8.6535,-18.0612,7.5037,84.6471,126.3006,25.6891
82.8,8.6271,-18.1424,8.4088,86.114,98.0749,356.0419
82.82,8.6072,-18.1884,9.2906,86.0436,59.6,315.8507
82.84,8.5851,-18.1541,10.967,82.5958,21.0686,273.6421
82.86,8.5888,-18.0978,11.7418,80.4984,14.6619,265.577
82.88,8.6164,-17.9944,12.4679,78.3768,10.9717,260.3041
82.9,8.6397,-17.8983,13.1376,76.4767,8.7899,256.5345
82.92,8.6789,-17.7626,13.7609,74.5802,7.4997,253.8619
82.93999,8.7866,-17.5137,14.8304,71.1775,6.5966,251.9693
82.96,8.8369,-17.374,15.2744,69.69,6.6223,251.8972
82.98,8.891,-17.2261,15.6577,68.3579,6.9205,252.2851
83,8.956,-17.1086,15.9615,67.285,7.3094,253.0228
83.02,9.0101,-17.0207,16.1996,66.4264,7.7332,253.9429
83.04,9.068,-16.8918,16.4899,65.3133,8.5361,255.8691
83.06,9.0945,-16.892,16.5208,65.1585,8.9104,256.8203
83.08,9.1234,-16.8966,16.4922,65.2148,9.3865,257.8771
83.1,9.086,-16.9387,16.4373,65.4868,9.4201,258.6601
83.12,9.0666,-17.0273,16.2636,66.0121,9.6246,259.4807
83.14,8.9837,-17.2811,15.7563,67.8199,9.8238,260.734
83.16,8.9287,-17.4169,15.4176,68.9875,9.8749,261.2383
83.18,8.8755,-17.5823,15.0012,70.4317,10.0057,261.8033
83.2,8.809,-17.7416,14.5324,72.0208,10.139,262.42
83.22,8.7431,-17.8771,14.0077,73.7027,10.3075,263.247
83.24,8.6199,-18.0923,12.8001,77.3347,11.5826,266.423
83.25999,8.5535,-18.1696,12.1257,79.3229,13.1147,268.9028
83.28,8.5038,-18.2101,11.4032,81.3555,16.0733,272.6099
83.3,8.4706,-18.2032,10.6325,83.4274,22.3822,279.2394
83.32,8.4426,-18.1655,9.8296,85.4285,35.1495,292.106
83.34,8.4346,-18.0003,8.1563,86.7158,109.9811,7.7931
83.36,8.4298,-17.8744,7.3191,85.081,136.5481,34.9806
83.38,8.4514,-17.7064,6.4819,82.9207,148.0322,47.0109
83.4,8.4749,-17.5049,5.6612,80.6292,153.9734,53.4117
83.42,8.5077,-17.2735,4.8654,78.311,157.3363,57.2418
83.43999,8.5883,-16.7306,3.4088,73.9644,160.5962,61.6703
83.46,8.6213,-16.4407,2.7614,71.9534,161.5453,63.1162
83.48,8.6605,-16.1499,2.1656,70.0493,162.1979,64.1101
83.5,8.6932,-15.8727,1.6355,68.3093,162.7431,64.9814
83.52,8.7257,-15.6195,1.1676,66.7282,163.1221,65.6272
83.54,8.7727,-15.2586,0.5167,64.4635,163.6332,66.5484
83.56,8.8031,-15.0716,0.185,63.2777,163.8726,66.9793
83.58,8.824,-14.9718,0.0027,62.6081,163.9917,67.1299
83.6,8.838,-14.9223,-0.1044,62.1929,164.0874,67.1733
83.62,8.8488,-14.9135,-0.1333,62.0676,164.0817,67.0395
83.64,8.8627,-15.0271,0.0227,62.5728,163.9138,66.6493
83.66,8.8676,-15.1605,0.2324,63.3222,163.6851,66.3139
83.68,8.8689,-15.3231,0.5012,64.2583,163.368,65.8593
83.7,8.8648,-15.5159,0.8446,65.425,162.8974,65.2617
83.72,8.8574,-15.7391,1.2579,66.8158,162.2661,64.5744
83.74,8.8326,-16.2301,2.2764,70.1703,160.4811,62.3872
83.75999,8.8046,-16.4864,2.8816,72.0936,159.2124,60.7587
83.78,8.7808,-16.7266,3.5398,74.1562,157.5051,58.5819
83.8,8.7457,-16.9597,4.2482,76.33,155.3608,55.8972
83.82,8.7017,-17.1623,5.0074,78.636,152.2235,52.0403
83.84,8.6228,-17.3898,6.6273,83.286,138.7258,35.7028
83.86,8.5813,-17.418,7.4789,85.3264,121.538,16.821
83.88,8.5558,-17.415,8.3451,86.4212,86.1199,340.1605
83.9,8.5372,-17.4025,9.2172,85.6465,47.453,300.8006
83.92,8.5306,-17.3878,10.0857,83.6475,27.6463,280.7859
83.93999,8.5531,-17.3465,11.7443,78.9755,13.9294,267.0478
83.96,8.6005,-17.3239,12.4796,76.8139,11.5759,264.4371
83.98,8.6438,-17.2661,13.1783,74.739,10.1597,262.8998
84,8.7215,-17.1804,13.8081,72.7743,9.6575,262.5624
84.02,8.8072,-17.0446,14.3801,70.8906,9.5874,262.7108
84.04,8.9534,-16.7502,15.3319,67.6879,9.8359,263.4057
84.06,9.018,-16.6161,15.7088,66.3561,10.1581,264.0488
84.08,9.0942,-16.4776,16.0271,65.1689,10.5531,264.7337
84.1,9.1438,-16.3764,16.2764,64.2432,10.8532,265.3311
84.12,9.1815,-16.3011,16.4647,63.5331,11.116,265.7991
84.14,9.2267,-16.2242,16.6385,62.8404,11.5236,266.5261
84.16,9.2425,-16.2354,16.6219,62.8811,11.6935,266.8832
84.18,9.2288,-16.2626,16.563,63.0852,11.817,267.3131
84.2,9.2133,-16.3445,16.4121,63.6164,12.0003,267.8122
84.22,9.1903,-16.4377,16.1991,64.3287,12.1804,268.3122
84.24,9.1013,-16.7393,15.5766,66.5689,12.5864,269.3772
84.25999,9.0582,-16.8397,15.1919,67.7964,12.9254,270.0068
84.28,9.0058,-16.9883,14.7265,69.3593,13.4423,270.7581
84.3,8.9309,-17.1504,14.2011,71.1235,14.086,271.6401
84.32,8.8871,-17.2772,13.6238,72.9295,15.1933,273.0337
84.34,8.755,-17.5282,12.3095,76.9837,19.0349,277.9639
84.36,8.7057,-17.5892,11.5854,79.0378,22.6006,282.1351
84.38,8.6539,-17.6175,10.8213,81.0822,28.248,288.4078
84.4,8.6086,-17.6164,10.0242,83.015,37.8177,298.5781
84.42,8.5805,-17.5731,9.194,84.5825,55.1533,316.3665
84.43999,8.515,-17.3885,7.5071,84.9009,111.4068,13.6814
84.46,8.5138,-17.2326,6.6621,83.4381,130.9291,33.9684
84.48,8.4892,-17.0555,5.8469,81.572,142.5793,46.56
84.5,8.4753,-16.8309,5.056,79.5091,149.3766,53.984
84.52,8.4614,-16.5707,4.3044,77.394,153.7784,58.7502
84.54,8.4336,-16.0971,3.105,73.8128,158.657,64.2641
84.56,8.4027,-15.7974,2.3589,71.4614,160.9854,67.4474
84.58,8.3814,-15.5813,1.8381,69.8034,162.3008,69.6064
84.6,8.3598,-15.404,1.3871,68.3289,163.3493,71.6997
84.62,8.334,-15.268,1.013,67.1017,164.2427,73.6596
84.64,8.2662,-15.0935,0.5135,65.4164,165.3901,76.1067
84.66,8.2215,-15.0505,0.4027,65.0673,165.7854,76.7868
84.68,8.1734,-15.0451,0.3768,65.0179,166.141,77.2024
84.7,8.1215,-15.0733,0.4335,65.2499,166.4741,77.458
84.72,8.06,-15.1432,0.5775,65.8134,166.833,77.6624
84.74,7.9187,-15.4161,1.11,67.76,167.5141,77.712
84.75999,7.8469,-15.6078,1.4712,69.0269,167.8518,77.6284
84.78,7.7738,-15.8246,1.9032,70.535,168.1636,77.6366
84.8,7.6991,-16.0643,2.3958,72.2006,168.4864,77.6182
84.82,7.6355,-16.3009,2.9505,74.0719,168.6002,77.3302
84.84,7.5037,-16.7199,4.2576,78.3312,168.2353,76.1992
84.86,7.451,-16.8987,4.9846,80.6331,167.5975,75.216
84.88,7.4071,-17.0481,5.7577,83.0678,165.8611,73.2565
84.9,7.3779,-17.1696,6.5546,85.5101,161.3156,68.3716
84.92,7.3659,-17.2732,7.363,87.8285,145.0042,51.5887
84.93999,7.3781,-17.4009,9.0029,86.6374,16.8082,282.8467
84.96,7.4052,-17.4134,9.8115,84.2324,9.2027,274.8809
84.98,7.4498,-17.3993,10.5894,81.8933,6.6577,271.8061
85,7.5018,-17.336,11.3487,79.5592,5.4961,270.0454
85.02,7.5742,-17.2632,12.0612,77.3694,5.037,268.8399
85.04,7.7327,-17.0253,13.3864,73.1586,5.0438,267.7644
85.06,7.8152,-16.8976,13.975,71.2622,5.2397,267.7486
85.08,7.9415,-16.7643,14.4906,69.532,5.8205,267.9801
85.1,8.05,-16.6372,14.952,68.0002,6.311,268.1922
85.12,8.1532,-16.5058,15.3628,66.5899,6.804,268.576
85.14,8.3335,-16.3093,15.9826,64.4766,7.7063,269.5365
85.16,8.4386,-16.2296,16.1827,63.7108,8.2939,270.2182
85.18,8.5079,-16.1636,16.3376,63.121,8.751,270.9037
85.2,8.5613,-16.1376,16.4283,62.7952,9.1049,271.607
85.22,8.6323,-16.1233,16.443,62.6561,9.6169,272.5159
85.24,8.6997,-16.1756,16.3074,63.0819,10.4023,274.1767
85.25999,8.7313,-16.254,16.1196,63.6392,10.8035,275.0466
85.28,8.7591,-16.3435,15.8842,64.3792,11.3466,276.0494
85.3,8.7597,-16.4509,15.5965,65.3206,11.8765,277.0479
85.32,8.7609,-16.585,15.2434,66.5073,12.4859,278.1317
85.34,8.7483,-16.8616,14.3466,69.4207,14.0801,280.4262
85.36,8.7372,-17.0154,13.799,71.1705,15.2233,281.8619
85.38,8.7271,-17.1177,13.2072,72.9582,16.9154,283.7567
85.4,8.7022,-17.2375,12.5548,74.9433,19.1305,286.209
85.42,8.6948,-17.3056,11.8566,76.9048,22.3128,289.6981
85.43999,8.667,-17.3738,10.3429,80.8834,33.9024,302.0586
85.46,8.6529,-17.357,9.5408,82.6763,44.9177,313.2934
85.48,8.6495,-17.307,8.7087,84.034,62.9993,331.4987
85.5,8.6425,-17.2054,7.8783,84.4848,87.3367,355.988
85.52,8.6433,-17.0663,7.0499,83.8713,110.8354,19.7072
85.54,8.6334,-16.7535,5.6347,81.1822,136.5156,45.8388
85.56,8.6234,-16.4825,4.6732,78.7202,146.0641,55.5268
85.58,8.6103,-16.2428,3.9576,76.7494,150.8841,60.3738
85.6,8.5889,-15.9937,3.2965,74.827,154.3031,63.7315
85.62,8.5704,-15.743,2.6957,73.0182,156.8184,66.1591
85.64,8.5085,-15.3096,1.7053,69.8851,160.4649,69.5634
85.66,8.4764,-15.1416,1.3264,68.6424,161.75,70.6606
85.68,8.4437,-15.0185,1.0326,67.6604,162.7453,71.5513
85.7,8.4106,-14.9404,0.8332,67.0146,163.5248,72.3808
85.72,8.3832,-14.9025,0.723,66.6876,164.0844,73.0177
85.74,8.3275,-14.9448,0.753,66.85,164.7208,73.367
85.75999,8.3027,-15.0172,0.8935,67.3677,164.8007,73.2058
85.78,8.2747,-15.137,1.1302,68.1904,164.7245,72.9531
85.8,8.2552,-15.2788,1.4293,69.2211,164.4444,72.6359
85.82,8.2423,-15.4481,1.7987,70.4803,163.9407,72.1742
85.84,8.211,-15.8585,2.7198,73.4775,162.3763,70.4847
85.86,8.1942,-16.0773,3.2743,75.2422,161.1069,69.104
85.88,8.1825,-16.2858,3.8952,77.2017,159.2024,67.267
85.9,8.1719,-16.4706,4.579,79.3393,156.1818,64.4478
85.92,8.1589,-16.6339,5.3135,81.5421,151.2356,59.5807
85.93999,8.1577,-16.8645,6.8974,85.5989,124.2534,32.3823
85.96,8.1669,-16.9468,7.7207,86.5425,88.985,356.6442
85.98,8.1958,-17.003,8.5467,85.7948,51.8749,318.9522
86,8.2202,-17.0497,9.3722,84.0123,31.9445,298.5795
86.02,8.2565,-17.0742,10.1797,81.8881,22.3026,288.5788
86.04,8.3697,-17.0344,11.7051,77.5608,14.0659,279.3201
86.06,8.4427,-16.9936,12.394,75.5651,12.2229,276.7499
86.08,8.4924,-16.9371,13.0474,73.7193,10.9059,274.7657
86.1,8.5789,-16.8493,13.6343,71.9463,10.2361,273.3564
86.12,8.6555,-16.734,14.1785,70.2743,9.7968,272.3657
86.14,8.7819,-16.5529,15.079,67.5371,9.561,271.2831
86.16,8.848,-16.4783,15.434,66.4559,9.6117,270.9321
86.18,8.9002,-16.4079,15.7304,65.5264,9.7661,270.7461
86.2,8.9402,-16.3478,15.9661,64.7716,9.8504,270.6129
86.22,8.9763,-16.3175,16.126,64.2932,10.0144,270.5842
86.24,8.976,-16.286,16.2864,63.8149,10.0744,270.541
86.25999,8.9663,-16.3001,16.2772,63.8757,10.128,270.5613
86.28,8.9571,-16.3425,16.2065,64.1443,10.1947,270.6071
86.3,8.9115,-16.4316,16.0569,64.734,10.1569,270.631
86.32,8.8612,-16.5324,15.8536,65.4672,10.1885,270.7905
86.34,8.7288,-16.8092,15.2859,67.4794,10.1717,271.0236
86.36,8.6422,-16.9808,14.9065,68.8373,10.25,271.2219
86.38,8.5677,-17.1542,14.4576,70.4082,10.415,271.3969
86.4,8.4659,-17.3321,13.9554,72.1565,10.5482,271.7682
86.42,8.3788,-17.4829,13.3934,73.9823,10.8949,272.7366
86.43999,8.1913,-17.7174,12.1091,77.9854,12.5213,275.791
86.46,8.1178,-17.7882,11.383,80.154,14.7542,278.6012
86.48,8.0487,-17.8211,10.6166,82.3698,18.8836,283.3623
86.5,7.9924,-17.8019,9.826,84.4746,27.0954,292.3288
86.52,7.9521,-17.7624,9.0017,86.3696,45.9554,312.0442
86.54,7.901,-17.5983,7.5367,86.6203,120.3325,28.0672
86.56,7.8835,-17.4383,6.4839,84.2185,145.6655,54.8902
86.58,7.8877,-17.2826,5.6477,81.9306,153.4096,63.9716
86.6,7.8952,-17.1021,4.8268,79.5144,157.4824,69.2314
86.62,7.9174,-16.8859,4.0237,77.0648,159.8763,72.5002
86.64,7.9523,-16.3624,2.5515,72.3661,162.7463,76.3106
86.66,7.9699,-16.0742,1.8973,70.2015,163.7243,77.3855
86.68,7.9841,-15.7791,1.3067,68.1898,164.5242,78.0085
86.7,7.9956,-15.4973,0.7834,66.379,165.246,78.4335
86.72,8.0076,-15.2354,0.3317,64.7731,165.8868,78.7695
86.74,8.0248,-14.8216,-0.3598,62.2184,166.9403,78.9065
86.75999,8.0346,-14.6853,-0.5922,61.3262,167.3249,78.9858
86.78,8.0501,-14.598,-0.7501,60.7414,167.6138,79.053
86.8,8.0652,-14.5639,-0.8284,60.4266,167.8109,78.9962
86.82,8.0843,-14.5751,-0.8292,60.3992,167.8881,78.7199
86.84,8.13,-14.7446,-0.5886,61.2367,167.7221,77.8995
86.86,8.1599,-14.9002,-0.3439,62.1266,167.4515,77.502
86.88,8.1898,-15.0994,-0.025,63.2556,167.0255,77.0513
86.9,8.2237,-15.3353,0.3639,64.6095,166.419,76.4677
86.92,8.2566,-15.606,0.8213,66.163,165.6507,75.7681
86.93999,8.3157,-16.2075,1.9253,69.7765,163.4953,73.507
86.96,8.337,-16.5201,2.5697,71.794,161.9724,71.8153
86.98,8.3562,-16.8147,3.2775,73.985,159.8461,69.6124
87,8.3604,-17.1105,4.0275,76.2061,157.3152,66.9944
87.02,8.3688,-17.3728,4.8139,78.462,153.6611,63.0333
87.04,8.3769,-17.805,6.4635,82.7891,139.4261,47.6897
87.06,8.366,-17.968,7.3104,84.6279,124.4335,31.9754
87.08,8.3641,-18.098,8.1472,85.7499,98.7856,5.4318
87.1,8.368,-18.1894,8.9712,85.6656,66.7886,332.5004
87.12,8.3636,-18.2483,9.7721,84.513,43.3564,308.0063
87.14,8.3675,-18.2578,11.2699,81.0772,22.3098,284.4055
87.16,8.3855,-18.2134,11.9492,79.2731,17.7945,278.4644
87.18,8.407,-18.1365,12.5733,77.5685,14.7961,273.8163
87.2,8.4184,-18.0532,13.1466,75.9895,12.7084,270.2188
87.22,8.4393,-17.9483,13.6675,74.4483,11.1196,267.4131
87.24,8.4655,-17.7266,14.5344,71.8344,9.387,263.5533
87.25999,8.4777,-17.6225,14.8766,70.7691,8.6957,262.0977
87.28,8.4874,-17.4966,15.1743,69.7429,8.0782,261.033
87.3,8.4937,-17.444,15.377,69.0923,7.6709,260.3295
87.32,8.4741,-17.38,15.5446,68.5203,7.2755,259.8217
87.34,8.4651,-17.3472,15.6487,68.1586,7.0732,259.7656
87.36,8.4416,-17.358,15.6223,68.2389,6.9992,259.8985
87.38,8.4304,-17.4085,15.5157,68.6326,7.0902,260.274
87.4,8.3917,-17.498,15.3271,69.2732,7.1567,260.7973
87.42,8.3634,-17.5861,15.0956,70.0451,7.3947,261.5667
87.43999,8.2916,-17.8317,14.4385,72.19,8.1321,263.6854
87.46,8.2565,-17.9575,14.021,73.5132,8.7679,265.1313
87.48,8.2101,-18.0897,13.5427,75.0206,9.6622,266.8794
87.5,8.1864,-18.2096,12.9966,76.6637,11.0889,269.2032
87.52,8.1391,-18.3074,12.4127,78.3857,12.9107,272.0681
87.54,8.1034,-18.4126,11.2524,81.6024,19.5077,280.2702
87.56,8.0958,-18.434,10.3232,83.956,30.215,291.617
87.58,8.0954,-18.4149,9.529,85.6206,48.2676,309.8036
87.6,8.095,-18.346,8.7069,86.3971,81.8384,343.047
87.62,8.1077,-18.229,7.8618,85.6849,116.5804,17.8673
87.64,8.141,-17.8822,6.1433,81.8236,147.1561,49.5015
87.66,8.1742,-17.6607,5.2795,79.4971,153.0143,56.1283
87.68,8.2046,-17.4181,4.4304,77.0994,156.7109,60.7682
87.7,8.2389,-17.1488,3.5997,74.6635,159.2237,64.1097
87.72,8.2681,-16.8561,2.8019,72.2175,161.0249,66.4506
87.74,8.3124,-16.2011,1.355,67.6008,163.5044,69.4029
87.75999,8.3187,-15.855,0.7277,65.5195,164.4422,70.3116
87.78,8.3194,-15.5169,0.1699,63.618,165.2596,71.0418
87.8,8.3144,-15.1979,-0.3154,61.9094,165.9846,71.6574
87.82,8.3053,-14.9063,-0.726,60.422,166.5584,72.0955
87.84,8.2766,-14.461,-1.3266,58.1816,167.4562,72.8556
87.86,8.2675,-14.317,-1.5241,57.445,167.7892,73.181
87.88,8.2534,-14.2343,-1.6443,56.9965,168.0476,73.468
87.9,8.2376,-14.2096,-1.69,56.8242,168.2215,73.6203
87.92,8.2239,-14.2421,-1.6672,56.9123,168.3303,73.6177
87.93999,8.1913,-14.4825,-1.3896,57.996,168.418,73.5136
87.96,8.1707,-14.6746,-1.1344,58.9613,168.3626,73.3457
87.98,8.1493,-14.9181,-0.8116,60.1547,168.3036,73.1649
88,8.1277,-15.198,-0.4163,61.6045,168.1783,72.9722
88.02,8.1034,-15.5115,0.0458,63.2572,167.9932,72.6614
88.04,8.0453,-16.2013,1.1613,67.0655,167.3955,71.5399
88.06,8.0116,-16.5574,1.8086,69.1719,166.9319,70.6913
88.08,7.9762,-16.911,2.5109,71.4051,166.3813,69.8343
88.1,7.9429,-17.2537,3.2607,73.76,165.6648,69.0399
88.12,7.8981,-17.5798,4.0587,76.2018,164.7237,68.2017
88.14,7.8337,-18.1299,5.729,81.138,160.3648,63.8634
88.16,7.8105,-18.3455,6.584,83.5261,154.6796,58.0152
88.18,7.7957,-18.5181,7.4442,85.7501,142.0858,45.3524
88.2,7.7921,-18.6426,8.2947,87.3376,109.1484,12.5361
88.22,7.8045,-18.7185,9.1304,87.0471,57.6517,321.2375
88.24,7.8488,-18.7451,10.7024,83.2831,22.8129,286.4362
88.25999,7.8992,-18.706,11.4158,81.2544,18.3479,281.7343
88.28,7.9363,-18.6292,12.097,79.2398,15.6829,278.9735
88.3,7.9838,-18.5395,12.7204,77.3586,13.9019,277.1251
88.32,8.0305,-18.4235,13.2886,75.5757,12.6639,275.8888
88.34,8.123,-18.1694,14.2528,72.4659,11.1293,274.11
88.36,8.1623,-18.0449,14.6382,71.22,10.6561,273.2977
88.38,8.1956,-17.9528,14.9569,70.1974,10.1845,272.5185
88.4,8.2371,-17.8601,15.207,69.3982,9.8994,271.6525
88.42,8.2584,-17.7855,15.3923,68.7986,9.5919,270.7269
88.43999,8.2853,-17.7129,15.5607,68.3222,9.0849,269.1464
88.46,8.2953,-17.7217,15.537,68.4656,8.926,268.4232
88.48,8.291,-17.7509,15.4667,68.8181,8.788,267.8231
88.5,8.2904,-17.8037,15.3185,69.3178,8.7455,267.3991
88.52,8.2806,-17.9228,15.0925,70.164,8.7888,267.2202
88.54,8.2583,-18.1047,14.5918,71.8648,9.191,267.669
88.56,8.2379,-18.2683,14.1138,73.4434,9.8168,268.6465
88.58,8.2299,-18.3811,13.6704,74.8359,10.7694,269.9317
88.6,8.1976,-18.5263,13.1668,76.4768,11.8599,271.3019
88.62,8.1824,-18.6293,12.6251,78.1363,13.944,273.7427
88.64,8.1739,-18.7787,11.4037,81.549,21.3167,282.6995
88.66,8.162,-18.8136,10.7385,83.2411,28.2892,290.6597
88.68,8.1736,-18.8063,10.0337,84.7828,40.6364,303.9436
88.7,8.1867,-18.7513,9.302,85.8966,61.9273,326.0931
88.72,8.2048,-18.6574,8.549,86.1276,92.3539,357.2385
88.74,8.2484,-18.3572,6.9942,83.689,135.743,41.6026
88.75999,8.2788,-18.1406,6.2142,81.7823,144.9238,50.9056
88.78,8.3103,-17.9015,5.4355,79.7237,150.7749,56.7756
88.8,8.3376,-17.6371,4.6799,77.6185,154.4888,60.5487
88.82,8.3671,-17.3548,3.9474,75.5127,157.0808,63.1574
88.84,8.4217,-16.7587,2.5801,71.3609,160.5595,66.4412
88.86,8.4422,-16.4595,1.9624,69.4016,161.7876,67.5584
88.88,8.4618,-16.1571,1.4046,67.5917,162.6577,68.3208
88.9,8.4741,-15.8744,0.9057,65.9226,163.3806,68.9865
88.92,8.4942,-15.5948,0.4721,64.4538,163.8513,69.3327
88.93999,8.5208,-15.1451,-0.201,62.0775,164.5299,69.8657
88.96,8.5287,-14.9886,-0.4414,61.1852,164.7731,70.0883
88.98,8.5371,-14.8741,-0.6102,60.5596,164.8875,70.251
89,8.549,-14.8006,-0.7101,60.2006,164.8854,70.2812
89.02,8.5539,-14.7957,-0.75,60.0319,164.9308,70.3871
89.04,8.5518,-14.9131,-0.6213,60.4864,164.8304,70.3041
89.06,8.5494,-15.0549,-0.4384,61.1685,164.717,70.1133
89.07999,8.5364,-15.2299,-0.1961,62.0346,164.5844,69.9105
89.1,8.5208,-15.4428,0.1078,63.107,164.426,69.6437
89.12,8.5036,-15.682,0.4767,64.4047,164.1966,69.2772
89.14,8.4429,-16.254,1.3914,67.4748,163.6769,68.4188
89.16,8.4076,-16.5559,1.9375,69.2604,163.2106,67.6796
89.18,8.3655,-16.861,2.5346,71.1737,162.6717,66.7204
89.2,8.308,-17.169,3.1829,73.1916,162.1377,65.6919
89.22,8.2584,-17.4462,3.8788,75.3316,161.2226,64.2705
89.24,8.1441,-17.9388,5.3785,79.8481,158.749,61.0173
89.25999,8.093,-18.1266,6.1692,82.1519,155.8224,57.4867
89.28,8.0504,-18.2765,6.9702,84.4127,150.0374,51.0324
89.3,8.0272,-18.3828,7.7741,86.4991,135.6063,35.9889
89.32,8.016,-18.4524,8.5745,87.8165,93.8556,353.6902
89.34,8.0112,-18.5347,10.122,85.3154,23.1796,282.1638
89.36,8.0409,-18.5312,10.847,83.301,15.9206,274.4662
89.38,8.0722,-18.503,11.5327,81.3384,12.3149,270.4455
89.4,8.1061,-18.4461,12.1799,79.446,10.5675,268.2502
89.42,8.1622,-18.3552,12.7755,77.6308,9.8405,267.0554
89.43999,8.2642,-18.1697,13.8026,74.4769,9.04,265.5067
89.46,8.32,-18.0773,14.2276,73.1474,8.8887,265.0099
89.48,8.3667,-17.9772,14.5951,71.9456,8.8868,264.7329
89.5,8.4062,-17.8856,14.9097,70.938,8.8882,264.5052
89.52,8.4541,-17.812,15.1464,70.1454,8.8846,264.2316
89.54,8.4999,-17.7043,15.4313,69.2019,8.8545,263.6212
89.56,8.5271,-17.7045,15.4926,69.0687,8.8723,263.0398
89.57999,8.5401,-17.7108,15.4883,69.1021,8.9335,262.7668
89.6,8.5411,-17.7414,15.4354,69.3219,8.8842,262.6523
89.62,8.537,-17.812,15.2967,69.8175,9.0109,262.7089
89.64,8.5058,-17.9745,14.851,71.3677,9.3142,263.1069
89.66,8.505,-18.0659,14.5343,72.363,9.7809,263.7714
89.68,8.4763,-18.1661,14.1672,73.5358,10.19,264.6368
89.7,8.4589,-18.245,13.7437,74.798,10.9595,265.8793
89.72,8.4274,-18.3158,13.2662,76.1972,12.0389,267.5331
89.74,8.3844,-18.3835,12.1222,79.4204,15.9341,272.4508
89.75999,8.3794,-18.3801,11.4566,81.1964,19.8534,276.7864
89.78,8.3789,-18.3446,10.7339,83.0346,26.9929,283.7838
89.8,8.3778,-18.2672,9.9696,84.7472,40.4826,296.9052
89.82,8.3889,-18.1692,9.1679,85.9782,64.3379,320.9644
89.84,8.4478,-17.877,7.4541,84.7488,126.584,23.4082
89.86,8.482,-17.6845,6.5747,82.7118,141.0729,37.8889
89.88,8.5214,-17.4701,5.6807,80.3253,149.2278,45.9586
89.9,8.5614,-17.2148,4.8054,77.8468,153.8862,50.6647
89.92,8.6008,-16.9355,3.9517,75.3615,157.0201,54.0975
89.93999,8.6713,-16.3049,2.3694,70.5161,160.6927,58.9673
89.96,8.7037,-15.9819,1.6537,68.2223,161.8137,61.0147
89.98,8.733,-15.6688,0.9982,66.0668,162.6505,62.7676
90,8.7521,-15.3655,0.4203,64.146,163.2866,64.2942
90.02,8.7612,-14.7906,-0.4854,61.0412,164.302,66.0941
90.04,8.7533,-14.5418,-0.8151,59.8421,164.6648,66.3068
90.06,8.7368,-14.348,-1.0625,58.941,165.0199,66.5819
90.07999,8.7185,-14.2076,-1.2277,58.3512,165.2545,66.8994
90.1,8.7001,-14.1383,-1.3237,58.0193,165.4825,67.2461
90.12,8.6799,-14.1328,-1.3426,57.9684,165.5991,67.5234
90.14,8.6386,-14.302,-1.1697,58.6641,165.6688,67.8986
90.16,8.6091,-14.4856,-0.96,59.4579,165.6869,67.9878
90.18,8.5827,-14.6861,-0.6776,60.5241,165.5423,67.7588
90.2,8.548,-14.931,-0.3232,61.814,165.4054,67.4478
90.22,8.5055,-15.2082,0.1026,63.3392,165.2402,67.1346
90.24,8.4112,-15.835,1.1513,66.9913,164.7299,66.6328
90.25999,8.3608,-16.1746,1.7569,69.0095,164.3976,66.233
90.28,8.2988,-16.5212,2.4223,71.1653,163.9998,65.7175
90.3,8.241,-16.8558,3.1304,73.3965,163.421,64.8506
90.32,8.1735,-17.1751,3.8903,75.7372,162.6849,63.7859
90.34,8.0631,-17.6994,5.5127,80.6042,159.213,59.4227
90.36,8.009,-17.919,6.353,83.0006,155.7655,55.3996
90.38,7.9707,-18.0814,7.1971,85.3326,147.4759,46.4296
90.4,7.9335,-18.2165,8.0396,87.3303,125.8266,24.0781
90.42,7.9043,-18.3223,8.8629,87.9823,67.9694,325.5425
90.43999,7.9025,-18.3928,10.4425,84.4802,16.4269,273.0313
90.46,7.9129,-18.4055,11.1705,82.4744,11.251,267.5632
90.48,7.9369,-18.3559,11.8698,80.4203,9.0587,265.1564
90.5,7.9694,-18.2921,12.509,78.5178,7.8343,263.6279
90.52,8.0117,-18.2024,13.0932,76.7214,7.4008,262.939
90.54,8.0653,-18.0601,13.9679,74.0831,6.9697,261.963
90.56,8.1261,-17.8875,14.4946,72.3006,7.1204,261.4421
90.57999,8.1476,-17.7869,14.8356,71.209,7.0265,260.7749
90.6,8.1748,-17.7061,15.1044,70.3588,6.9927,259.976
90.62,8.185,-17.6169,15.3252,69.6501,6.8628,259.164
90.64,8.1743,-17.5514,15.5708,68.9058,6.3049,258.1067
90.66,8.1782,-17.5509,15.5826,68.8695,6.0643,257.6968
90.68,8.1677,-17.5645,15.5453,69.0006,5.8688,257.3455
90.7,8.1379,-17.5981,15.4566,69.3523,5.6311,257.0059
90.72,8.1191,-17.6609,15.2669,69.9686,5.5228,256.8179
90.74,8.0299,-17.8404,14.7532,71.7453,5.2518,256.8644
90.75999,7.9884,-17.9521,14.4067,72.9148,5.3325,257.3033
90.78,7.9467,-18.0672,14.0085,74.1882,5.5888,258.1479
90.8,7.9244,-18.1783,13.5572,75.5863,6.1693,259.508
90.82,7.8879,-18.2996,13.0575,77.1176,7.0148,261.3781
90.84,7.859,-18.4891,11.9214,80.4247,11.1157,267.8515
90.86,7.8604,-18.5553,11.2874,82.1972,15.4594,273.2126
90.88,7.8884,-18.6057,10.6035,83.9912,23.4111,282.0605
90.9,7.8996,-18.5911,9.9158,85.5331,36.5025,296.1231
90.92,7.9271,-18.5458,9.2003,86.6293,62.3572,322.7733
90.93999,8.0133,-18.3357,7.7147,85.5067,125.0252,26.6723
90.96,8.0743,-18.1681,6.9611,83.8218,138.8919,40.9971
90.98,8.1359,-17.9687,6.2089,81.9334,146.716,49.1936
91,8.1877,-17.7328,5.4773,79.9368,151.3631,53.9582
91.02,8.2561,-17.4777,4.7481,77.8645,154.4053,56.9949
91.04,8.3897,-16.9366,3.3542,73.6903,158.178,60.4848
91.06,8.4556,-16.658,2.7054,71.6512,159.3583,61.5201
91.07999,8.5183,-16.3737,2.1077,69.7337,160.1671,62.3163
91.1,8.5777,-16.0979,1.558,67.9359,160.8177,63.0004
91.12,8.6328,-15.8373,1.063,66.2718,161.3091,63.5761
91.14,8.7311,-15.3703,0.2563,63.4611,161.904,64.2354
91.16,8.7711,-15.1869,-0.053,62.3451,162.115,64.4914
91.18,8.8036,-15.0427,-0.2919,61.4708,162.2326,64.725
91.2,8.8345,-14.9401,-0.4639,60.8412,162.2846,64.9465
91.22,8.856,-14.8853,-0.5674,60.4493,162.3042,65.0799
91.24,8.8807,-14.9122,-0.5712,60.387,162.2364,64.8924
91.25999,8.8795,-14.9933,-0.4747,60.7144,162.1856,64.7512
91.28,8.8725,-15.1319,-0.2855,61.4003,162.0475,64.5199
91.3,8.8599,-15.2983,-0.0411,62.2772,161.8542,64.2575
91.32,8.8353,-15.5028,0.2701,63.3649,161.6227,63.9763
91.34,8.7656,-16.0011,1.0761,66.136,160.9578,63.3487
91.36,8.7212,-16.2775,1.5611,67.753,160.5117,62.7927
91.38,8.6637,-16.5609,2.1081,69.5347,159.9634,62.0587
91.4,8.6007,-16.8341,2.7099,71.4673,159.2176,61.0064
91.42,8.5318,-17.0897,3.3617,73.5225,158.2885,59.661
91.43999,8.3689,-17.5421,4.7982,77.9148,155.4864,55.6203
91.46,8.2891,-17.7321,5.5637,80.1983,153.0041,52.4416
91.48,8.2076,-17.889,6.3615,82.5264,148.6056,47.3541
91.5,8.1268,-18.0304,7.1617,84.7573,140.8227,38.8422
91.52,8.0549,-18.1229,7.9748,86.7353,121.0235,18.3031
91.54,7.9553,-18.2051,9.3743,86.8951,40.0691,295.6613
91.56,7.9023,-18.1897,10.3488,84.5435,16.3299,270.7411
91.57999,7.8838,-18.1286,11.0991,82.3974,9.4492,262.89
91.6,7.8629,-18.0894,11.8004,80.4314,5.7644,258.2279
91.62,7.8672,-18.0041,12.4699,78.4494,3.9563,255.4318
91.64,7.9063,-17.8161,13.6592,74.9074,2.5608,252.2038
91.66,7.9387,-17.7193,14.1707,73.3665,2.4384,251.4196
91.68,7.982,-17.6363,14.6177,72.0306,2.6589,251.1447
91.7,8.023,-17.5484,15.0137,70.7804,2.8607,250.952
91.72,8.0727,-17.4613,15.3475,69.7339,3.2326,251.1153
91.74,8.17,-17.3256,15.8187,68.2023,4.066,251.8826
91.75999,8.2064,-17.3069,15.9524,67.8011,4.4276,252.4211
91.78,8.2409,-17.2895,16.0299,67.4994,4.813,253.1082
91.8,8.2579,-17.2976,16.0516,67.4488,5.1958,253.8665
91.82,8.275,-17.3309,16.0148,67.6075,5.6307,254.7518
91.84,8.3032,-17.4769,15.7459,68.4918,6.6073,256.705
91.86,8.2971,-17.5937,15.5194,69.2776,7.0478,257.667
91.88,8.3182,-17.7134,15.217,70.262,7.7358,258.7492
91.9,8.2969,-17.8109,14.8893,71.2884,8.2754,259.9412
91.92,8.2953,-17.9135,14.485,72.5266,8.9925,261.2591
91.93999,8.2852,-18.1024,13.4855,75.6108,11.0545,263.5283
91.96,8.2853,-18.1854,12.9032,77.3656,12.6112,265.2265
91.98,8.2874,-18.2581,12.2709,79.2286,15,267.8239
92,8.3156,-18.2827,11.5993,81.0474,19.1408,272.1853
92.02,8.3371,-18.3079,10.885,82.9709,25.5935,278.6965
92.04,8.4274,-18.2642,9.3569,86.0825,61.4381,314.4327
92.06,8.4854,-18.1973,8.56,86.2658,96.8929,349.9123
92.07999,8.5593,-18.0925,7.7507,85.0901,124.6355,17.6612
92.1,8.6327,-17.9459,6.9526,83.2931,139.149,32.2679
92.12,8.7132,-17.7887,6.1576,81.2202,147.3501,40.6527
92.14,8.8874,-17.3694,4.6488,76.9857,154.7574,48.6965
92.16,8.9765,-17.133,3.9417,74.8875,156.6913,50.8384
92.18,9.0624,-16.8774,3.2843,72.8917,157.9561,52.2514
92.2,9.1385,-16.6202,2.6855,71.0062,158.844,53.3582
92.22,9.2208,-16.3659,2.1373,69.2673,159.4122,54.2991
92.24,9.3685,-15.9022,1.2514,66.3405,159.82,55.9559
92.25999,9.4267,-15.714,0.9119,65.1722,159.8804,56.592
92.28,9.4761,-15.5547,0.6444,64.2316,159.8449,57.0215
92.3,9.514,-15.4301,0.4543,63.5522,159.7633,57.3154
92.32,9.5446,-15.343,0.3387,63.1241,159.5943,57.5546
92.34,9.5723,-15.3205,0.3213,63.0103,159.1459,57.9854
92.36,9.5753,-15.3722,0.4036,63.3178,158.8618,58.0891
92.38,9.5617,-15.4854,0.5819,63.8793,158.5426,58.0764
92.4,9.5407,-15.6255,0.8103,64.6523,158.1947,57.8175
92.42,9.5049,-15.7946,1.1077,65.6596,157.7874,57.4217
92.43999,9.3966,-16.2129,1.8918,68.2878,156.7675,56.5437
92.46,9.3241,-16.4543,2.3719,69.8675,156.1316,56.084
92.48,9.2451,-16.703,2.9018,71.5758,155.2126,55.3736
92.5,9.1572,-16.9554,3.4783,73.3909,154.0163,54.3255
92.52,9.0602,-17.2043,4.0937,75.286,152.5092,52.9039
92.54,8.8726,-17.6037,5.2472,78.6764,148.3858,48.5679
92.56,8.7312,-17.8431,6.1173,81.1368,143.3106,43.1957
92.57999,8.6092,-18.0136,6.832,83.0596,136.7578,36.4705
92.6,8.4949,-18.144,7.5543,84.8228,124.583,24.1512
92.62,8.3782,-18.2546,8.271,86.1238,103.0503,2.4943
92.64,8.1706,-18.3735,9.6655,85.6474,42.6208,302.0122
92.66,8.0759,-18.3924,10.3303,84.222,26.6241,286.1783
92.68,7.9916,-18.389,10.959,82.6081,18.1421,277.7962
92.7,7.9182,-18.352,11.5504,80.954,13.0795,272.7626
92.72,7.8395,-18.3066,12.1006,79.3809,9.7954,269.5643
92.74,7.7414,-18.1392,13.0511,76.44,6.3877,266.2837
92.75999,7.6931,-18.0471,13.4536,75.1581,5.3267,265.3575
92.78,7.6496,-17.9696,13.8003,74.0512,4.5532,264.7412
92.8,7.6118,-17.8713,14.0976,73.0321,3.9601,264.2755
92.82,7.5704,-17.8119,14.3307,72.2534,3.4933,263.951
92.84,7.5002,-17.7052,14.6339,71.1737,2.7228,263.5706
92.86,7.4709,-17.6843,14.6955,70.9363,2.4116,263.4105
92.88,7.426,-17.6764,14.7092,70.8713,2.0641,263.2167
92.9,7.3874,-17.6994,14.6631,71.0277,1.7028,262.9702
92.92,7.3539,-17.7348,14.5565,71.3639,1.4367,262.9443
92.93999,7.2851,-17.8365,14.1756,72.5014,0.9128,263.33
92.96,7.2231,-17.9787,13.8916,73.5203,0.4732,263.5707
92.98,7.2079,-18.0693,13.5666,74.5095,0.5657,264.3253
93,7.1876,-18.1983,13.1813,75.7129,0.6916,265.3465
93.02,7.1667,-18.3266,12.7439,77.0833,0.9782,266.7184
93.04,7.1679,-18.4826,11.7255,80.0841,3.288,270.9975
93.06,7.1762,-18.5444,11.1338,81.841,5.641,274.2657
93.07999,7.2136,-18.5608,10.4957,83.6147,9.9382,279.2508
93.1,7.2509,-18.5587,9.8164,85.4713,17.9902,287.8568
93.12,7.3731,-18.4104,8.3885,87.851,83.7675,354.4494
93.14,7.438,-18.302,7.6442,86.8641,127.5889,38.6343
93.16,7.5279,-18.1419,6.8928,85.0322,144.6056,55.8887
93.18,7.6183,-17.9695,6.1351,82.9396,152.3835,63.7309
93.2,7.7121,-17.7622,5.3881,80.7608,156.4684,67.6519
93.22,7.8121,-17.5294,4.6567,78.574,158.8671,69.784
93.24,8.0138,-17.025,3.2828,74.3203,161.4684,71.8645
93.25999,8.1142,-16.7548,2.6572,72.3072,162.1944,72.3121
93.28,8.2079,-16.4911,2.0806,70.4108,162.7236,72.5713
93.3,8.3021,-16.226,1.5637,68.6647,162.9873,72.5966
93.32,8.3828,-15.9891,1.1024,67.0702,163.2755,72.7048
93.34,8.5403,-15.5702,0.375,64.4766,163.4292,72.4793
93.36,8.6071,-15.4094,0.1157,63.51,163.3857,72.2411
93.38,8.669,-15.2849,-0.0763,62.7839,163.2773,71.9465
93.4,8.7245,-15.1989,-0.1999,62.2996,163.1078,71.5342
93.42,8.7653,-15.1627,-0.2503,62.0564,162.9225,71.0858
93.43999,8.8224,-15.223,-0.1743,62.2696,162.5864,70.2999
93.46,8.8381,-15.3251,-0.0201,62.7803,162.355,69.8504
93.48,8.8404,-15.4601,0.1921,63.5055,162.1072,69.3382
93.5,8.8288,-15.6316,0.4637,64.4294,161.9059,68.7852
93.52,8.8086,-15.8328,0.7915,65.5326,161.7305,68.07
93.54,8.7372,-16.2356,1.5092,67.8983,161.453,66.2905
93.56,8.6625,-16.5537,2.1288,69.8859,161.3304,64.7867
93.57999,8.5946,-16.8116,2.6865,71.6715,161.2123,63.4843
93.6,8.52,-17.069,3.2924,73.5785,161.1482,62.1643
93.62,8.4364,-17.3211,3.9472,75.6112,161.0603,60.7371
93.64,8.2773,-17.7693,5.3581,79.886,160.3018,56.9659
93.66,8.1925,-17.9646,6.1032,82.0813,159.4967,54.6072
93.68,8.1264,-18.1313,6.8604,84.2763,157.3686,51.0295
93.7,8.0696,-18.2776,7.6184,86.4217,151.9167,44.351
93.72,8.0301,-18.3807,8.3799,88.3851,127.0745,18.5477
93.74,7.983,-18.5446,9.8381,86.7872,12.5263,262.6456
93.75999,7.9937,-18.5743,10.5126,84.9045,6.5381,256.0164
93.78,8.0018,-18.5755,11.1624,83.076,4.2769,253.2995
93.8,8.0183,-18.558,11.7632,81.3737,3.3926,252.0708
93.82,8.0565,-18.5104,12.315,79.745,3.4861,251.9002
93.84,8.1543,-18.3799,13.2667,76.8607,4.3213,252.7236
93.86,8.2048,-18.3087,13.6586,75.6497,4.8501,253.232
93.88,8.2382,-18.2402,14.0076,74.5628,5.2965,253.8937
93.9,8.2861,-18.1688,14.2942,73.6321,5.8051,254.5797
93.92,8.3265,-18.1324,14.5132,72.9324,6.2947,255.3226
93.93999,8.3861,-18.0579,14.7926,71.9574,6.9257,256.5722
93.96,8.4029,-18.0529,14.8404,71.7816,7.0671,256.9894
93.98,8.3992,-18.0594,14.8324,71.8057,7.062,257.2472
94,8.3895,-18.0618,14.778,71.9625,7.012,257.3873
94.02,8.3915,-18.1127,14.6226,72.4639,7.1198,257.5877
94.04,8.3509,-18.2159,14.1744,73.8859,7.1578,257.9269
94.06,8.3195,-18.2925,13.8693,74.8766,7.3156,258.3217
94.07999,8.3077,-18.3717,13.5051,75.9834,7.6164,258.9016
94.1,8.2778,-18.4449,13.0992,77.2165,8.1144,259.7869
94.12,8.255,-18.5161,12.6397,78.5696,8.9993,261.1698
94.14,8.2235,-18.6162,11.578,81.5266,12.7697,266.3729
94.16,8.2214,-18.6167,10.9712,83.1409,17.0292,271.2414
94.18,8.2151,-18.6003,10.3069,84.8662,24.9407,279.5843
94.2,8.2241,-18.5429,9.5987,86.4295,42.0057,296.8704
94.22,8.2363,-18.4564,8.8539,87.3043,78.287,333.5135
94.24,8.2756,-18.1976,7.2734,84.9141,140.6958,36.5118
94.25999,8.3069,-18.0123,6.4505,82.7659,150.5502,46.1849
94.28,8.3294,-17.8023,5.6165,80.4491,156.0683,51.5063
94.3,8.3497,-17.5658,4.7862,78.0694,159.6095,55.0441
94.32,8.367,-17.2879,3.9804,75.7196,161.8323,57.4884
94.34,8.3996,-16.6728,2.4323,71.0791,164.9169,61.2004
94.36,8.4034,-16.3555,1.7163,68.8315,166.0729,62.7681
94.38,8.4123,-16.0155,1.0601,66.7614,166.8319,63.9962
94.4,8.4132,-15.6897,0.459,64.7909,167.4908,65.0968
94.42,8.4078,-15.3793,-0.0776,62.9794,168.0707,66.0989
94.43999,8.3883,-14.8295,-0.9481,59.8772,168.9123,67.4559
94.46,8.3781,-14.6116,-1.2767,58.6761,169.2345,68.0236
94.48,8.3608,-14.4442,-1.5255,57.7559,169.5059,68.6272
94.5,8.3422,-14.3309,-1.6979,57.1121,169.7359,69.122
94.52,8.3198,-14.2742,-1.7936,56.7399,169.9425,69.4411
94.54,8.2808,-14.3043,-1.7753,56.824,170.1911,69.5759
94.56,8.2516,-14.4305,-1.6158,57.445,170.3295,69.5702
94.57999,8.2203,-14.6068,-1.3878,58.3076,170.4254,69.5637
94.6,8.198,-14.8198,-1.0969,59.4064,170.439,69.5497
94.62,8.1745,-15.0797,-0.7308,60.7644,170.396,69.5683
94.64,8.1349,-15.705,0.1942,64.0382,170.15,69.2402
94.66,8.1172,-16.0462,0.7542,65.9517,169.8565,68.8029
94.68,8.0895,-16.411,1.3697,67.9813,169.5908,68.3888
94.7,8.0673,-16.7726,2.0385,70.1248,169.1873,67.8248
94.72,8.0435,-17.1323,2.7505,72.3346,168.7255,67.1974
94.74,8.0039,-17.781,4.2903,76.967,167.0269,65.1692
94.75999,7.9862,-18.0595,5.0998,79.3151,165.5403,63.5042
94.78,7.9725,-18.3026,5.9221,81.6747,163.0198,60.9232
94.8,7.9638,-18.5026,6.7527,83.9992,158.3147,56.3229
94.82,7.9772,-18.6602,7.5697,86.1617,147.2326,45.2826
94.84,7.9993,-18.8504,9.1675,87.6787,55.1066,313.2385
94.86,8.0298,-18.8767,9.9218,86.0016,28.3281,286.4179
94.88,8.0622,-18.8758,10.6429,84.0759,19.1241,277.1919
94.9,8.1089,-18.8239,11.3201,82.1073,14.7572,272.7516
94.92,8.1508,-18.7641,11.95,80.2728,12.4573,270.3603
94.93999,8.2529,-18.5661,13.0578,76.8662,10.3878,267.7438
94.96,8.292,-18.4747,13.5305,75.4229,9.545,266.6263
94.98,8.338,-18.3723,13.9437,74.1087,9.0734,265.826
95,8.3755,-18.2905,14.2942,73.0025,8.6818,265.0735
95.02,8.4164,-18.2042,14.5907,72.0444,8.4616,264.4039
95.04,8.4545,-18.0986,14.987,70.7715,7.7529,263.1534
95.06,8.4831,-18.0544,15.0811,70.4594,7.7058,262.596
95.07999,8.4703,-18.0271,15.126,70.358,7.4006,261.8228
95.1,8.48,-18.0376,15.0938,70.5095,7.3441,261.354
95.12,8.4702,-18.0699,15.015,70.8707,7.1825,260.9218
95.14,8.4451,-18.1954,14.6351,72.1175,7.1783,260.6266
95.16,8.4351,-18.2763,14.3615,72.9967,7.3934,260.8172
95.18,8.4021,-18.3769,14.0412,74.0582,7.5512,261.1394
95.2,8.3784,-18.4818,13.6572,75.2706,8.0341,261.9452
95.22,8.349,-18.5852,13.2279,76.5947,8.7454,263.3002
95.24,8.3071,-18.7515,12.195,79.5716,11.6627,267.8348
95.25999,8.2827,-18.8012,11.598,81.2452,14.3715,271.2545
95.28,8.2771,-18.8033,10.9372,83.0052,19.2705,276.4792
95.3,8.2746,-18.7567,10.2288,84.7759,28.1998,285.6809
95.32,8.2821,-18.6734,9.4681,86.3571,47.2979,304.9106
95.34,8.3247,-18.3891,7.8404,86.1903,122.8527,20.9443
95.36,8.367,-18.198,6.9843,84.329,141.7706,40.1703
95.38,8.4086,-17.9658,6.1209,82.0971,150.8388,49.3575
95.4,8.461,-17.7119,5.247,79.6633,155.8652,54.3582
95.42,8.5181,-17.4327,4.379,77.1315,158.9237,57.2033
95.43999,8.6251,-16.8021,2.7334,72.1149,162.2754,60.2069
95.46,8.6765,-16.4616,1.9768,69.7212,163.2597,61.1639
95.48,8.7216,-16.1215,1.2766,67.441,164.0092,61.9873
95.5,8.7647,-15.7827,0.6391,65.291,164.5522,62.6381
95.52,8.8053,-15.4502,0.0686,63.3047,164.8892,63.0295
95.54,8.8588,-14.9377,-0.7578,60.2566,165.2848,63.3667
95.56,8.8901,-14.6517,-1.2043,58.5874,165.4571,63.8104
95.57999,8.9088,-14.4738,-1.4696,57.5858,165.5352,64.1946
95.6,8.9221,-14.3445,-1.6556,56.8514,165.5626,64.3699
95.62,8.9297,-14.2641,-1.7612,56.4124,165.5394,64.2691
95.64,8.9292,-14.2775,-1.7397,56.468,165.4604,64.0887
95.66,8.9243,-14.3643,-1.6197,56.9324,165.3789,64.0161
95.68,8.9112,-14.5288,-1.4004,57.7725,165.2564,64.0198
95.7,8.8981,-14.73,-1.1247,58.8211,165.0774,64.0062
95.72,8.8765,-14.984,-0.7787,60.1076,164.871,64.045
95.74,8.8137,-15.6004,0.1107,63.2991,164.3059,63.6927
95.75999,8.7695,-15.9413,0.6571,65.2145,163.9415,63.4395
95.78,8.7181,-16.2957,1.2618,67.266,163.5594,63.1462
95.8,8.6598,-16.6389,1.9309,69.4895,163.0179,62.5495
95.82,8.5907,-16.9823,2.6482,71.7825,162.3814,61.8245
95.84,8.453,-17.6026,4.2015,76.5825,160.0089,59.1763
95.86,8.3736,-17.8643,5.0239,79.0225,157.9564,56.8857
95.88,8.3073,-18.0939,5.8476,81.3907,154.7957,53.3403
95.9,8.2244,-18.291,6.6832,83.7094,149.4966,47.6204
95.92,8.1644,-18.4315,7.5095,85.8716,137.3455,35.0165
95.93999,8.0556,-18.6413,9.1148,87.4075,53.1453,310.3129
95.96,8.0073,-18.6973,9.8843,85.8214,25.5062,282.6345
95.98,7.9851,-18.7078,10.6202,83.8538,15.2404,272.3144
96,7.9584,-18.7182,11.3018,81.9778,10.1327,267.1822
96.02,7.9524,-18.6731,11.9437,80.0888,7.8946,264.831
96.04,7.948,-18.5265,13.0627,76.7427,5.5223,262.0667
96.06,7.9518,-18.4107,13.5412,75.2264,4.974,261.3748
96.07999,7.9644,-18.2682,13.9659,73.8139,4.6683,260.9186
96.1,7.9495,-18.166,14.3242,72.727,4.2822,260.4377
96.12,7.9693,-18.0256,14.6198,71.6634,4.1388,260.0732
96.14,7.9669,-17.8132,15.0493,70.156,3.7713,259.4148
96.16,7.9454,-17.7756,15.1635,69.7789,3.4546,258.9958
96.18,7.9457,-17.72,15.2269,69.4757,3.2166,258.6548
96.2,7.9163,-17.7215,15.2225,69.5068,2.8958,258.0312
96.22,7.8751,-17.726,15.1733,69.6788,2.5515,257.4312
96.24,7.826,-17.8081,14.834,70.7824,1.9964,256.4083
96.25999,7.7832,-17.8639,14.5878,71.5737,1.7764,256.0748
96.28,7.7416,-17.9537,14.2715,72.5988,1.4214,255.6291
96.3,7.7003,-18.0524,13.8913,73.8396,1.2087,255.4453
96.32,7.6761,-18.1461,13.4531,75.1905,1.1997,255.8097
96.34,7.6334,-18.3271,12.4049,78.369,1.7888,257.8994
96.36,7.6303,-18.392,11.7909,80.1563,2.9109,259.953
96.38,7.6324,-18.4207,11.1319,82.0298,4.9947,263.0977
96.4,7.6603,-18.4364,10.4155,84.0533,9.7456,268.9251
96.42,7.6946,-18.3947,9.6694,85.9876,19.8657,280.1716
96.43999,7.8226,-18.2384,8.0684,87.5556,107.8752,10.0809
96.46,7.9065,-18.1076,7.2342,85.7647,137.3327,40.3494
96.48,7.9979,-17.9355,6.3924,83.509,148.0659,51.69
96.5,8.0932,-17.7231,5.55,81.0982,153.3477,57.2935
96.52,8.1912,-17.4821,4.7108,78.5759,156.5354,60.3625
96.54,8.3524,-17.009,3.2719,74.0375,160.2124,62.5519
96.56,8.4486,-16.6468,2.3238,71.0048,162.0372,63.5692
96.57999,8.519,-16.3354,1.627,68.7576,163.1669,64.2375
96.6,8.5806,-16.0107,0.9964,66.6766,164.0698,64.7362
96.62,8.6358,-15.6781,0.4309,64.7655,164.7954,64.9928
96.64,8.7204,-15.0426,-0.4752,61.5392,165.7127,65.0224
96.66,8.7575,-14.7759,-0.8209,60.2719,165.9845,65.1362
96.68,8.7907,-14.555,-1.0922,59.25,166.1313,65.2885
96.7,8.824,-14.3888,-1.2966,58.4611,166.1481,65.4081
96.72,8.85,-14.2914,-1.4317,57.9163,166.1033,65.5393
96.74,8.8929,-14.2938,-1.504,57.5719,165.7678,65.5112
96.75999,8.9062,-14.3817,-1.4438,57.7828,165.5542,65.5346
96.78,8.9155,-14.542,-1.292,58.323,165.2528,65.554
96.8,8.914,-14.7429,-1.0722,59.129,164.9756,65.6472
96.82,8.9021,-14.9812,-0.7744,60.2154,164.6816,65.7401
96.84,8.8462,-15.5524,0.0421,63.1299,164.0843,65.6839
96.86,8.8025,-15.8719,0.5541,64.905,163.7546,65.4104
96.88,8.7472,-16.2124,1.1251,66.8332,163.4667,65.1026
96.9,8.6808,-16.5629,1.7551,68.9111,163.1519,64.663
96.92,8.6073,-16.9261,2.4257,71.0616,162.8574,64.1414
96.93999,8.4395,-17.6258,3.9024,75.6223,162.1263,62.9403
96.96,8.3561,-17.9434,4.6905,77.9844,161.3248,61.8933
96.98,8.2683,-18.2329,5.5027,80.3574,160.0178,60.2825
97,8.1863,-18.4885,6.3206,82.6882,157.4537,57.3356
97.02,8.1159,-18.6892,7.1431,84.9635,151.7944,51.2046
97.04,8.0176,-18.9439,8.7394,88.2272,87.5854,346.2663
97.06,7.9625,-19.0232,9.5012,87.351,34.5404,293.0157
97.07999,7.9397,-19.0315,10.2302,85.4939,17.4537,275.6868
97.1,7.927,-19.0137,10.9139,83.5866,11.2792,269.2326
97.12,7.9148,-18.9691,11.5512,81.7583,8.1379,265.8251
97.14,7.9018,-18.8161,12.6737,78.423,5.1635,262.3956
97.16,7.9212,-18.6963,13.1535,76.8788,4.6989,261.7232
97.18,7.9261,-18.6043,13.5679,75.6361,4.2038,260.9554
97.2,7.9379,-18.5136,13.9192,74.55,3.9771,260.444
97.22,7.9555,-18.3991,14.2293,73.5164,3.8146,259.9868
97.24,7.9529,-18.2736,14.6466,72.2199,3.4659,258.952
97.25999,7.9631,-18.2325,14.7589,71.8536,3.3753,258.5523
97.28,7.9637,-18.2198,14.8045,71.7258,3.2354,258.0303
97.3,7.9671,-18.2213,14.7864,71.8038,3.1102,257.4775
97.32,7.9451,-18.2526,14.72,72.127,2.8447,256.9511
97.34,7.9291,-18.3473,14.3553,73.2911,2.6023,256.3041
97.36,7.9041,-18.4362,14.0921,74.199,2.4419,256.1751
97.38,7.8915,-18.519,13.7708,75.2129,2.4295,256.2937
97.4,7.8632,-18.6312,13.3941,76.481,2.4466,256.6042
97.42,7.8528,-18.7334,12.9658,77.8246,2.8119,257.362
97.43999,7.8594,-18.8978,11.9751,80.812,5.009,260.8894
97.46,7.8672,-18.9872,11.404,82.5169,7.3106,264.0308
97.48,7.8808,-19.04,10.7952,84.2353,11.7911,269.326
97.5,7.9151,-19.0471,10.1433,85.933,21.2291,279.473
97.52,7.9432,-19.0303,9.4511,87.484,45.2282,304.0171
97.54,8.055,-18.8817,8.1315,86.8165,128.1898,27.5083
97.56,8.1473,-18.7145,7.1409,84.3254,147.5497,47.4437
97.57999,8.2294,-18.5241,6.3487,82.1494,153.2013,53.7193
97.6,8.3255,-18.3124,5.5404,79.8563,156.5195,57.5388
97.62,8.4184,-18.0689,4.7412,77.5079,158.54,59.8391
97.64,8.6064,-17.5072,3.2079,72.8459,160.7279,62.2585
97.66,8.6951,-17.2005,2.4941,70.61,161.3822,62.9974
97.68,8.7808,-16.8833,1.8209,68.4413,161.8991,63.5406
97.7,8.8546,-16.5666,1.2022,66.4009,162.3569,63.9869
97.72,8.9239,-16.2502,0.643,64.5266,162.6883,64.2648
97.74,9.0289,-15.6747,-0.2856,61.281,163.3004,64.5931
97.75999,9.0647,-15.4312,-0.6462,59.9786,163.5679,64.7333
97.78,9.0933,-15.2266,-0.9402,58.9058,163.8139,64.8751
97.8,9.115,-15.066,-1.163,58.1016,164.0188,65.0052
97.82,9.1245,-14.9604,-1.3136,57.5698,164.2241,65.1681
97.84,9.1248,-14.9079,-1.3997,57.3099,164.4823,65.313
97.86,9.113,-14.9588,-1.3409,57.5561,164.5622,65.3058
97.88,9.0939,-15.069,-1.2054,58.0965,164.6004,65.2047
97.9,9.0656,-15.2356,-0.9957,58.8899,164.6123,65.109
97.92,9.0344,-15.4387,-0.7226,59.9239,164.558,65.0099
97.93999,8.9423,-15.9734,0.0224,62.5987,164.4023,64.6959
97.96,8.8815,-16.2901,0.4877,64.2158,164.2998,64.5074
97.98,8.8148,-16.6258,1.0154,66.0145,164.163,64.3281
98,8.7329,-16.9693,1.6093,67.9941,163.939,64.069
98.02,8.6431,-17.3153,2.2509,70.0729,163.8305,63.7422
98.04,8.4338,-17.9362,3.6858,74.5414,163.5069,62.452
98.06,8.3234,-18.2023,4.4554,76.8598,163.3625,61.373
98.07999,8.2047,-18.4297,5.2573,79.2451,163.2757,60.1944
98.1,8.0915,-18.6153,6.0715,81.645,163.1501,58.9081
98.12,7.9814,-18.7543,6.8984,84.0678,162.607,57.196
98.14,7.8165,-18.9039,8.5419,88.821,144.8388,37.7171
98.16,7.7679,-18.9131,9.3406,88.5989,11.8741,264.1924
98.18,7.73,-18.8927,10.1174,86.3622,359.6629,251.4721
98.2,7.7156,-18.8476,10.8519,84.1972,357.649,248.9168
98.22,7.7222,-18.7667,11.5532,82.0957,357.4474,248.1285
98.24,7.7849,-18.5287,12.8142,78.1854,358.3428,248.3344
98.25999,7.8349,-18.381,13.3714,76.3911,359.084,249.0337
98.28,7.8986,-18.2204,13.8772,74.712,359.8733,249.889
98.3,7.9547,-18.0755,14.327,73.2396,0.5162,250.6833
98.32,8.0342,-17.9117,14.7259,71.8507,1.3432,251.6517
98.34,8.1555,-17.7166,15.326,69.8367,2.4626,252.9779
98.36,8.2136,-17.6681,15.5273,69.1758,2.9064,253.3768
98.38,8.2582,-17.62,15.6856,68.6841,3.2692,253.5645
98.4,8.3129,-17.6092,15.7697,68.4137,3.6258,253.7089
98.42,8.3495,-17.6352,15.7832,68.4217,3.871,253.8192
98.43999,8.3932,-17.7223,15.6337,69.009,4.0841,253.7403
98.46,8.4047,-17.8119,15.4417,69.713,4.1206,253.594
98.48,8.4171,-17.9321,15.1858,70.6191,4.2416,253.6199
98.5,8.4292,-18.0466,14.8838,71.6306,4.568,254.1249
98.52,8.4362,-18.2074,14.5028,72.8933,4.8641,254.7692
98.54,8.4311,-18.4474,13.7127,75.4051,6.017,256.748
98.56,8.4247,-18.5963,13.0315,77.477,7.5106,258.9633
98.57999,8.4333,-18.6753,12.4152,79.2867,9.6148,261.6841
98.6,8.4332,-18.7521,11.7385,81.2517,12.8649,265.7043
98.62,8.4458,-18.7951,11.0039,83.2588,18.7941,272.4391
98.64,8.4863,-18.751,9.4361,86.6385,55.2041,310.6729
98.66,8.5252,-18.6683,8.6029,86.8524,97.4473,353.8084
98.68,8.5641,-18.5547,7.7446,85.5038,128.7494,26.0409
98.7,8.6105,-18.3867,6.884,83.4807,143.256,41.401
98.72,8.6477,-18.1928,6.0199,81.1927,150.9194,49.7988
98.74,8.7452,-17.6492,4.344,76.507,157.5967,57.4462
98.75999,8.7783,-17.3481,3.5487,74.1781,159.688,59.8783
98.78,8.8142,-17.0137,2.8006,71.9489,161.0415,61.3982
98.8,8.8324,-16.6805,2.1068,69.7913,162.1828,62.6648
98.82,8.846,-16.3536,1.4652,67.7453,163.1741,63.7136
98.84,8.8479,-15.7493,0.3804,64.1571,164.7429,65.4196
98.86,8.8342,-15.4926,-0.0547,62.6682,165.4029,66.0719
98.88,8.8212,-15.2673,-0.415,61.4266,165.9628,66.5181
98.9,8.8044,-15.0806,-0.6987,60.4421,166.4669,66.8114
98.92,8.7752,-14.9427,-0.8966,59.7327,166.8953,66.9559
98.93999,8.7231,-14.8224,-1.0673,59.1271,167.5307,67.0925
98.96,8.6969,-14.8484,-1.0422,59.2307,167.7316,67.1678
98.98,8.6728,-14.9209,-0.9524,59.5697,167.8512,67.218
99,8.6427,-15.0665,-0.7634,60.2715,167.9121,67.2893
99.02,8.6152,-15.2522,-0.5179,61.1664,167.9344,67.3419
99.04,8.5545,-15.7364,0.1839,63.6648,167.7874,67.2187
99.06,8.5197,-16.0236,0.6366,65.2178,167.6362,67.0385
99.07999,8.4814,-16.3311,1.1512,66.9622,167.443,66.8225
99.1,8.4385,-16.652,1.7255,68.8577,167.2287,66.5276
99.12,8.3912,-16.9783,2.3515,70.858,166.9678,66.0686
99.14,8.2855,-17.602,3.7454,75.1646,166.304,64.7707
99.16,8.2369,-17.8847,4.4947,77.4191,165.7552,63.7112
99.18,8.174,-18.1381,5.2808,79.7068,164.9422,62.3233
99.2,8.1299,-18.3604,6.072,81.9967,163.6014,60.2755
99.22,8.0798,-18.5423,6.8806,84.2801,160.915,56.8727
99.24,8.0148,-18.797,8.4751,88.4712,126.925,21.525
99.25999,8.0037,-18.8588,9.2493,88.3725,37.8462,291.8107
99.28,8.0005,-18.8997,9.993,86.506,13.5092,266.8759
99.3,8.0077,-18.8912,10.7084,84.501,7.4446,260.278
99.32,8.0211,-18.8673,11.3823,82.572,5.0205,257.4658
99.34,8.0838,-18.7303,12.5929,78.952,3.7315,255.6559
99.36,8.1107,-18.6352,13.1253,77.33,3.6303,255.3962
99.38,8.146,-18.5368,13.5985,75.8663,3.5666,255.2053
99.4,8.1786,-18.4035,14.0241,74.4573,3.6387,255.1945
99.42,8.2041,-18.2907,14.3827,73.2943,3.7007,255.1741
99.43999,8.2327,-18.0788,14.9217,71.4753,3.6722,254.9365
99.46,8.2391,-17.996,15.0973,70.8616,3.6354,254.7793
99.48,8.2475,-17.93,15.2092,70.4372,3.6005,254.5778
99.5,8.222,-17.8976,15.2718,70.236,3.3579,254.1968
99.52,8.2174,-17.8904,15.2581,70.2416,3.2558,253.9552
99.54,8.174,-17.9371,15.1152,70.7342,2.8371,253.4963
99.56,8.1237,-18.0324,14.8683,71.586,2.3951,253.1661
99.57999,8.0924,-18.0965,14.6252,72.3498,2.1806,253.144
99.6,8.0709,-18.1929,14.3117,73.34,2.0983,253.3855
99.62,8.0228,-18.2913,13.951,74.4816,1.9464,253.8303
99.64,7.9579,-18.4531,13.0695,77.093,2.4674,255.967
99.66,7.9447,-18.5247,12.5337,78.668,3.3292,257.6437
99.68,7.9166,-18.5648,11.9627,80.2911,4.5089,259.6449
99.7,7.9015,-18.59,11.3255,82.1097,6.7199,262.6495
99.72,7.9174,-18.5781,10.64,83.9761,11.311,268.0046
99.74,7.962,-18.4684,9.1675,87.3872,46.0747,304.7085
99.75999,8.0033,-18.3761,8.3894,87.6467,98.1958,358.077
99.78,8.0679,-18.2368,7.5946,86.1971,131.0102,32.1837
99.8,8.1221,-18.0973,6.7751,84.1226,144.9336,47.3749
99.82,8.1966,-17.9064,5.9534,81.848,150.978,54.4016
99.84,8.3488,-17.4111,4.3428,77.1694,156.5141,61.2999
99.86,8.418,-17.1136,3.5797,74.8813,158.0773,63.428
99.88,8.4894,-16.7905,2.8498,72.6472,159.2627,64.9796
99.9,8.5477,-16.4563,2.1655,70.4628,160.2476,66.1072
99.92,8.601,-16.1202,1.5327,68.4027,161.097,66.9955
99.93999,8.6862,-15.4955,0.4393,64.6925,162.4454,68.3428
99.96,8.7202,-15.2241,-0.0096,63.1121,162.9836,68.9024
99.98,8.745,-14.9988,-0.3922,61.7333,163.4865,69.4281
100,8.7663,-14.81,-0.6999,60.6235,163.8887,69.7832
100.02,8.7796,-14.6675,-0.9305,59.7746,164.2125,69.9572
100.04,8.7916,-14.5393,-1.1621,58.9021,164.7152,69.9046
100.06,8.7931,-14.5515,-1.1584,58.914,164.8312,69.7665
100.08,8.7905,-14.6134,-1.0847,59.1879,164.8751,69.6704
100.1,8.7884,-14.7383,-0.9165,59.8003,164.7777,69.4975
100.12,8.7806,-14.9108,-0.6838,60.6594,164.6147,69.3109
100.14,8.752,-15.3858,-0.0175,63.012,164.0746,68.682
100.16,8.7312,-15.674,0.4128,64.5016,163.6932,68.2647
100.18,8.7026,-15.9839,0.9075,66.1785,163.2098,67.7524
100.2,8.6647,-16.3132,1.463,68.0225,162.7019,67.2615
100.22,8.6191,-16.6531,2.071,69.9812,162.0936,66.6219
100.24,8.5163,-17.3257,3.4141,74.1334,160.4184,64.4469
100.26,8.4577,-17.6528,4.1378,76.282,159.3227,63.093
